,0,1,2,3,4,5,6,7,8,9,10,11,12,13,14,15,16,17,18,19,20,21,22,23,24,25,26,27,28,29,30,31,32,33,34,35,36,37,38,39,40,41,42,43,44,45,46,47,48,49,50,51,52,53,54,55,56,57,58,59,60,61,62,63,64,65,66,67,68,69,70,71,72,73,74,75,76,77,78,79,80,81,82,83,84,85,86,87,88,89,90,91,92,93,94,95,96,97,98,99,100,101,102,103,104,105,106,107,108,109,110,111,112,113,114,115,116,117,118,119,120,121,122,123,124,125,126,127,128,129,130,131,132,133,134,135,136,137,138,139,140,141,142,143,144,145,146,147,148,149,150,151,152,153,154,155,156,157,158,159,160,161,162,163,164,165,166,167,168,169,170,171,172,173,174,175,176,177,178,179,180,181,182,183,184,185,186,187,188,189,190,191,192,193,194,195,196,197,198,199,200,201,202,203,204,205,206,207,208,209,210,211,212,213,214,215,216,217,218,219,220,221,222,223,224,225,226,227,228,229,230,231,232,233,234,235,236,237,238,239,240,241,242,243,244,245,246,247,248,249,250,251,252,253,254,255,256,257,258,259,260,261,262,263,264,265,266,267,268,269,270,271,272,273,274,275,276,277,278,279,280,281,282,283,284,285,286,287,288,289,290,291,292,293,294,295,296,297,298,299,300,301,302,303,304,305,306,307,308,309,310,311,312,313,314,315,316,317,318,319,320,321,322,323,324,325,326,327,328,329,330,331,332,333,334,335,336,337,338,339,340,341,342,343,344,345,346,347,348,349,350,351,352,353,354,355,356,357,358,359,360,361,362,363,364,365,366,367,368,369,370,371,372,373,374,375,376,377,378,379,380,381,382,383,384,385,386,387,388,389,390,391,392,393,394,395,396,397,398,399,400,401,402,403,404,405,406,407,408,409,410,411,412,413,414,415,416,417,418,419,420,421,422,423,424,425,426,427,428,429,430,431,432,433,434,435,436,437,438,439,440,441,442,443,444,445,446,447,448,449,450,451,452,453,454,455,456,457,458,459,460,461,462,463,464,465,466,467,468,469,470,471,472,473,474,475,476,477,478,479,480,481,482,483,484,485,486,487,488,489,490,491,492,493,494,495,496,497,498,499,500,501,502,503,504,505,506,507,508,509,510,511,512,513,514,515,516,517,518,519,520,521,522,523,524,525,526,527,528,529,530,531,532,533,534,535,536,537,538,539,540,541,542,543,544,545,546,547,548,549,550,551,552,553,554,555,556,557,558,559,560,561,562,563,564,565,566,567,568,569,570,571,572,573,574,575,576,577,578,579,580,581,582,583,584,585,586,587,588,589,590,591,592,593,594,595,596,597,598,599,600,601,602,603,604,605,606,607,608,609,610,611,612,613,614,615,616,617,618,619,620,621,622,623,624,625,626,627,628,629,630,631,632,633,634,635,636,637,638,639,640,641,642,643,644,645,646,647,648,649,650,651,652,653,654,655,656,657,658,659,660,661,662,663,664,665,666,667,668,669,670,671,672,673,674,675,676,677,678,679,680,681,682,683,684,685,686,687,688,689,690,691,692,693,694,695,696,697,698,699,700,701,702,703,704,705,706,707,708,709,710,711,712,713,714,715,716,717,718,719,720,721,722,723,724,725,726,727,728,729,730,731,732,733,734,735,736,737,738,739,740,741,742,743,744,745,746,747,748,749,750,751,752,753,754,755,756,757,758,759,760,761,762,763,764,765,766,767,768,769,770,771,772,773,774,775,776,777,778,779,780,781,782,783,784,785,786,787,788,789,790,791,792,793,794,795,796,797,798,799,800,801,802,803,804,805,806,807,808,809,810,811,812,813,814,815,816,817,818,819,820,821,822,823,824,825,826,827,828,829,830,831,832,833,834,835,836,837,838,839,840,841,842,843,844,845,846,847,848,849,850,851,852,853,854,855,856,857,858,859,860,861,862,863,864,865,866,867,868,869,870,871,872,873,874,875,876,877,878,879,880,881,882,883,884,885,886,887,888,889,890,891,892,893,894,895,896,897,898,899,900,901,902,903,904,905,906,907,908,909,910,911,912,913,914,915,916,917,918,919,920,921,922,923,924,925,926,927,928,929,930,931,932,933,934,935,936,937,938,939,940,941,942,943,944,945,946,947,948,949,950,951,952,953,954,955,956,957,958,959,960,961,962,963,964,965,966,967,968,969,970,971,972,973,974,975,976,977,978,979,980,981,982,983,984,985,986,987,988,989,990,991,992,993,994,995,996,997,998,999,1000,1001,1002,1003,1004,1005,1006,1007,1008,1009,1010,1011,1012,1013,1014,1015,1016,1017,1018,1019,1020,1021,1022,1023,1024,1025,1026,1027,1028,1029,1030,1031,1032,1033,1034,1035,1036,1037,1038,1039,1040,1041,1042,1043,1044,1045,1046,1047,1048,1049,1050,1051,1052,1053,1054,1055,1056,1057,1058,1059,1060,1061,1062,1063,1064,1065,1066,1067,1068,1069,1070,1071,1072,1073,1074,1075,1076,1077,1078,1079,1080,1081,1082,1083,1084,1085,1086,1087,1088,1089,1090,1091,1092,1093,1094,1095,1096,1097,1098,1099,1100,1101,1102,1103,1104,1105,1106,1107,1108,1109,1110,1111,1112,1113,1114,1115,1116,1117,1118,1119,1120,1121,1122,1123,1124,1125,1126,1127,1128,1129,1130,1131,1132,1133,1134,1135,1136,1137,1138,1139,1140,1141,1142,1143,1144,1145,1146,1147,1148,1149,1150,1151,1152,1153,1154,1155,1156,1157,1158,1159,1160,1161,1162,1163,1164,1165,1166,1167,1168,1169,1170,1171,1172,1173,1174,1175,1176,1177,1178,1179,1180,1181,1182,1183,1184,1185,1186,1187,1188,1189,1190,1191,1192,1193,1194,1195,1196,1197,1198,1199,1200,1201,1202,1203,1204,1205,1206,1207,1208,1209,1210,1211,1212,1213,1214,1215,1216,1217,1218,1219,1220,1221,1222,1223,1224,1225,1226,1227,1228,1229,1230,1231,1232,1233,1234,1235,1236,1237,1238,1239,1240,1241,1242,1243,1244,1245,1246,1247,1248,1249,1250,1251,1252,1253,1254,1255,1256,1257,1258,1259,1260,1261,1262,1263,1264,1265,1266,1267,1268,1269,1270,1271,1272,1273,1274,1275,1276,1277,1278,1279,1280,1281,1282,1283,1284,1285,1286,1287,1288,1289,1290,1291,1292,1293,1294,1295,1296,1297,1298,1299,1300,1301,1302,1303,1304,1305,1306,1307,1308,1309,1310,1311,1312,1313,1314,1315,1316,1317,1318,1319,1320,1321,1322,1323,1324,1325,1326,1327,1328,1329,1330,1331,1332,1333,1334,1335,1336,1337,1338,1339,1340,1341,1342,1343,1344,1345,1346,1347,1348,1349,1350,1351,1352,1353,1354,1355,1356,1357,1358,1359,1360,1361,1362,1363,1364,1365,1366,1367,1368,1369,1370,1371,1372,1373,1374,1375,1376,1377,1378,1379,1380,1381,1382,1383,1384,1385,1386,1387,1388,1389,1390,1391,1392,1393,1394,1395,1396,1397,1398,1399,1400,1401,1402,1403,1404,1405,1406,1407,1408,1409,1410,1411,1412,1413,1414,1415,1416,1417,1418,1419,1420,1421,1422,1423,1424,1425,1426,1427,1428,1429,1430,1431,1432,1433,1434,1435,1436,1437,1438,1439,1440,1441,1442,1443,1444,1445,1446,1447,1448,1449,1450,1451,1452,1453,1454,1455,1456,1457,1458,1459,1460,1461,1462,1463,1464,1465,1466,1467,1468,1469,1470,1471,1472,1473,1474,1475,1476,1477,1478,1479,1480,1481,1482,1483,1484,1485,1486,1487,1488,1489,1490,1491,1492,1493,1494,1495,1496,1497,1498,1499,1500,1501,1502,1503,1504,1505,1506,1507,1508,1509,1510,1511,1512,1513,1514,1515,1516,1517,1518,1519,1520,1521,1522,1523,1524,1525,1526,1527,1528,1529,1530,1531,1532,1533,1534,1535,1536,1537,1538,1539,1540,1541,1542,1543,1544,1545,1546,1547,1548,1549,1550,1551,1552,1553,1554,1555,1556,1557,1558,1559,1560,1561,1562,1563,1564,1565,1566,1567,1568,1569,1570,1571,1572,1573,1574,1575,1576,1577,1578,1579,1580,1581,1582,1583,1584,1585,1586,1587,1588,1589,1590,1591,1592,1593,1594,1595,1596,1597,1598,1599,1600,1601,1602,1603,1604,1605,1606,1607,1608,1609,1610,1611,1612,1613,1614,1615,1616,1617,1618,1619,1620,1621,1622,1623,1624,1625,1626,1627,1628,1629,1630,1631,1632,1633,1634,1635,1636,1637,1638,1639,1640,1641,1642,1643,1644,1645,1646,1647,1648,1649,1650,1651,1652,1653,1654,1655,1656,1657,1658,1659,1660,1661,1662,1663,1664,1665,1666,1667,1668,1669,1670,1671,1672,1673,1674,1675,1676,1677,1678,1679,1680,1681,1682,1683,1684,1685,1686,1687,1688,1689,1690,1691,1692,1693,1694,1695,1696,1697,1698,1699,1700,1701,1702,1703,1704,1705,1706,1707,1708,1709,1710,1711,1712,1713,1714,1715,1716,1717,1718,1719,1720,1721,1722,1723,1724,1725,1726,1727,1728,1729,1730,1731,1732,1733,1734,1735,1736,1737,1738,1739,1740,1741,1742,1743,1744,1745,1746,1747,1748,1749,1750,1751,1752,1753,1754,1755,1756,1757,1758,1759,1760,1761,1762,1763,1764,1765,1766,1767,1768,1769,1770,1771,1772,1773,1774,1775,1776,1777,1778,1779,1780,1781,1782,1783,1784,1785,1786,1787,1788,1789,1790,1791,1792,1793,1794,1795,1796,1797,1798,1799,1800,1801,1802,1803,1804,1805,1806,1807,1808,1809,1810,1811,1812,1813,1814,1815,1816,1817,1818,1819,1820,1821,1822,1823,1824,1825,1826,1827,1828,1829,1830,1831,1832,1833,1834,1835,1836,1837,1838,1839,1840,1841,1842,1843,1844,1845,1846,1847,1848,1849,1850,1851,1852,1853,1854,1855,1856,1857,1858,1859,1860,1861,1862,1863,1864,1865,1866,1867,1868,1869,1870,1871,1872,1873,1874,1875,1876,1877,1878,1879,1880,1881,1882,1883,1884,1885,1886,1887,1888,1889,1890,1891,1892,1893,1894,1895,1896,1897,1898,1899,1900,1901,1902,1903,1904,1905,1906,1907,1908,1909,1910,1911,1912,1913,1914,1915,1916,1917,1918,1919,1920,1921,1922,1923,1924,1925,1926,1927,1928,1929,1930,1931,1932,1933,1934,1935,1936,1937,1938,1939,1940,1941,1942,1943,1944,1945,1946,1947,1948,1949,1950,1951,1952,1953,1954,1955,1956,1957,1958,1959,1960,1961,1962,1963,1964,1965,1966,1967,1968,1969,1970,1971,1972,1973,1974,1975,1976,1977,1978,1979,1980,1981,1982,1983,1984,1985,1986,1987,1988,1989,1990,1991,1992,1993,1994,1995,1996,1997,1998,1999,2000,2001,2002,2003,2004,2005,2006,2007,2008,2009,2010,2011,2012,2013,2014,2015,2016,2017,2018,2019,2020,2021,2022,2023,2024,2025,2026,2027,2028,2029,2030,2031,2032,2033,2034,2035,2036,2037,2038,2039,2040,2041,2042,2043,2044,2045,2046,2047,2048,2049,2050,2051,2052,2053,2054,2055,2056,2057,2058,2059,2060,2061,2062,2063,2064,2065,2066,2067,2068,2069,2070,2071,2072,2073,2074,2075,2076,2077,2078,2079,2080,2081,2082,2083,2084,2085,2086,2087,2088,2089,2090,2091,2092,2093,2094,2095,2096,2097,2098,2099,2100,2101,2102,2103,2104,2105,2106,2107,2108,2109,2110,2111,2112,2113,2114,2115,2116,2117,2118,2119,2120,2121,2122,2123,2124,2125,2126,2127,2128,2129,2130,2131,2132,2133,2134,2135,2136,2137,2138,2139,2140,2141,2142,2143,2144,2145,2146,2147,2148,2149,2150,2151,2152,2153,2154,2155,2156,2157,2158,2159,2160,2161,2162,2163,2164,2165,2166,2167,2168,2169,2170,2171,2172,2173,2174,2175,2176,2177,2178,2179,2180,2181,2182,2183,2184,2185,2186,2187,2188,2189,2190,2191,2192,2193,2194,2195,2196,2197,2198,2199,2200,2201,2202,2203,2204,2205,2206,2207,2208,2209,2210,2211,2212,2213,2214,2215,2216,2217,2218,2219,2220,2221,2222,2223,2224,2225,2226,2227,2228,2229,2230,2231,2232,2233,2234,2235,2236,2237,2238,2239,2240,2241,2242,2243,2244,2245,2246,2247,2248,2249,2250,2251,2252,2253,2254,2255,2256,2257,2258,2259,2260,2261,2262,2263,2264,2265,2266,2267,2268,2269,2270,2271,2272,2273,2274,2275,2276,2277,2278,2279,2280,2281,2282,2283,2284,2285,2286,2287,2288,2289,2290,2291,2292,2293,2294,2295,2296,2297,2298,2299,2300,2301,2302,2303,2304,2305,2306,2307,2308,2309,2310,2311,2312,2313,2314,2315,2316,2317,2318,2319,2320,2321,2322,2323,2324,2325,2326,2327,2328,2329,2330,2331,2332,2333,2334,2335,2336,2337,2338,2339,2340,2341,2342,2343,2344,2345,2346,2347,2348,2349,2350,2351,2352,2353,2354,2355,2356,2357,2358,2359,2360,2361,2362,2363,2364,2365,2366,2367,2368,2369,2370,2371,2372,2373,2374,2375,2376,2377,2378,2379,2380,2381,2382,2383,2384,2385,2386,2387,2388,2389,2390,2391,2392,2393,2394,2395,2396,2397,2398,2399,2400,2401,2402,2403,2404,2405,2406,2407,2408,2409,2410,2411,2412,2413,2414,2415,2416,2417,2418,2419,2420,2421,2422,2423,2424,2425,2426,2427,2428,2429,2430,2431,2432,2433,2434,2435,2436,2437,2438,2439,2440,2441,2442,2443,2444,2445,2446,2447,2448,2449,2450,2451,2452,2453,2454,2455,2456,2457,2458,2459,2460,2461,2462,2463,2464,2465,2466,2467,2468,2469,2470,2471,2472,2473,2474,2475,2476,2477,2478,2479,2480,2481,2482,2483,2484,2485,2486,2487,2488,2489,2490,2491,2492,2493,2494,2495,2496,2497,2498,2499,2500,2501,2502,2503,2504,2505,2506,2507,2508,2509,2510,2511,2512,2513,2514,2515,2516,2517,2518,2519,2520,2521,2522,2523,2524,2525,2526,2527,2528,2529,2530,2531,2532,2533,2534,2535,2536,2537,2538,2539,2540,2541,2542,2543,2544,2545,2546,2547,2548,2549,2550,2551,2552,2553,2554,2555,2556,2557,2558,2559,2560,2561,2562,2563,2564,2565,2566,2567,2568,2569,2570,2571,2572,2573,2574,2575,2576,2577,2578,2579,2580,2581,2582,2583,2584,2585,2586,2587,2588,2589,2590,2591,2592,2593,2594,2595,2596,2597,2598,2599,2600,2601,2602,2603,2604,2605,2606,2607,2608,2609,2610,2611,2612,2613,2614,2615,2616,2617,2618,2619,2620,2621,2622,2623,2624,2625,2626,2627,2628,2629,2630,2631,2632,2633,2634,2635,2636,2637,2638,2639,2640,2641,2642,2643,2644,2645,2646,2647,2648,2649,2650,2651,2652,2653,2654,2655,2656,2657,2658,2659,2660,2661,2662,2663,2664,2665,2666,2667,2668,2669,2670,2671,2672,2673,2674,2675,2676,2677,2678,2679,2680,2681,2682,2683,2684,2685,2686,2687,2688,2689,2690,2691,2692,2693,2694,2695,2696,2697,2698,2699,2700,2701,2702,2703,2704,2705,2706,2707,2708,2709,2710,2711,2712,2713,2714,2715,2716,2717,2718,2719,2720,2721,2722,2723,2724,2725,2726,2727,2728,2729,2730,2731,2732,2733,2734,2735,2736,2737,2738,2739,2740,2741,2742,2743,2744,2745,2746,2747,2748,2749,2750,2751,2752,2753,2754,2755,2756,2757,2758,2759,2760,2761,2762,2763,2764,2765,2766,2767,2768,2769,2770,2771,2772,2773,2774,2775,2776,2777,2778,2779,2780,2781,2782,2783,2784,2785,2786,2787,2788,2789,2790,2791,2792,2793,2794,2795,2796,2797,2798,2799,2800,2801,2802,2803,2804,2805,2806,2807,2808,2809,2810,2811,2812,2813,2814,2815,2816,2817,2818,2819,2820,2821,2822,2823,2824,2825,2826,2827,2828,2829,2830,2831,2832,2833,2834,2835,2836,2837,2838,2839,2840,2841,2842,2843,2844,2845,2846,2847,2848,2849,2850,2851,2852,2853,2854,2855,2856,2857,2858,2859,2860,2861,2862,2863,2864,2865,2866,2867,2868,2869,2870,2871,2872,2873,2874,2875,2876,2877,2878,2879,2880,2881,2882,2883,2884,2885,2886,2887,2888,2889,2890,2891,2892,2893,2894,2895,2896,2897,2898,2899,2900,2901,2902,2903,2904,2905,2906,2907,2908,2909,2910,2911,2912,2913,2914,2915,2916,2917,2918,2919,2920,2921,2922,2923,2924,2925,2926,2927,2928,2929,2930,2931,2932,2933,2934,2935,2936,2937,2938,2939,2940,2941,2942,2943,2944,2945,2946,2947,2948,2949,2950,2951,2952,2953,2954,2955,2956,2957,2958,2959,2960,2961,2962,2963,2964,2965,2966,2967,2968,2969,2970,2971,2972,2973,2974,2975,2976,2977,2978,2979,2980,2981,2982,2983,2984,2985,2986,2987,2988,2989,2990,2991,2992,2993,2994,2995,2996,2997,2998,2999,3000,3001,3002,3003,3004,3005,3006,3007,3008,3009,3010,3011,3012,3013,3014,3015,3016,3017,3018,3019,3020,3021,3022,3023,3024,3025,3026,3027,3028,3029,3030,3031,3032,3033,3034,3035,3036,3037,3038,3039,3040,3041,3042,3043,3044,3045,3046,3047,3048,3049,3050,3051,3052,3053,3054,3055,3056,3057,3058,3059,3060,3061,3062,3063,3064,3065,3066,3067,3068,3069,3070,3071,3072,3073,3074,3075,3076,3077,3078,3079,3080,3081,3082,3083,3084,3085,3086,3087,3088,3089,3090,3091,3092,3093,3094,3095,3096,3097,3098,3099,3100,3101,3102,3103,3104,3105,3106,3107,3108,3109,3110,3111,3112,3113,3114,3115,3116,3117,3118,3119,3120,3121,3122,3123,3124,3125,3126,3127,3128,3129,3130,3131,3132,3133,3134,3135,3136,3137,3138,3139,3140,3141,3142,3143,3144,3145,3146,3147,3148,3149,3150,3151,3152,3153,3154,3155,3156,3157,3158,3159,3160,3161,3162,3163,3164,3165,3166,3167,3168,3169,3170,3171,3172,3173,3174,3175,3176,3177,3178,3179,3180,3181,3182,3183,3184,3185,3186,3187,3188,3189,3190,3191,3192,3193,3194,3195,3196,3197,3198,3199,3200,3201,3202,3203,3204,3205,3206,3207,3208,3209,3210,3211,3212,3213,3214,3215,3216,3217,3218,3219,3220,3221,3222,3223,3224,3225,3226,3227,3228,3229,3230,3231,3232,3233,3234,3235,3236,3237,3238,3239,3240,3241,3242,3243,3244,3245,3246,3247,3248,3249,3250,3251,3252,3253,3254,3255,3256,3257,3258,3259,3260,3261,3262,3263,3264,3265,3266,3267,3268,3269,3270,3271,3272,3273,3274,3275,3276,3277,3278,3279,3280,3281,3282,3283,3284,3285,3286,3287,3288,3289,3290,3291,3292,3293,3294,3295,3296,3297,3298,3299,3300,3301,3302,3303,3304,3305,3306,3307,3308,3309,3310,3311,3312,3313,3314,3315,3316,3317,3318,3319,3320,3321,3322,3323,3324,3325,3326,3327,3328,3329,3330,3331,3332,3333,3334,3335,3336,3337,3338,3339,3340,3341,3342,3343,3344,3345,3346,3347,3348,3349,3350,3351,3352,3353,3354,3355,3356,3357,3358,3359,3360,3361,3362,3363,3364,3365,3366,3367,3368,3369,3370,3371,3372,3373,3374,3375,3376,3377,3378,3379,3380,3381,3382,3383,3384,3385,3386,3387,3388,3389,3390,3391,3392,3393,3394,3395,3396,3397,3398,3399,3400,3401,3402,3403,3404,3405,3406,3407,3408,3409,3410,3411,3412,3413,3414,3415,3416,3417,3418,3419,3420,3421,3422,3423,3424,3425,3426,3427,3428,3429,3430,3431,3432,3433,3434,3435,3436,3437,3438,3439,3440,3441,3442,3443,3444,3445,3446,3447,3448,3449,3450,3451,3452,3453,3454,3455,3456,3457,3458,3459,3460,3461,3462,3463,3464,3465,3466,3467,3468,3469,3470,3471,3472,3473,3474,3475,3476,3477,3478,3479,3480,3481,3482,3483,3484,3485,3486,3487,3488,3489,3490,3491,3492,3493,3494,3495,3496,3497,3498,3499,3500,3501,3502,3503,3504,3505,3506,3507,3508,3509,3510,3511,3512,3513,3514,3515,3516,3517,3518,3519,3520,3521,3522,3523,3524,3525,3526,3527,3528,3529,3530,3531,3532,3533,3534,3535,3536,3537,3538,3539,3540,3541,3542,3543,3544,3545,3546,3547,3548,3549,3550,3551,3552,3553,3554,3555,3556,3557,3558,3559,3560,3561,3562,3563,3564,3565,3566,3567,3568,3569,3570,3571,3572,3573,3574,3575,3576,3577,3578,3579,3580,3581,3582,3583,3584,3585,3586,3587,3588,3589,3590,3591,3592,3593,3594,3595,3596,3597,3598,3599,3600,3601,3602,3603,3604,3605,3606,3607,3608,3609,3610,3611,3612,3613,3614,3615,3616,3617,3618,3619,3620,3621,3622,3623,3624,3625,3626,3627,3628,3629,3630,3631,3632,3633,3634,3635,3636,3637,3638,3639,3640,3641,3642,3643,3644,3645,3646,3647,3648,3649,3650,3651,3652,3653,3654,3655,3656,3657,3658,3659,3660,3661,3662,3663,3664,3665,3666,3667,3668,3669,3670,3671,3672,3673,3674,3675,3676,3677,3678,3679,3680,3681,3682,3683,3684,3685,3686,3687,3688,3689,3690,3691,3692,3693,3694,3695,3696,3697,3698,3699,3700,3701,3702,3703,3704,3705,3706,3707,3708,3709,3710,3711,3712,3713,3714,3715,3716,3717,3718,3719,3720,3721,3722,3723,3724,3725,3726,3727,3728,3729,3730,3731,3732,3733,3734,3735,3736,3737,3738,3739,3740,3741,3742,3743,3744,3745,3746,3747,3748,3749,3750,3751,3752,3753,3754,3755,3756,3757,3758,3759,3760,3761,3762,3763,3764,3765,3766,3767,3768,3769,3770,3771,3772,3773,3774,3775,3776,3777,3778,3779,3780,3781,3782,3783,3784,3785,3786,3787,3788,3789,3790,3791,3792,3793,3794,3795,3796,3797,3798,3799,3800,3801,3802,3803,3804,3805,3806,3807,3808,3809,3810,3811,3812,3813,3814,3815,3816,3817,3818,3819,3820,3821,3822,3823,3824,3825,3826,3827,3828,3829,3830,3831,3832,3833,3834,3835,3836,3837,3838,3839,3840,3841,3842,3843,3844,3845,3846,3847,3848,3849,3850,3851,3852,3853,3854,3855,3856,3857,3858,3859,3860,3861,3862,3863,3864,3865,3866,3867,3868,3869,3870,3871,3872,3873,3874,3875,3876,3877,3878,3879,3880,3881,3882,3883,3884,3885,3886,3887,3888,3889,3890,3891,3892,3893,3894,3895,3896,3897,3898,3899,3900,3901,3902,3903,3904,3905,3906,3907,3908,3909,3910,3911,3912,3913,3914,3915,3916,3917,3918,3919,3920,3921,3922,3923,3924,3925,3926,3927,3928,3929,3930,3931,3932,3933,3934,3935,3936,3937,3938,3939,3940,3941,3942,3943,3944,3945,3946,3947,3948,3949,3950,3951,3952,3953,3954,3955,3956,3957,3958,3959,3960,3961,3962,3963,3964,3965,3966,3967,3968,3969,3970,3971,3972,3973,3974,3975,3976,3977,3978,3979,3980,3981,3982,3983,3984,3985,3986,3987,3988,3989,3990,3991,3992,3993,3994,3995,3996,3997,3998,3999,4000,4001,4002,4003,4004,4005,4006,4007,4008,4009,4010,4011,4012,4013,4014,4015,4016,4017,4018,4019,4020,4021,4022,4023,4024,4025,4026,4027,4028,4029,4030,4031,4032,4033,4034,4035,4036,4037,4038,4039,4040,4041,4042,4043,4044,4045,4046,4047,4048,4049,4050,4051,4052,4053,4054,4055,4056,4057,4058,4059,4060,4061,4062,4063,4064,4065,4066,4067,4068,4069,4070,4071,4072,4073,4074,4075,4076,4077,4078,4079,4080,4081,4082,4083,4084,4085,4086,4087,4088,4089,4090,4091,4092,4093,4094,4095,4096,4097,4098,4099,4100,4101,4102,4103,4104,4105,4106,4107,4108,4109,4110,4111,4112,4113,4114,4115,4116,4117,4118,4119,4120,4121,4122,4123,4124,4125,4126,4127,4128,4129,4130,4131,4132,4133,4134,4135,4136,4137,4138,4139,4140,4141,4142,4143,4144,4145,4146,4147,4148,4149,4150,4151,4152,4153,4154,4155,4156,4157,4158,4159,4160,4161,4162,4163,4164,4165,4166,4167,4168,4169,4170,4171,4172,4173,4174,4175,4176,4177,4178,4179,4180,4181,4182,4183,4184,4185,4186,4187,4188,4189,4190,4191,4192,4193,4194,4195,4196,4197,4198,4199,4200,4201,4202,4203,4204,4205,4206,4207,4208,4209,4210,4211,4212,4213,4214,4215,4216,4217,4218,4219,4220,4221,4222,4223,4224,4225,4226,4227,4228,4229,4230,4231,4232,4233,4234,4235,4236,4237,4238,4239,4240,4241,4242,4243,4244,4245,4246,4247,4248,4249,4250,4251,4252,4253,4254,4255,4256,4257,4258,4259,4260,4261,4262,4263,4264,4265,4266,4267,4268,4269,4270,4271,4272,4273,4274,4275,4276,4277,4278,4279,4280,4281,4282,4283,4284,4285,4286,4287,4288,4289,4290,4291,4292,4293,4294,4295,4296,4297,4298,4299,4300,4301,4302,4303,4304,4305,4306,4307,4308,4309,4310,4311,4312,4313,4314,4315,4316,4317,4318,4319,4320,4321,4322,4323,4324,4325,4326,4327,4328,4329,4330,4331,4332,4333,4334,4335,4336,4337,4338,4339,4340,4341,4342,4343,4344,4345,4346,4347,4348,4349,4350,4351,4352,4353,4354,4355,4356,4357,4358,4359,4360,4361,4362,4363,4364,4365,4366,4367,4368,4369,4370,4371,4372,4373,4374,4375,4376,4377,4378,4379,4380,4381,4382,4383,4384,4385,4386,4387,4388,4389,4390,4391,4392,4393,4394,4395,4396,4397,4398,4399,4400,4401,4402,4403,4404,4405,4406,4407,4408,4409,4410,4411,4412,4413,4414,4415,4416,4417,4418,4419,4420,4421,4422,4423,4424,4425,4426,4427,4428,4429,4430,4431,4432,4433,4434,4435,4436,4437,4438,4439,4440,4441,4442,4443,4444,4445,4446,4447,4448,4449,4450,4451,4452,4453,4454,4455,4456,4457,4458,4459,4460,4461,4462,4463,4464,4465,4466,4467,4468,4469,4470,4471,4472,4473,4474,4475,4476,4477,4478,4479,4480,4481,4482,4483,4484,4485,4486,4487,4488,4489,4490,4491,4492,4493,4494,4495,4496,4497,4498,4499,4500,4501,4502,4503,4504,4505,4506,4507,4508,4509,4510,4511,4512,4513,4514,4515,4516,4517,4518,4519,4520,4521,4522,4523,4524,4525,4526,4527,4528,4529,4530,4531,4532,4533,4534,4535,4536,4537,4538,4539,4540,4541,4542,4543,4544,4545,4546,4547,4548,4549,4550,4551,4552,4553,4554,4555,4556,4557,4558,4559,4560,4561,4562,4563,4564,4565,4566,4567,4568,4569,4570,4571,4572,4573,4574,4575,4576,4577,4578,4579,4580,4581,4582,4583,4584,4585,4586,4587,4588,4589,4590,4591,4592,4593,4594,4595,4596,4597,4598,4599,4600,4601,4602,4603,4604,4605,4606,4607,4608,4609,4610,4611,4612,4613,4614,4615,4616,4617,4618,4619,4620,4621,4622,4623,4624,4625,4626,4627,4628,4629,4630,4631,4632,4633,4634,4635,4636,4637,4638,4639,4640,4641,4642,4643,4644,4645,4646,4647,4648,4649,4650,4651,4652,4653,4654,4655,4656,4657,4658,4659,4660,4661,4662,4663,4664,4665,4666,4667,4668,4669,4670,4671,4672,4673,4674,4675,4676,4677,4678,4679,4680,4681,4682,4683,4684,4685,4686,4687,4688,4689,4690,4691,4692,4693,4694,4695,4696,4697,4698,4699,4700,4701,4702,4703,4704,4705,4706,4707,4708,4709,4710,4711,4712,4713,4714,4715,4716,4717,4718,4719,4720,4721,4722,4723,4724,4725,4726,4727,4728,4729,4730,4731,4732,4733,4734,4735,4736,4737,4738,4739,4740,4741,4742,4743,4744,4745,4746,4747,4748,4749,4750,4751,4752,4753,4754,4755,4756,4757,4758,4759,4760,4761,4762,4763,4764,4765,4766,4767,4768,4769,4770,4771,4772,4773,4774,4775,4776,4777,4778,4779,4780,4781,4782,4783,4784,4785,4786,4787,4788,4789,4790,4791,4792,4793,4794,4795,4796,4797,4798,4799,4800,4801,4802,4803,4804,4805,4806,4807,4808,4809,4810,4811,4812,4813,4814,4815,4816,4817,4818,4819,4820,4821,4822,4823,4824,4825,4826,4827,4828,4829,4830,4831,4832,4833,4834,4835,4836,4837,4838,4839,4840,4841,4842,4843,4844,4845,4846,4847,4848,4849,4850,4851,4852,4853,4854,4855,4856,4857,4858,4859,4860,4861,4862,4863,4864,4865,4866,4867,4868,4869,4870,4871,4872,4873,4874,4875,4876,4877,4878,4879,4880,4881,4882,4883,4884,4885,4886,4887,4888,4889,4890,4891,4892,4893,4894,4895,4896,4897,4898,4899,4900,4901,4902,4903,4904,4905,4906,4907,4908,4909,4910,4911,4912,4913,4914,4915,4916,4917,4918,4919,4920,4921,4922,4923,4924,4925,4926,4927,4928,4929,4930,4931,4932,4933,4934,4935,4936,4937,4938,4939,4940,4941,4942,4943,4944,4945,4946,4947,4948,4949,4950,4951,4952,4953,4954,4955,4956,4957,4958,4959,4960,4961,4962,4963,4964,4965,4966,4967,4968,4969,4970,4971,4972,4973,4974,4975,4976,4977,4978,4979,4980,4981,4982,4983,4984,4985,4986,4987,4988,4989,4990,4991,4992,4993,4994,4995,4996,4997,4998,4999,5000,5001,5002,5003,5004,5005,5006,5007,5008,5009,5010,5011,5012,5013,5014,5015,5016,5017,5018,5019,5020,5021,5022,5023,5024,5025,5026,5027,5028,5029,5030,5031,5032,5033,5034,5035,5036,5037,5038,5039,5040,5041,5042,5043,5044,5045,5046,5047,5048,5049,5050,5051,5052,5053,5054,5055,5056,5057,5058,5059,5060,5061,5062,5063,5064,5065,5066,5067,5068,5069,5070,5071,5072,5073,5074,5075,5076,5077,5078,5079,5080,5081,5082,5083,5084,5085,5086,5087,5088,5089,5090,5091,5092,5093,5094,5095,5096,5097,5098,5099,5100,5101,5102,5103,5104,5105,5106,5107,5108,5109,5110,5111,5112,5113,5114,5115,5116,5117,5118,5119,5120,5121,5122,5123,5124,5125,5126,5127,5128,5129,5130,5131,5132,5133,5134,5135,5136,5137,5138,5139,5140,5141,5142,5143,5144,5145,5146,5147,5148,5149,5150,5151,5152,5153,5154,5155,5156,5157,5158,5159,5160,5161,5162,5163,5164,5165,5166,5167,5168,5169,5170,5171,5172,5173,5174,5175,5176,5177,5178,5179,5180,5181,5182,5183,5184
0,0.0,1.881740528436765,0.7990286261718859,3.9894053932193705,-0.17474272843208283,-1.0837370114759888,0.8184282429511521,-2.098045963653545,-2.2572195508519073,0.4860443974083907,0.13819168034379603,-1.1604644260012904,-1.1621617420164982,1.6073057862551412,0.6550428130724901,2.1981500719799563,-1.602197243960937,0.8416216815941809,4.6692443297623205,1.4921180616625846,0.3656583476519919,1.5042011417297234,2.3786289114877235,-8.00690436590908,-5.044767792305924,1.6229281525136567,0.8554403911017603,4.146064370062524,2.0922522690236804,-0.5081887167769743,1.86988435393517,-0.39420466163466183,0.775760911426774,2.7042489029418033,0.8765052668674542,-4.329622643451156,-4.050874388287532,1.4470746857929653,2.1562040129555946,6.374181968909418,1.6925874774853291,-1.3856760747651002,-0.8645825394618046,-1.0342335730432557,-2.117745771062129,2.158572104607361,-2.9018732295287943,-5.434973335672761,0.034373884701252515,1.3995944444786501,-0.10955512385305063,3.059878837924585,-4.034707042599566,-2.939479544139742,1.5698897098393514,-2.7199813741301972,-5.734021953191704,-4.869265313281009,1.2287543724645236,-3.3549609371904854,-6.385401220806303,1.5138302279402396,2.503593930923697,2.6489701158243184,1.1295263451499917,0.9082378347322344,-0.3053762763233386,-1.2871235275821187,-3.418739903275999,-3.417467541360759,-0.7501252838636744,-4.585529088994882,-2.7404469408242096,1.424551481773964,0.19274154458310933,3.135150518702422,2.6717774984351843,-3.3516439165122542,-2.9505456360326723,0.817746085370878,3.4805693587492783,0.13174807984183012,0.08760839205437389,-3.036161844528048,-0.8190684448026682,1.4531679149857324,1.1904645020213758,5.496261127608782,0.8772094709876408,-2.0660247528720825,-1.876567567849554,-3.4490909632801836,-5.314744211700042,3.027173786802819,0.18117330512308225,-3.1663649162763687,0.9177446813382333,1.6471120884383268,1.91787161735683,5.612917390027851,1.692170009410603,-2.350524337270422,-2.3145292355855904,-5.620581221364837,-5.377540015583413,2.5050970550259906,-2.5893819605231414,-5.885611331337268,-1.0159907625632907,1.6672744172133944,0.751474764082792,5.524306096770031,1.954585941853328,0.9048805396498318,-3.0358198705967325,-4.031591004624949,-2.7313625362989327,-0.9289716807412673,0.5366893726852737,-6.599243923471846,-5.176918423588817,1.6764075802349234,-0.35291301797925134,2.104960060726574,0.6108544131461074,0.5431306594361787,1.2274479305650623,3.2396446057616988,2.6467832160068827,1.9732172995046293,-0.3040264768638462,-5.213069877556906,-4.685416395430317,1.9852016539838988,0.8146413376808418,0.24142632146364693,0.43646322076986455,-1.5601719925269817,-1.9616418992448577,-0.34846630526646466,3.7449589697450816,3.941873399791534,-4.987068176306183,0.10438418069030109,1.5610504505243181,1.5841824939468285,-0.4561025666811953,2.8166277670259134,4.419809315855684,1.8300691892133085,1.644846297877977,-0.28730026028217015,-3.28661814471344,-0.07215224021471207,-1.7051998600813816,-0.5893275204950973,-1.577076164423091,2.154935622292187,1.196495727050027,3.2817126128067806,-0.631759540656515,-0.9426341371165071,3.4911489034600316,1.4017469523154318,-1.8481590035057287,0.21500820588997246,-3.0584450122892535,-4.144183095397046,-1.2180958333567196,1.6522177746557227,1.3811801527032146,4.5220606190977986,0.20695407039575914,-1.582077800237087,0.2579020849476415,4.040540130953054,4.711232767474599,2.474998962623612,0.6992666902307905,-4.05010878327233,-3.2557914868176825,1.0839309234053547,1.7148891090739762,2.746732942462487,0.6432814011633422,1.726621647625721,0.5572055953966346,0.12448778395831621,1.5536151853331601,0.8565090958066031,2.6775335834460505,-2.1824503769491774,-1.9510199530431875,2.382055763277559,2.0760541278506186,3.5031324866168014,0.06082479507094763,3.643781957832649,3.267866378369816,2.7883552461985097,2.97730504697027,-1.8541807140397792,0.7818090187788327,-4.864365074073242,-4.165105449420265,2.0500392318743854,0.026166418184923875,2.911898139258446,-1.5846348460743995,1.462648117756832,1.0657831150904973,-1.437628310894032,0.12097701935045173,-3.165200999638899,-0.013437096647639651,-2.826238952185776,-4.517672994940966,1.708205367570013,1.558675027656903,3.5714418751343686,1.5345675597535573,-1.1370334603290502,-3.0012575335847798,-2.216527074681319,0.8183922445929199,6.268610830072382,3.719022411695532,0.8657925207628803,-2.808761368583746,2.003396273728299,-0.5028219799685072,0.9637802030830237,2.415756196253203,2.2139060268665105,1.0587611997712776,0.8235280077067909,1.1592474974394318,-0.05349144094486467,0.18360784710154246,-4.662645130790662,0.29483239409818573,1.5701871406554424,0.2550643655741573,5.011309604508761,1.1452404460493064,0.9469875435065264,-1.1051967195775771,-0.4721409597271273,-1.3114752957537579,-0.6993709006656206,0.7090308295753438,-2.917664411696488,-0.8954587933779719,2.106448896718098,0.28158956991619705,1.942870596795739,0.058204241475750984,1.0689278902445751,-0.4530296972496418,0.4854855462308679,0.13635461662931309,-0.028454456015653933,-1.259461078756274,-4.432681914002733,-0.8544519089926847,1.5584469451939826,0.3220656574225995,1.4966101932487172,-0.9645352948346142,1.4926430243055633,1.7056588036606586,1.7288402799250506,3.2891509401966417,1.522288200725091,-2.0041293557497366,-4.8682806662364095,1.0380060206089072,1.5799394449100181,0.4785496395648678,2.9386068247648742,-1.4730855620061507,3.1372849775523215,7.979352898396464,-0.07997632758081745,-1.6201261149795065,5.357940080241818,2.8600594869209024,-0.8094526538252658,-6.74028092067435,2.133481553596145,0.28854884443699075,0.5372145666600144,-1.4389740138572504,1.0017371657026195,2.9891929379599858,1.6367816217255498,-0.30008582113490334,-2.784932054620357,-3.9049619659397155,-6.231782557239325,-5.424546643203783,1.7746999342769552,2.399104433665402,4.525973670814168,1.0421011264306153,-0.08280785527284183,0.6705585955682007,2.0055889961117765,1.5159378885036574,0.30425510296713504,-1.2703655570112282,-4.913472336571996,-2.3554112362203266,1.4266074853750452,1.5914235822159892,4.949633377291699,3.8175094848151416,-2.238690725851606,4.115240905316716,3.4734039127207117,-0.8397573298917062,-2.66094634790454,0.344847830924347,-4.146822972712568,-3.439034698800665,1.8829622724697044,2.0506057991789097,4.106701491449134,1.098338092490946,0.23982301187147656,-2.021830436139317,-9.76391402152691,-3.2517616662190543,0.4965444212355659,-2.9885941858144682,0.3122775565484642,0.5963956533412755,1.5487995425925527,0.07740089132033291,4.123253899322304,-3.08334522667108,-3.5818073834602306,1.840847653379704,1.7969457708609449,-1.219499709131259,-4.848277993039038,-0.5998739584583156,-3.594315480218131,-4.387027511535369,1.2462083185594075,1.322832752782346,2.4810709421640444,-0.9427112165567829,-0.23143989311742746,5.839690156491666,4.000308481201994,2.348007326128858,2.9375081814979813,-1.929623100686078,-8.416728847989326,-3.3434193654364592,1.403349471930125,1.0075874893395524,1.973619122817981,0.7046921400276382,1.8422960051087771,2.4284262399126124,-2.597849324303931,-0.3895923668416546,2.474282395872039,1.7317562505750237,-3.378845989026425,-0.45220995474809444,2.022660529758972,3.3801356815470416,3.360828702827058,-3.360023706255184,-2.573979393600719,3.6613268994589574,0.7076945140895734,-2.749917734287917,-0.11934932338868957,-3.9902708093050587,5.210329491808686,0.6830321411489799,1.027830882087286,2.7527628426870194,4.907208584359377,0.3117770557887453,-3.150107401605653,2.8297225293119994,1.6650392274513408,-1.5070307650063872,0.8327315044274972,-2.3891711110938694,-0.17840406768365724,-1.9618117716712846,1.7689038160471882,1.7477349046498967,3.585936674679757,0.3813923242015802,-0.9649539353767772,1.1449471987869346,-4.447844029831627,-7.982807818196707,-1.7802623316844817,-4.463811672666477,-3.854413062185196,-1.2467605270614275,1.5667687411610722,0.5904992511331686,2.633982429018631,2.2380891743731444,1.5131201545566757,1.055610897043886,-0.3106670931544355,-4.124490135642346,-0.7651152922848614,1.9164454307928491,-4.625659605759923,0.619936822576133,1.8634829415804193,1.5010440691422038,3.9440859325872824,3.700432321146023,-0.3332314178850211,-2.7249691772647524,-4.890014651266317,-2.2890424422863953,1.3775857420176896,4.04802640910093,-2.926582195179608,-2.115038806866587,1.7611126479997186,0.7792300768744889,3.5133748304146715,4.243930142991763,4.138056451153532,2.6765600474257263,-3.940298311400204,-0.20349120902490905,-2.371513893018274,-2.412289316335957,-1.2086375125771882,0.19844905685112488,1.061384718710492,0.5974019009794146,1.4034263980933293,-3.8154205062135835,-1.6245828065432868,1.7625302386063195,-0.6426057763875193,2.332849363080462,-2.388369171540608,0.3140610325499283,-0.10101123783539824,0.4720174655220801,1.6069121741222228,1.1124942182894797,-1.1433776819653687,-1.025105036367593,2.9702782383945103,0.798592702258061,1.3046222979030466,1.554471383990879,2.7137963795007276,-1.5058622814284022,-1.7403919044520346,-2.297103918768735,1.298248137774462,1.8631703832800692,3.5410630648978683,-1.900082690227573,-2.327168085086152,1.3289866216311126,2.427183630227628,1.2198319018242314,2.4430481866719864,-3.8902103844802975,0.007873610769378456,1.3098479632701934,1.0146445233557488,-0.2963338053798291,2.157933068576323,0.7773452754425835,1.4955221578119455,2.752484821924391,2.3857949799016236,1.2131276531595727,3.786222762989201,5.188462529108546,-2.9927934538258696,-1.361926900696261,1.5450807046377164,0.9345903581797821,0.5697881199690862,-4.206378634529439,-2.507276333692854,0.7875734222813146,2.2528735666617483,-0.4026289899887425,6.325539994188073,5.499445382209511,-3.2652108800445094,-2.161001190090054,1.6320708758542373,0.6036922661653832,5.576262759130595,1.7762161651453865,0.6564467638034808,0.7982207498346165,-2.3963693078335693,-0.8050781133610561,1.2712264654598429,0.3483738652356613,-2.4931267997000854,0.7356636450651513,1.8699760747957208,-0.7375992282466098,2.7965811442295596,-0.5045580938444421,-1.086270253087774,2.4110660825379924,-4.924983681983935,-1.089658429543069,-2.1408947869647497,1.4869413932553996,-1.158093137893796,0.0043118766002671555,1.561064980125787,1.1193124826975402,2.7216788033015695,1.8208288248674986,-1.8010413211765501,1.461158294461559,-3.873148829598047,2.3081595481585895,2.4214477005560284,-0.4179875491701875,-1.0857703795711149,-3.424377620617863,1.4823490704578413,-0.2316478025161429,1.214964911229985,0.35036643994979905,1.3825505133762848,-0.4889597287869505,3.509205652188762,0.6888707135141215,1.9851996968871275,-0.0007094689905274093,-0.6155646077538879,-4.892850615044713,1.4584130750619444,1.73796829527833,2.9566090296247403,-1.2454537874060474,-0.0402478196618267,3.8023594118645034,-1.20519172323794,-5.437867060809134,-3.429823788681853,-1.509081957757834,6.098753340667601,-2.7199386683552826,1.7437120528887964,0.8072179902639289,4.572918499799194,2.8051297163043594,4.5383066271152135,-1.0175359379261355,1.0637759414513803,-2.541314018973877,-5.470719992938314,-2.336459008386884,-3.6115533970937235,0.5429792046255649,1.5329024977789307,0.8446727101506891,4.595176994574104,1.570406441939425,2.7616918208330463,1.936003691958711,-1.061354678713754,-4.619736615131531,-2.0263765665410203,4.55677802422992,-2.999288805302696,0.08196721976946623,1.2800258686157098,0.2769870579600215,0.9773329273612174,-0.6761751309419701,-1.5008922339905257,0.14302012689608445,-0.47609530004506107,-3.4974979805800035,-3.4398627321435034,-2.2002602435152765,-4.155603630610014,-3.11794714517431,1.82424744842269,-0.09877421542674811,1.0928871056038643,-1.0376332140215911,4.515310005573403,2.082917746270759,0.03291492818067034,2.362646758889793,3.047127883204044,-1.8811023326163983,-3.7268193909869107,-2.03020199908457,1.5264370971749948,0.8883796351570611,3.687289565944685,2.611315714185786,3.4600522151927247,4.097707145993314,2.7852067758365466,-1.5595658092067566,-1.977586285906832,3.5471464352933664,-3.1978133459739153,-3.006469340511905,2.378637166051015,1.3567577162063447,4.209585744632925,1.5123670907851876,3.500508412153378,0.7825986520147871,-3.74184299082597,0.6814302360047475,-0.6003096897439754,-1.4630137145084607,-12.057924228434887,0.7880310456008908,1.6559643389284433,0.7253333844526895,1.9196941711529547,0.2881544802122962,-0.6182219883793835,-0.7957431301965234,4.197852373364319,-0.8871064525149096,-3.259210066595082,-2.5334933855696598,0.07629269230352209,0.08267333581377849,1.3714895823705142,0.24062163704193118,1.3285726813944634,1.3799378374066675,2.022871709322903,0.7229937355458403,-1.3252220406929376,-0.6282048348978793,1.5926833740310038,-3.910304656591,-4.595218493119269,-2.441989395922704,1.3559398223366037,1.5479633999810756,2.636658248294353,2.559986731873086,2.519163116827082,-0.29225191306143766,-0.6957464924554866,-5.276516885361282,-2.1761454520434604,1.730566542553215,-1.467047550916717,-1.2569869413378705,2.4055780818838937,0.19947369351033875,4.086163517928468,1.9686859215263188,2.2658521409585664,-2.406601100938334,-4.518899198306514,-5.344547887084599,1.7218689941249783,1.0879865210610433,-4.708196436485108,-3.445373394707241,1.2504094377866295,0.24309099864045444,3.375234406993327,3.284040603865407,-0.1307616805373515,2.6424313294096065,-0.05322341783103484,3.830065302249524,2.3503725502398565,-0.2462744009906979,-4.159754315393872,-4.160762183288455,1.6418023300072948,0.8399903489340044,2.7536846207490235,0.9153135653745554,-0.9457936501782394,-0.2743576455677218,0.9970280250276952,-1.4075367376489325,-3.704218162366895,-3.835169056939404,-4.156284326567228,-1.5094465966380888,1.900295391219464,1.037311537851293,2.37950251408322,-0.14003509537381498,-0.18274357019024712,-1.8505570226347299,-0.6877696595047375,0.8922993274221586,-0.7580617307438119,1.433519492795308,-4.804333862309837,-4.251110531898142,1.262099189151194,-0.32022696203672196,0.13209960151387204,1.676789499097338,-1.6503939544090223,0.42422325799872446,-1.75149409776838,-3.4728249470934034,-0.32340589682364557,1.4336948100072657,-2.77182415189074,-5.6116883107227284,1.5546497228340297,0.10275254439775452,1.2779382279976736,-1.4894076323524814,-2.590568465674296,3.655614820186161,0.28248412453745236,-4.0797817869565804,6.789617191638425,0.4657118797200472,-3.0755978091127405,-3.475484887789079,1.783445959984146,0.4785502626299328,1.9514982011948325,-0.25630118228061033,-2.505504046360809,-0.11724103881579089,3.7434283798611396,-1.7842684073664459,0.3379040517968461,-0.23126473741796966,-1.9823157719970703,-5.795365444884824,1.0886056369720474,0.13043099520793122,4.680757663280159,1.8305422015145716,1.4491634909529039,1.3058587418906316,-3.840917535359516,-5.483186622326154,-0.8764468334633709,-0.5495643565203493,-3.9968083343378096,-1.1267347418916795,1.781070017292649,1.4124226145368457,4.797218908667472,4.51907865721462,2.315532949686087,1.1694627259014567,0.6388094150176302,-3.33193385121492,-0.34201384573208465,-3.834323420281558,-2.3559595372176774,-1.73218245467113,1.7822100625483988,0.22240892838054194,2.5219273001813125,0.18107213630313881,-4.2213260437941225,1.2376366023510292,-2.072836467692929,-5.683390640010688,-4.757744479487581,-7.434824176940342,-5.831479838137618,1.9845098292897454,2.1578240239009836,-0.30960860517787786,2.290990212874538,1.1281308892791755,-1.8882254688606592,0.7197101916248165,-1.363791612454074,0.5708117813580452,2.4820646642722313,1.9352606646248875,-5.568417407343532,0.6584821907061693,1.7148001335181609,0.4037984156683826,5.16448993962363,1.1876670358010883,-2.729734642086855,3.5446502500125776,3.0158075621745803,1.7860441987629923,0.9542308064029712,-1.4387049486355734,-1.6987778542075767,-0.21909932815840388,1.3942753849701623,-0.03844293173729657,3.859129608064181,1.8934166225316718,1.6173711408418667,2.381833365277644,2.8474426024525394,1.923610064231628,6.3906406090377095,1.5503846282926717,-0.7560417485703129,-0.7114237198846274,1.6394964827459149,2.672166493806632,3.4053916733721366,-0.6876628006986689,-1.3062545888428443,-0.6352194481190112,-0.05358206839939645,0.2387148221432832,-3.747550623603415,-6.278940902033301,-3.467162264313215,1.078188411866401,1.49463432285355,0.5131677648533147,2.546356955579299,-2.022922534690482,-1.6448099194465688,2.5219855677756513,0.1478666765507221,-1.8143367925432807,1.3893562393058172,0.5794494076456436,-2.937734947126422,-0.8464150384360625,0.6971235543063907,-1.0047424793138573,4.327542318149998,0.2606921319260944,-3.318200529887888,1.2638827087878106,-3.358094274431287,5.245082001475301,1.5972828639546355,-0.4693715751755103,2.141531059465914,0.02622220244896535,-0.2196583896829324,-4.014487739185256,4.50858484980838,-0.06312772192229622,0.9689387941122289,3.4367556140512203,-0.9387610875596416,2.8756670754313642,5.939831632089803,-2.4920091853225528,7.327234916038959,2.235210802849335,-0.5371080949246614,-4.51375926056835,0.7908219562986979,-1.7308210135237887,-3.669325157689345,-1.9947564233861113,-0.8292127258329977,3.5549673238327086,6.544137403828429,-0.6914556891815838,5.266872884496225,-0.15174934393507217,-0.08481537843174361,-2.923681295701238,3.7506837776667745,0.11482932216396138,-1.127512966372713,3.0695482779903216,-1.5832636159743518,3.8034593423924474,3.0984901521459665,-7.514840264247181,7.122249957105061,3.8501015581951505,0.6246207015047385,-4.071616607667285,1.864537158596228,-1.3859683558638072,-1.3071226688893551,3.3322753775409413,3.6138605811472058,1.0772472077197444,4.034840618725091,-3.4275347768641264,6.6780834283699795,1.3127123608337208,0.6019667054999491,-3.887905714269598,3.6050065219038987,-3.775728229674763,-1.5820950549602335,5.690200456233224,4.109473030372706,0.05558632709116353,-0.4108400769710018,-3.96377547216031,6.905537927906807,0.6549233628972235,0.7326999275847835,-2.581333335490001,2.8039189888834604,-4.667510058320174,1.9806551501341674,4.610792657755626,-0.5589173977413594,-2.6620507671726434,2.3449829752824796,-4.693992450965318,5.04579404824233,-1.7420190973212875,1.6322997270032495,-3.2473148276426627,1.9974821747440326,-3.3387597512540084,0.7762158029798814,2.3556237766695114,-1.610444676714484,-1.4374858709746359,6.630329617738667,-3.8367629445219245,1.7191101600231682,-4.161119844998681,2.6971026483880247,-3.489958152181975,0.6991274409813849,-2.7378142399199796,0.04041394781162439,3.205177052514504,-2.013929488491264,0.9787253911930803,4.8532916257357925,-1.8522650925148478,0.698226305647926,-2.494993795123625,3.140877954436956,-3.8415444938908907,0.3874001963878675,-1.3175169234774669,0.5492029969271424,3.5913191670551385,0.9393173552987018,2.2735045749816614,8.710740766963966,-0.5423909736856962,1.0414948076279533,-1.3076276999355116,3.368952294135437,-1.493668794877285,1.3314932989495176,-2.9476108123785116,-1.5271988006655444,1.4727976251492059,3.7106269297336487,1.2123960773905618,2.3733854246334745,2.6605958510716037,2.284631559162483,-1.6723606735433592,3.2523331951848373,0.6848566254948371,3.552379617933679,-5.146897221401901,-3.509468354902169,3.873813746245025,1.896151036037594,2.264362422845411,2.956688295829065,1.1837850436631565,3.7468410158799905,-6.216181529251049,3.2105253108820415,1.0879501505205031,1.3181897639100342,-1.747697599858683,-5.4860854308418325,4.927016963608996,-1.8729062026477947,1.9334739923928643,5.667854849695341,-3.9957442955557885,1.4016215608777602,-1.9314154041873322,3.0818688740843663,3.2417204604846788,0.7084643481492658,-0.4167807088446211,-1.349616255223697,3.180541217790044,-1.1397628678052905,-6.686143436269636,2.4509248898812346,-1.936540657473198,-0.8314366404216715,-3.703405152022972,2.7925940516709953,4.428788350579398,2.6965477726872007,3.8753161560860723,-0.3835508017999038,0.2430758693804953,-0.7863076595942659,-4.536635377470188,0.5485058015241085,-2.9121975733001135,-1.8943621324307294,-1.252337014992143,2.3154157626994922,3.6593276976939553,1.9443430256487906,2.932265114312765,0.9645885343180021,3.1689991966919377,1.1312511667280525,-9.076403878831586,-1.0501337663533048,-5.720661643794186,-0.764090677952509,4.353659471653667,2.1108325421500536,3.068257910298031,0.24486216388920456,1.6605113004608636,0.16112869224731358,3.141891600027193,3.9333574307868853,1.6893698725858353,4.8025169608848355,1.0964884231464842,1.9181080799774557,4.87244057996676,1.895958675166431,1.7871221269708404,3.734058874106273,1.5629149098190074,2.026133804226567,3.4142132891988464,2.6722813773678498,-4.365317392994396,3.340362771003392,-2.254476223359831,1.6285543435601373,4.60780909751337,2.583727365488572,2.0165639579092574,3.3560807931583656,2.5526887473683857,-0.6460766853413863,-0.8666351227336081,3.4562402405866846,-1.5761855775428943,5.2478180845275135,-3.542114281312516,-0.2887246999844095,4.8278236856833034,2.748963052004748,2.141331078675908,5.253779644856295,-0.7963422921763297,-0.4175653902375619,5.529858545241579,1.7892942269805614,1.2531190531461014,2.1973054476045037,-1.3605748330555858,-1.8211783274956228,1.3691860221917025,2.73364726277656,1.6149447746542636,3.731081577675617,1.550321458685495,3.878242627531547,7.593727100610001,1.250437488384841,1.2298736894695588,6.785657917459464,-3.163648551748638,-2.309531051306796,1.1703932572467168,2.3971109445774093,1.9932044740785193,5.980827907364443,1.2612039474160424,-0.4408722256503401,6.845992424497481,7.255485602644394,0.3914581271980083,5.747631983026852,1.2605841461637441,-2.567995972020845,1.438940023908411,2.942443253767008,1.0316617572789455,3.458627187044833,3.6946399916209316,-1.1802778593935215,3.281193432695132,7.987201471049275,-2.7578330609470285,0.7651138709812626,1.9559925487411192,1.386421105693827,3.4179355252387347,2.9636010775620107,2.929427067336159,6.7976270633653195,2.1731872093799796,0.6666300962979166,0.1847001265837313,3.4351784470856686,0.3548834624973832,-0.587448285566487,-0.9827494833152256,0.9032751312039512,-0.7437440106172738,3.088843838648467,3.2924257169370503,4.9555255641728415,1.7444904612973025,2.5053443760331504,1.5508550890559296,7.717117898159384,-1.8591249560184182,0.34782894376693707,-2.1422138034692426,-0.44247599082101013,5.807724400639842,2.9202580550087944,3.1300738035394264,7.171721213656346,3.982166343901037,2.143258180634214,2.2142992924810185,1.4150394134722692,-2.8272337281228412,0.41763901910120815,1.326409217447738,2.0911417063398186,1.1854312844487296,2.824560118739372,3.0156801469361243,4.607728393753017,5.0218642251602175,6.452692509795671,2.49180376957665,-2.972721877295136,-4.89203787033147,2.1511462013523945,1.3691636670878178,1.0406985957472585,4.818535276129124,2.905048110399399,1.8848964996755868,5.506517889850406,5.002015722697402,-0.7732436455733883,1.3866684608702966,6.205734565198331,5.447570407173042,3.894658032108285,1.009709199341031,-0.45732488736802185,2.9380910540151386,3.171454142857233,3.688903213556547,3.633511128612942,0.7322165678602083,-0.7447708767396269,3.925335895428049,5.734150113464156,-0.15997601561633687,-1.253067521393569,0.606718491643359,3.2571253010346917,-1.4696097676916924,3.2072665605019557,4.146758025151227,6.006616444517228,4.14887177522966,-2.898630859224148,-1.7806195079614686,6.860046287999885,-2.070120778740087,-0.3742553306490649,0.7257703189383086,-3.122579708178054,3.7350728738241674,2.105217152367111,2.511321856528221,6.455082684202661,7.6622572110818465,5.307181255618026,1.8737167003324398,2.4813295538602826,-3.359088328803647,1.5933655939428972,1.14899831493819,-1.768862130339667,1.9350592917518896,2.014950721050143,4.462497755717757,4.906945387201551,2.7943004675935192,5.436070070037612,-1.3905954274647354,1.0506836986660684,-5.784460034489471,1.233889664315297,2.424539846034935,0.9079215063130351,-2.0633982192658262,1.8962301231252585,3.938095696437785,1.8402677411195307,4.557879336107655,9.149925854005241,-6.012081418511782,3.8701461170406226,-6.018859913528162,2.896144152624131,-3.249188455325264,3.7071925487912094,-0.700728428591015,2.0517901311739113,6.162467399360094,2.699885310971609,2.6302074411757266,6.930334018726768,-4.978708574996278,4.858533784749292,-10.688070250931936,1.1229441704602214,-3.8546269310347325,1.0918041587393073,-6.046915379891135,2.157604333995648,6.1627153426709365,3.928763415907811,1.7404086225361846,2.8422767660440718,-0.9493836615147055,0.06056765519942867,-10.55855899903772,3.613594777429236,-4.815217139898057,-0.8959539715810431,3.1888884396829735,2.3170130558042907,4.534262112397779,2.0928870348050053,3.267922838386016,0.7658714962932515,-3.4298255797093837,4.4037736704601285,-8.418345252563599,1.4707557149193309,-3.5907335259394597,3.523143798819094,1.2477091101353524,2.4949858577691444,5.218387716661192,1.9826033969648376,2.2356506549115323,-0.028719728598487856,0.15127014752555523,7.425099906450487,-7.952970281809524,-1.3644191973925204,-1.8783809728414176,-1.9592288343564168,0.07853731186703246,2.649709528612211,5.783351247338704,2.8692622079376986,1.8341331243809729,2.696185740457896,-5.062261571975081,2.6202171942335184,-2.192818910965162,1.122781826066396,-4.422390503569894,-3.836319555414178,0.20551153460603966,2.388655683194676,3.2587894084540547,4.2537036355385105,4.221638755042459,7.983611104807312,0.06443642897456386,0.9988220590489177,-5.4729075800187905,-4.670650816562179,-1.1261132777696097,0.010272967069536818,1.9235039165342662,2.4267635153286333,3.1234951859960813,5.096805985428309,2.09391577179642,3.9106394524916284,-0.43012204984851155,2.595752475573289,-7.233978415642935,-1.9248323594641,-1.3208190919087164,0.8934160207460567,3.891822674631053,2.635204601605461,2.8601986396967503,4.606949003394814,1.3376759156668412,-1.116813390912835,0.9601941442325805,7.209599721641323,-0.2510995785241377,5.0388804940948155,2.073175891229208,0.5868144748976438,-3.1043186082569965,2.7612899539640914,3.3264564415707487,4.7997625826027015,1.019811847445703,1.9087972690779649,-0.3674186964108797,1.1912145555932274,0.6445251953868233,7.241882088822702,4.352974932972577,-0.10080065543942877,-3.9770128747697027,3.007478176237934,4.474752022992704,4.367362695042708,-1.1145476605778033,2.2363498773081445,3.569540960231834,-0.28351894887082785,-0.1747351533234998,3.902117893018771,-4.048310603508362,-3.8177699898723683,2.1772900614546717,2.8613782257118587,3.0589922861603296,7.6438456618377355,1.6616435623668437,0.6769870807486271,-2.574412834664732,3.580746160341256,1.503724355112014,0.9190492784209259,0.6582605487386101,-3.63895082237696,-1.6287036416342926,2.8239741105679603,3.7998442342236154,6.506712723107344,1.618678351105696,1.9928048368089712,1.114125062364107,-1.0540512918057219,1.0183175841014387,0.33255928213157804,2.932609789184272,-2.7686076795272214,-0.9702437481959467,2.9904271397927467,3.5138352688963947,4.622175737483501,0.5266888874953757,2.4273185439952503,3.4461411396447237,-0.7990275310911923,-2.2095626594490057,5.568072385352164,1.3265839321427326,-3.2129160949752804,0.568600839320308,2.698490073460569,3.1675132483712765,4.845692161012343,-1.232198634228561,2.6204920624895105,3.9216899588271024,5.135114058702204,2.3111090055842936,2.906696305649599,6.007808256656741,0.08086177949211178,0.34776299354636825,2.6621072703590527,5.420406309243945,4.140451191668105,-2.098323683519874,3.0447333692111043,3.945042413955986,-1.3722977164999062,-2.7280925626594494,-0.5118689139331122,2.7417459798070576,-2.9863466305485655,-0.3983147521956706,2.486850117488127,4.025367216537292,4.606008543809821,-0.18712850089740746,1.5046885114998243,-1.3493076245760687,5.420697967917873,-4.8908551604635395,0.39081993990852343,4.262624772979289,-1.0988315520073006,0.08793628475962878,2.2189419124640275,5.044048476299204,3.7212703093866146,0.5148291733205107,4.530752178889233,-4.486761506879529,5.418019715898284,-7.113272995048034,0.9295219483478638,-3.5861899342014287,-1.542694141609525,1.453399940663783,1.9838406103131605,4.990418315089388,3.395156356240281,-2.186646663109059,3.697665671220345,-2.142015767256571,9.454710086537922,-3.6415868391808752,2.4150183145176105,-1.1468814572417128,-2.0910384352034552,-0.8757435651301866,2.0523742376976357,3.999153967413624,1.7813177217173233,0.9945310323470061,4.724346277276212,-4.492886747628739,4.557774835996384,-3.716751629569444,3.9687550956755206,0.31055322140426983,-2.2267994089994714,1.2775487734834339,1.589803186402626,4.589700248244072,2.6680592624586494,2.16002728565201,3.475882361425336,-6.147556123981035,6.092289641434299,-5.552851263982269,6.420774797178707,-4.281982295408793,-3.2654794469598936,1.5295566911839746,1.3581559091922333,5.755552169092003,3.96048277839729,-1.6500431099285058,2.9979292289364334,-4.584205412210995,4.218343794194114,-8.711497510847966,1.0967072977129433,-3.6758930334539928,-4.870778693010711,-0.13661287571597197,0.771660733619873,4.875744440433988,4.643738792460473,1.2667829216470239,4.648553465525257,-8.654419377740481,1.9978666877542537,-7.216332862858396,2.559534803318624,4.399585263111484,-3.5229852295201143,-1.7251273185435974,0.6952382068650741,4.502671816239445,2.9386357517441937,-1.3294385987850375,5.556017624098114,-7.837060324386028,7.46880380990594,-5.9795176290990755,-0.8385539289698454,-0.9205586215371196,-1.2902409175219067,3.0978098619735603,1.1506033359241208,1.7015626170005307,3.0105086831102326,-6.067933545739612,3.8757040064031356,-4.041887788628151,4.234305525187677,-1.0400129492240264,0.5770539565166677,0.8451310501598444,4.570466500423304,2.402095216365309,1.7588137057310154,3.226095221083812,5.277951377353734,-6.926371381587628,1.6408438107789938,-5.730602297527645,1.0983111379015102,-0.8262821021304015,1.282975645741631,0.568534269159085,2.2685482018992817,-1.3168788686301518,1.6628097034870803,2.4025921829597667,3.5654656726784046,-4.152884128226125,0.2729673240308082,-5.272860586528052,1.959134953963528,-1.115627885537375,3.1252129367720953,5.064353000112453,0.17609305097894787,-0.6936267183716445,2.350563066728055,3.03511699699043,4.11649793063154,-2.8627355533252397,2.4998935590180986,-2.744155747525051,0.4366596984537853,-3.975755477461581,6.675427811303858,7.426498513578246,-1.544259697332843,-2.5206331930084067,2.4742719934271618,1.6479419510920725,5.521163675140577,-2.3541924427853824,-0.44106671860203295,-3.7372406381829157,-1.6855253717922831,-1.048008966264599,4.883324979354204,5.85674483166081,-0.92903631934196,2.1898111386842554,2.471322897234707,2.1614656026183967,3.9086569782825773,-0.03191590732623197,0.5250771383901651,-5.1552699870617325,-0.9830315529946813,0.19872156036069202,7.168149063517256,3.997750147578556,-2.594668127855396,-1.7742663268259191,2.670960343425691,2.4436972259806162,2.893704957803425,-2.3760302128451656,-1.5255277575255257,-1.5607728035771837,-2.631319660206707,-2.590317617686004,1.9296384874883534,9.844623353922307,2.1094004182550288,-0.1112651834721625,2.627112480133589,2.2702371151780043,4.426434174632325,-2.7409152352369466,-0.6211418957667556,-1.4186246998140837,0.46930761445369956,-5.2907491652031,1.990182203463464,8.848873187508007,-0.062437934560359724,0.3873941396181839,2.7802187570256383,1.8815237795840256,4.769653142374396,-0.8930602340562459,-2.6805275782154343,-3.143592017089328,-2.6518362104725455,1.5699019984534652,5.264706007660239,6.412491595790947,-1.067510393440127,3.1541408665694384,2.4852423615140045,0.2877901608302946,2.737070499212672,1.0356805050003721,0.05434267094590428,-3.2188909944392896,-1.6081703993711782,1.8426058063584887,7.389004231843377,9.950374193267578,4.019554004304829,2.64306311335822,2.3794504516561963,1.4501732072181373,2.6776141949086973,3.770479118367122,2.402686665026839,0.944903988485804,-0.6144243581542174,0.7106522712581047,1.0375469911743012,3.2044674499843526,-1.0957975278289167,-0.4804203697246272,2.130366765464486,0.44957597610597255,4.27991240283147,5.54386516414042,-0.7419842783591432,1.8700624119553024,0.5411370613396458,0.7807943252555841,5.041993417732983,4.666815992531502,-0.2910109075685252,-1.7360157556552165,1.8169522567561551,1.8754877607304037,6.5936408199686625,1.9364063057678749,1.5860557427099136,1.6966463803043321,3.0268118040688567,0.016848943629409772,-0.26287837005955245,5.676740360957373,1.0568325787313582,0.3767664696569971,2.1320785631453014,1.4681806462872478,3.884852693869101,0.2512562326029813,2.739889917252268,2.1974464931040227,-0.8009342796463328,-0.9559228609182642,-0.06291528591383656,-1.1611440557331192,-2.5136661396464626,-1.6484893743213345,1.7744795556516686,0.8359626466223743,2.333405486311555,-0.5055616734843987,-1.4264518285684635,-0.41341309413698074,0.13439306372746962,-2.6819789276204755,1.9062155286701161,3.5683311096179833,-0.8933289319868186,-2.820264945571725,1.5635485168143803,1.8824218648866577,5.44240430186285,2.8145532127233976,-0.7306762439865718,-6.838316293480279,-0.9904909615264196,4.756414389353331,5.72674624221477,3.2550417031237875,-2.9322740358162314,0.9706492863322321,1.7185118091517322,0.9822265294953981,2.165184345722724,-0.06295826208593888,-0.874774557828195,2.911453908215863,1.9070470307848175,-0.47627093629990735,3.116620144057385,6.738050689101733,-0.37962865110936345,-1.1147844819887542,2.0968669489626333,1.1039539962752516,2.2701016133769083,1.5243441459331886,1.9963758753605996,-3.051406094119881,2.6324440204819233,0.6837605161917212,3.9471092702322457,3.4418562414755494,-4.760593051240932,-1.728109587079635,1.5347622024746037,0.36120945756726985,3.2971810830016364,1.7826936209889688,-0.6304108872329997,-2.21232619160325,0.5536679899658804,-0.42638524966710756,2.5406657172640217,2.1573762086323853,-3.5504812072307983,-0.9372419874145286,1.5086008967516504,1.7264132387078588,3.3764118198001953,0.7021205772680557,-2.0101670486895404,1.9940127543120616,2.3500862313465163,-0.6178626825000316,3.851773907522689,1.3725873617091793,-5.231532026299887,-1.0568308479350637,1.9606628589524158,1.5535720101455248,0.7130162389045298,2.2662654610571056,1.0061754779029728,-1.7308162462005978,2.709748184778376,3.770313897530322,0.9849764171897638,-1.0753377113838505,-2.741042316084342,-5.811226831660178,2.1644169497169927,1.673038214695502,1.793479590997251,2.26182953837149,1.5657907888507065,0.637622345647781,-1.6393184759961696,-0.8439253795967445,-1.5152799969013317,-0.6531392665141914,-0.5585195383201574,0.5895285662612914,1.839584160990002,2.1423338050666496,5.707110150237423,1.5575303645957161,0.023606944461034406,-3.025422044909327,0.29914936011499205,-4.781990874416774,-2.5902191400647574,-1.3403430328576045,-4.336087959912188,-2.869864792639058,2.09331011327705,2.027444467397209,2.457582695650414,0.6945744571476065,0.10325967238498529,-0.359194874002328,2.259909864657247,5.0753237650704275,-1.3742108352021405,-2.2231133154671836,-1.4325055595205187,-2.6418793878098477,1.3922586655345608,0.626523978311459,3.2896305996459287,0.8299458469962689,-1.235178588392068,-1.9990046408008935,-1.9825527881526421,-0.6226824573868605,7.779088431232476,0.1787170168557771,-6.046303511591217,-1.1157866890601824,2.174749096976615,1.9536860821768238,3.9458643394922994,3.6127083127626833,2.082576991763166,0.2547761489686838,-5.3703207456266835,-2.304572446825883,-1.2772324650508764,-4.9031711172550345,-3.822133315097608,-2.6750331406345875,1.0548453287135855,1.5663501396727604,2.910880369422366,2.462519488104211,2.954714060251317,2.801306298722566,-3.3855860564458635,-1.0726527622414648,-1.9772525100869074,-3.791204348246671,-0.21671646299021002,-0.3352215290728025,1.3478916510119272,2.6150190571553065,3.8304245499192184,2.3092575132458464,3.2212626616919593,-0.3167852814095115,-4.345096945165286,-3.241559110399482,3.2398511174210936,-1.2205646212544683,-1.4616070296319301,-4.2253353872953685,1.8978196665815568,2.461135973792997,3.077398730418087,-4.854521440111569,0.1189704673535919,5.033444855009397,-2.7704893197121008,0.23240002891067088,0.5038034023807729,3.9093549257994553,1.6561482448592197,-0.37386092572615315,2.0493162844331128,3.1588907982287786,6.66966810031882,-7.155912915856514,-2.5884558515907226,3.382770776303977,0.24868707645443508,-0.48437364441781433,0.3543339991107906,-0.7378248822713966,3.6815681370699225,1.0164954738486431,2.066684356882981,0.508619016152085,6.026869172060526,-6.760303241006169,-4.110058577857103,-1.1225846370540038,2.450736489812375,0.926980747715197,2.9668168404162185,1.4632029765730032,2.5436687378926948,0.5339232764661265,1.6796778134958008,-0.6503887307531735,4.587657854127661,-7.166465499863992,-4.604584402796545,-3.111162572022724,-1.38149569761199,3.186778759117844,7.5162740444902845,4.904644530521358,-0.4272762548178409,2.8167255215078004,2.0887368965716964,-0.026727607032030736,3.9720432764831544,-7.139589981186785,-9.07367470312194,-5.652742328807624,1.2335058648595911,2.899765325342082,4.10631496456824,3.4037142499402515,-1.6517168145062908,1.6274241417185689,2.1909790635181965,-2.1957014220884252,1.1788771738141612,-7.2744568996212156,-9.185849050148374,-7.500202113831118,1.7080849327684944,3.045096395101576,2.392573645719666,3.995350209280942,1.3325201644662479,2.089046833587185,2.303342047687434,-1.4356534505001273,1.7077443360761984,-5.503884272398451,-6.9269240888624735,-7.054798229381386,0.29811076997215247,0.5521802895778892,4.975809645651078,3.3252014634878906,-1.471049287096827,2.360883528778589,2.9964362484530604,-1.4673476508026448,2.7433009229906293,-2.5050510846812064,-4.687935828109977,-5.7201274682272665,0.8512799460577057,3.2570812308359667,2.489025831752344,0.6696419601354259,-0.5429988621563819,3.313302074088644,2.1394036159923657,-1.7560435218635155,1.9905066653262857,-2.804632694406241,-6.683700328722749,-6.889698827907254,2.194008317494143,7.738436881203587,3.7085177230451585,2.8358958971325414,3.218267932425558,5.922003734513838,2.678982059957508,-0.5003834767956234,2.8185343112509686,-0.8453067861879554,-3.8376896918432344,-3.8789806643214595,0.9848347240514205,2.8133990129936057,5.396146383106207,-0.5744050847208151,1.0062960038190287,2.515711473236725,2.9337465716467848,0.4295325696111527,1.9212774622925848,-0.8913801254181305,-1.953901306101782,-0.0044308318699445935,-0.6458943001426809,2.638370480081912,5.632665092641763,9.60980232894995,-3.1683690930514423,-3.096870065651295,2.5026322637849394,-1.0989694318219738,-1.58100287672385,-1.3221877749644457,-2.406007693182646,-0.2651532426927448,-1.9169054723374839,2.508571238856191,3.1245837637748366,6.867489199852291,-0.6532550318139431,-1.019642347026142,2.753962843099427,-0.3968848731803166,-0.31736977545798495,2.874888151033902,2.433668797179773,-4.109285465505955,-4.635133830325824,1.3411199394409359,-0.8873887921337539,2.6807798148581643,0.39030614855332,-3.151678264564467,2.0543450189116172,-0.5150539194250967,-0.03129060165223182,1.21287858094571,5.598898086477859,2.970896516536198,0.5271355844135435,1.934135249703402,3.5251341512472845,3.3204857885610624,-3.2359939656219714,-2.883349429419246,2.5532640828067734,0.7122175414832778,-0.14423392056636739,3.0861091356640227,0.9643157303269771,-2.384149821671805,0.14022654108521973,0.09359587555024906,2.3684430779977483,2.2388833107171253,-2.587338980226179,-0.07081063809712776,2.418593871349412,1.251496565278162,1.383975049987182,0.8889976800397017,1.4895001588262349,2.207694210274099,-1.0290971571850014,0.14115176306566657,2.635179115014796,1.3929013163154038,-7.476810950261398,-5.069410520714956,2.3911456910027855,0.5381330499956,3.703629474249482,0.9743378993579312,1.0985866675091782,0.4501791624417634,-0.27501063429770994,-4.547574536631556,0.38197709595985996,-1.359095284697719,-5.672876225751414,-3.678638577665735,2.2620181383436795,0.20046216056713176,2.6335635624764393,-1.0819623570843397,1.4357091174556882,0.2500301752815886,3.1866557464217005,-2.006220494944556,4.160910259488959,6.189108151741994,-2.0452669516163544,-2.989543912714579,1.4510122555089189,-0.5270527393837301,3.1495484719288678,2.723841248015643,-1.2518233859221242,-0.17907861049365115,-3.179049291588913,-4.7456729288641455,2.019225929849208,6.377716026192904,-1.2877590899066182,-4.684785693291177,2.0472988016313267,0.8406744009567723,4.107445127564084,0.7463662875139893,-1.4186382206182635,-3.15271799752094,-2.4530708648954347,-1.0601677827141816,4.343030509298833,2.5929250739866587,-3.418136954932543,-2.229638926737057,2.6288070255136877,1.7296299786934246,1.997877013111551,3.482834972350265,0.3807951117885095,-1.282068652636536,-0.8986833867193273,-0.9502521707218738,-0.18587302149009505,-3.6298760628286586,-0.6535609609076432,-0.5996718262399885,3.143123699237018,0.7926267403893786,3.5870330411870297,3.5311899529948003,0.5759623474076766,-3.069482688361036,-6.984547346317383,-3.38420307914103,0.17968993407304493,3.184123541803775,1.3418869420074222,3.4689719539556827,3.223998268660149,0.25319633375460115,3.863123677031429,2.6553517161068365,-1.1970077540879125,-4.202738180799374,-7.172975519422468,0.3314894786634577,1.456633995595727,3.966755262475889,-1.0214617788149638,0.41126708866521644,3.488805102507747,0.4987047911255761,2.8794672077954107,1.4544283768709416,-2.1010490717023735,-4.800806456706069,-2.948929209194459,-2.1340159521575215,2.871413369639713,1.1110088903143331,-0.8603006504569989,-0.1519768341746046,3.642695007122156,1.107245979812308,0.3623592398985022,0.6254174426210418,1.0965031003730727,-4.207592242522945,-6.412239802478871,-0.9992010399461215,-1.2270928827889733,2.3870513167308114,5.557629938665529,-1.5795953179658087,3.845151250615949,0.7892535315448868,-0.25286293860995346,-0.5315044202803562,3.3747460869911197,0.41840590576819836,-4.730640694368453,-3.664706629442227,-1.7798261053046875,0.12640253864384654,2.5577142248840605,3.5026425324616026,3.6679273204522356,0.5005925706865937,0.12650473388996317,1.098451470903305,2.601425662747191,3.434359180948437,-4.5002572436568204,-2.6580989986249537,-0.24326169372188483,-2.9612685226552458,-0.2562844711764139,2.6997365935570516,3.145450259309465,1.4832502507515082,0.9363741965749968,0.6394788902746644,2.1918323850424533,2.1631248838968027,0.1316383448244703,-2.363635803136761,-0.2910142428768279,-3.405702244951858,-3.0458085888514774,2.0607050485049205,3.426016633038348,1.5570514661194699,2.0946018500945858,-0.8651637920087459,-3.2621462061555118,-0.6631563580447202,0.8134009225610442,-0.7904937099153937,-2.427683967992046,-0.17243748888535948,0.8947146343815454,2.602281703664673,2.9996605468351545,1.543079543874527,2.6715630377192907,-0.916371088682237,-2.5703593032149836,-6.301494837697069,-1.1825998843470298,-4.052647602756762,0.3745140550259879,2.1777557059876638,-2.1850353465449865,-0.060044663773818716,2.7081054260267887,0.8621259818754448,3.253549289801694,-0.5134674428401187,2.6437640523145145,-0.4058251847053448,-3.1883104593360767,-8.598848159803673,-6.615439038290437,-2.5395384756208057,-6.501466356117319,0.22614852267487634,2.834280844435666,-0.482478697128003,0.06864615828125242,-2.538250469612256,-0.8951434897487187,-0.729347100838998,-6.654049122586699,-2.5404591126156273,0.5387828968783708,0.7865956475752598,-0.5175269654204491,-1.401439902268133,2.6412432603866804,-1.1801275533248912,0.6398485797725519,-1.3639449015311407,2.045519763349796,-0.5841430479864086,-2.395059131594932,-1.6065620144654253,-1.6635130818325545,-0.6064817549687689,-1.668425452884269,-0.3118829920086588,2.851576972720694,-1.6150916162216458,2.4366189234956845,0.6310963374796912,-3.971568406063386,-3.440830624640297,1.5421132501368688,5.011551007840242,0.5156685000309995,-3.666990515839732,1.9159525951910243,-0.25939470486207816,2.3083741190721643,-2.202083114445088,4.493723079587027,-1.4764323094841707,-9.64948301622485,-1.9381431536087503,8.134297124408599,1.4452335649990282,1.0242570297970313,5.190224988163478,-2.5252868756262075,-0.7934728364412299,2.2036640844852022,-1.6059467936592546,5.6918701871567645,-5.507811286244917,-5.233179030292599,-3.155022050252439,0.3418282845571287,-1.7110844051804506,2.7587610287744257,3.7451666725391215,-3.12056417316614,1.5774262911910104,0.9012668153564655,-1.0298591579565128,8.3036222854032,-4.738517964879982,1.1126722324086888,-5.2233201804787734,-2.5305954818492795,-3.280726755965642,2.339473794682853,2.329341089820526,1.6721007435269954,-0.1508925226258681,1.432307508127195,1.1152527843327418,4.349323506606396,-7.646249049704509,5.638235540333735,-4.7378201840732475,-2.8155188378026783,-5.4747310005917695,-0.558721075408949,2.8201052119484586,0.4184963132077637,-2.2401103020282362,1.5127040398688802,1.9324877453879292,3.1319485890794487,-9.68194177202547,5.8481993781585775,-4.409265812601507,-1.481422229087485,-1.009500548073316,2.4763731861311715,4.650966237042334,4.2870239473056175,-0.727810511526369,,,,,,,,,,,,,,,,,,,,,,,,,,,,,,,,,,,,,,,,,,,,,,,,,,,,,,,,,,,,,,,,,,,,,,,,,,,,,,,,,,,,,,,,,,,,,,,,,,,,,,,,,,,,,,,,,,,,,,,,,,,,,,,,,,,,,,,,,,,,,,,,,,,,,,,,,,,,,,,,,,,,,,,,,,,,,,,,,,,,,,,,,,,,,,,,,,,,,,,,,,,,,,,,,,,,,,,,,,,,,,,,,,,,,,,,,,,,,,,,,,,,,,,,,,,,,,,,,,,,,,,,,,,,,,,,,,,,,,,,,,,,,,,,,,,,,,,,,,,,,,,,,,,,,,,,,,,,,,,,,,,,,,,,,,,,,,,,,,,,,,,,,,,,,,,,,,,,,,,,,,,,,,,,,,,,,,,,,,,,,,,,,,,,,,,,,,,,,,,,,,,,,,,,,,,,,,,,,,,,,,,,,,,,,,,,,,,,,,,,,,,,,,,,,,,,,,,,,,,,,,,,,,,,,,,,,,,,,,,,,,,,,,,,,,,,,,,,,,,,,,,,,,,,,,,,,,,,,,,,,,,,,,,,,,,,,,,,,,,,,,,,,,,,,,,,,,,,,,,,,,,,,,,,,,,,,,,,,,,,,,,,,,,,,,,,,,,,,,,,,,,,,,,,,,,,,,,,,,,,,,,,,,,,,,,,,,,,,,,,,,,,,,,,,,,,,,,,,,,,,,,,,,,,,,,,,,,,,,,,,,,,,,,,,,,,,,,,,,,,,,,,,,,,,,,,,,,,,,,,,,,,,,,,,,,,,,,,,,,,,,,,,,,,,,,,,,,,,,,,,,,,,,,,,,,,,,,,,,,,,,,,,,,,,,,,,,,,,,,,,,,,,,,,,,,,,,,,,,,,,,,,,,,,,,,,,,,,,,,,,,,,,,,,,,,,,,,,,,,,,,,,,,,,,,,,,,,,,,,,,,,,,,,,,,,,,,,,,,,,,,,,,,,,,,,,,,,,,,,,,,,,,,,,,,,,,,,,,,,,,,,,,,,,,,,,,,,,,,,,,,,,,,,,,,,,,,,,,,,,,,,,,,,,,,,,,,,,,,,,,,,,,,,,,,,,,,,,,,,,,,,,,,,,,,,,,,,,,,,,,,,,,,,,,,,,,,,,,,,,,,,,,,,,,,,,,,,,,,,,,,,,,,,,,,,,,,,,,,,,,,,,,,,,,,,,,,,,,,,,,,,,,,,,,,,,,,,,,,,,,,,,,,,,,,,,,,,,,,,,,,,,,,,,,,,,,,,,,,,,,,,,,,,,,,,,,,,,,,,,,,,,,,,,,,,,,,,,,,,,,,,,,,,,,,,,,,,,,,,,,,,,,,,,,,,,,,,,,,,,,,,,,,,,,,,,,,,,,,,,,,,,,,,,,,,,,,,,,,,,,,,,,,,,,,,,,,,,,,,,,,,,,,,,,,,,,,,,,,,,,,,,,,,,,,,,,,,,,,,,,,,,,,,,,,,,,,,,,,,,,,,,,,,,,,,,,,,,,,,,,,,,,,,,,,,,,,,,,,,,,,,,,,,,,,,,,,,,,,,,,,,,,,,,,,,,,,,,,,,,,,,,,,,,,,,,,,,,,,,,,,,,,,,,,,,,,,,,,,,,,,,,,,,,,,,,,,,,,,,,,,,,,,,,,,,,,,,,,,,,,,,,,,,,,,,,,,,,,,,,,,,,,,,,,,,,,,,,,,,,,,,,,,,,,,,,,,,,,,,,,,,,,,,,,,,,,,,,,,,,,,,,,,,,,,,,,,,,,,,,,,,,,,,,,,,,,,,,,,,,,,,,,,,,,,,,,,,,,,,,,,,,,,,,,,,,,,,,,,,,,,,,,,,,,,,,,,,,,,,,,,,,,,,,,,,,,,,,,,,,,,,,,,,,,,,,,,,,,,,,,,,,,,,,,,,,,,,,,,,,,,,,,,,,,,,,,,,,,,,,,,,,,,,,,,,,,,,,,,,,,,,,,,,,,,,,,,,,,,,,,,,,,,,,,,,,,,,,,,,,,,,,,,,,,,,,,,,,,,,,,,,,,,,,,,,,,,,,,,,,,,,,,,,,,,,,,,,,,,,,,,,,,,,,,,,,,,,,,,,,,,,,,,,,,,,,,,,,,,,,,,,,,,,,,,,,,,,,,,,,,,,,,,,,,,,,,,,,,,,,,,,,,,,,,,,,,,,,,,,,,,,,,,,,,,,,,,,,,,,,,,,,,,,,,,,,,,,,,,,,,,,,,,,,,,,,,,,,,,,,,,,,,,,,,,,,,,,,,,,,,,,,,,,,,,,,,,,,,,,,,,,,,,,,,,,,,,,,,,,,,,,,,,,,,,,,,,,,,,,,,,,,,,,,,,,,,,,,,,,,,,,,,,,,,,,,,,,,,,,,,,,,,,,,,,,,,,,,,,,,,,,,,,,,,,,,,,,,,,,,,,,,,,,,,,,,,,,,,,,,,,,,,,,,,,,,,,,,,,,,,,,,,,,,,,,,,,,,,,,,,,,,,,,,,,,,,,,,,,,,,,,,,,,,,,,,,,,,,,,,,,,,,,,,,,,,,,,,,,,,,,,,,,,,,,,,,,,,,,,,,,,,,,,,,,,,,,,,,,,,,,,,,,,,,,,,,,,,,,,,,,,,,,,,,,,,,,,,,,,,,,,,,,,,,,,,,,,,,,,,,,,,,,,,,,,,,,,,,,,,,,,,,,,,,,,,,,,,,,,,,,,,,,,,,,,,,,,,,,,,,,,,,,,,,,,,,,,,,,,,,,,,,,,,,,,,,,,,,,,,,,,,,,,,,,,,,,,,,,,,,,,,,,,,,,,,,,,,,,,,,,,,,,,,,,,,,,,,,,,,,,,,,,,,,,,,,,,,,,,,,,,,,,,,,,,,,,,,,,,,,,,,,,,,,,,,,,,,,,,,,,,,,,,,,,,,,,,,,,,,,,,,,,,,,,,,,,,,,,,,,,,,,,,,,,,,,,,,,,,,,,,,,,,,,,,,,,,,,,,,,,,,,,,,,,,,,,,,,,,,,,,,,,,,,,,,,,,,,,,,,,,,,,,,,,,,,,,,,,,,,,,,,,,,,,,,,,,,,,,,,,,,,,,,,,,,,,,,
1,1.0,2.139452921905462,0.8334690528190328,0.6489875741739743,-0.7441165430017684,2.092088279842001,3.5710598166219616,-0.2095871300685827,0.9632397779233214,-0.9252245770902268,-1.5392333854598863,-2.711472460206911,0.04827932510804662,1.7884322587536357,-0.7226532616579636,2.5870491669507234,1.6037299577343527,1.9244640057772948,1.0513371603647925,-1.6933974283673077,-6.991137982758594,1.7786645647685797,-1.0792962759995717,-3.4813612289887743,-0.3044378145360468,1.668615010120964,-0.5754228579414511,1.8226236229193447,0.8383681693508969,2.971872420382009,-2.5012225205036445,-0.48172289180417105,-1.6329907581535574,1.378605324902784,1.3272564724467335,-1.352144078574027,-1.386969332481764,1.857945530096443,-0.43908269968591057,0.5047855592025801,-2.892718530175889,-4.123130280262149,2.367817915251077,1.2898264416201508,-3.219107856721575,-4.574928472481168,-3.633279046610192,-4.854115927201676,-2.993271861999731,1.9062344693179238,-0.002136538288187708,1.3051966653437501,-0.38997049328637623,-1.989101469917745,3.3562186184047667,-1.0939755532963678,0.16144090154496316,2.691827030822188,-2.354322781974142,-1.0027613118976748,-2.0155295591556173,1.6819478356425253,0.8047644657726146,2.2106314163254743,0.5233873802961813,2.550427075845077,2.0790579486216503,-0.9077729848100577,3.080494767643955,0.9160834973010512,-1.924414924521437,-1.8192213219467113,-2.183142251000283,2.110796331887125,-0.030176505710640743,2.0521181166096727,-1.7577995529190684,-2.9903002150024367,-2.9254171818180668,-1.4053789145429725,0.577949075027828,-5.37195459470188,-1.1264792055743316,-1.9590556332185813,-0.6708569625878587,2.2729757629327128,-0.1922186842030794,2.6111115097895468,3.36252629319766,1.4914853393359637,-2.162151400347889,-4.562397043321065,-7.874537635517768,-6.471702059869347,0.19665241873433034,-2.067964883091903,-2.6988663110838065,2.859513412737137,2.6229586377252714,3.147764594459812,0.9818696859260522,-1.5492592869321493,-5.616626603340953,0.1150066341384981,1.8583070474367551,-3.5571943802704036,-7.1719060073623915,-1.2340868807268999,0.1707958010817826,2.1050995628008997,1.1082490469011124,2.4229766453136468,-0.267361936144863,1.645854887853793,1.198408285782601,-1.0312840413507316,-3.0743784445354154,5.751396463246041,2.1669418953535007,-1.237585749075038,-0.02906707355063121,1.2280605751610334,1.8981346566576809,5.227879045915518,0.7615419958468516,-0.8916322133518068,1.3991768912594598,2.47836160285639,1.129085521338198,3.757143957467374,-3.7026308747146603,-2.5481983050775017,-2.799699872662294,1.9250036896374938,0.35751916407116807,0.24008134042087337,0.49251744538995074,3.799031340278462,4.981411562897827,2.197457712704499,-6.221996987861991,-0.09005700246427735,-4.182273082209781,-1.728313407856838,-3.9586999188845784,1.759901194572752,-0.1919110707810524,3.3220889654884656,0.8469898097212883,-1.408948194992693,3.1081093972869502,-0.24084074314486795,1.2592642431983612,4.096181736303727,-3.5123967295110026,-3.5118398966421496,-0.466106918467039,1.6134234487985524,1.9687184931196686,4.854060748571458,-0.1017626985271552,-2.8168700678084493,-1.9900623421635555,-1.516955061765825,2.84612588406742,6.1840747324891945,0.8739880396790034,-1.647939241808691,0.633817585080035,1.8700147741723385,0.417229295651148,3.5256284932434867,-0.5953292384118827,-0.01783634001150507,0.3207750269221233,-1.776766774054418,-0.26371511753850146,0.05511839679566607,0.24485691952161004,1.1781252307269119,0.7586712472782013,1.6607978027116457,1.8307096076733893,4.080078650814611,2.2370444764071116,2.774977631077889,2.099053506642715,1.4640046364583004,2.1121387002708736,1.6399257939702185,-0.582824876998962,-3.00162459211679,-0.6409098027912502,1.7909850459122825,2.639226104716091,1.8794876780604082,-2.722399622423821,-1.3107660084424277,-0.0650302920988997,-1.4174675515238506,-2.4186966151536793,-2.851632749008418,1.2132804888510949,1.6323624267340935,-1.2982436426952904,1.8279106676815686,1.3837123624357235,2.436169305206033,-2.7929135246710577,-2.192038749329696,-0.24040166108497718,-2.841859590117684,-1.5349916726079709,-0.9245500885505488,-2.1373187098405184,-2.7029959578550464,1.2945439273285315,1.8886925408283586,0.013460688276594428,-0.9492711753173555,-0.8159390793643625,-0.39839794875029316,1.2853797810085932,3.9934680949118317,0.9629821725793857,3.4455339766292687,0.3302842859291797,-2.7430530748348723,-0.8631154210372627,2.2896847771642723,2.2497778476390247,4.38676125163587,1.1134313546521786,1.2746480864918464,-3.1509555292057714,2.0427757681067567,-1.561412523255814,-3.0387545899236246,-2.3149072188150757,-3.5427024315557376,-2.9724339706213856,1.8621256986992278,1.4589982815448428,3.2192165199477953,-0.1772897809619704,-1.630721578260536,0.43878797602158015,4.068655440491738,-1.3000050326904435,0.9437518010510836,0.8792693416505142,1.685452858586417,-2.4477239067574135,1.9102044496134583,-0.9901458645722279,3.3293723580712835,0.5154637644820123,3.01178002254315,0.4799313782087665,-0.33473079879269274,-1.2045958413405011,-0.8425237981992313,2.8717331046837087,0.9760041703038127,-3.2203928889225244,2.503167309621295,1.8222927586533908,5.281525055753825,2.584717686905885,-0.8471177195617825,-1.0598949030659341,-2.3368557564374024,-1.7715458484978448,0.4653204584443948,-1.0118511924742732,1.6051007343130563,-0.7076408714259653,1.7884065487780698,-0.11652189067502791,1.6369666673168817,-0.5684986301359533,0.6125527154756062,0.8566808639981454,-3.8229348987154346,-2.6600122211340524,4.5417935411074835,0.06317989350910286,-2.0916598428237214,-2.385496214594002,1.4774007094316353,-0.9660056454336127,1.7259711234272712,0.7221429518237291,1.2673634574858283,2.033760607438947,-0.9293341193331289,-1.0387985076679944,3.3694196413694337,-2.7719043493689983,-7.704601810350882,-1.0908899001586572,1.9266862160371139,1.403713934666409,5.696135528010187,1.9697548446233992,3.5847585253451872,0.6263730385176236,-1.9658890648790202,-2.8967383584078834,2.362697165594202,-0.9069422991117119,-3.2537854327079034,-1.3863914443857004,2.065894120569903,1.1900310906492333,4.345102785426122,1.3747409462075753,1.0102956815324555,1.6198998180841604,-2.1388438784034336,-7.272130440427168,-5.084810741968738,1.1153985275509304,-2.609196653995168,-3.8416355648742755,1.9844981513202082,2.9418803608674917,3.965570017988511,-0.109876539722905,2.930063714855503,2.2043903657139845,0.11261430479277107,1.336393767570863,-3.599538384148619,-3.532195347717609,-3.91730032778936,1.1038261939362628,1.7426930492277461,2.3477313947990046,5.132221737690335,1.4075096685654434,-4.135983635309047,-4.267919591809194,2.6294277007015787,0.3660547924516005,5.366214031498858,2.446894641591698,-5.099522125742859,-4.1867056904804585,1.9498673825244968,0.3000849840077456,1.8642806752599383,0.8114302448868941,0.32774715064258064,-5.187610170907135,-2.132827912469426,-5.2123015791542775,-0.3974158649512725,0.9079806508432919,-5.053916538591739,-3.7860868691035856,2.0816219360125023,0.6400319029432402,1.9602589538410848,2.4766463877914218,3.8382548028303174,-2.7855213541800183,-1.8701257123081723,-4.9443717736629536,-1.8722473180005543,-3.6282648398499897,-5.2757103087620205,-1.6660987863857928,1.839045293625484,0.43990897110492394,3.5705918817309126,0.8316746009273922,0.8871886341649842,1.2389966244894037,0.8130858200461094,-1.8177841150688525,-2.022816642861289,-2.4910198127117793,1.2108142090654734,1.558975052952962,1.4234396006129209,-0.9685215275855608,1.5669196210690843,0.7837622519868646,-1.5872620723957938,1.5860443319835797,3.1875294006933523,2.0334595771255772,-6.359977984814425,-7.464080537876754,-1.664412973423388,-1.502291121516004,2.1671622813562275,1.5157274833688088,5.410890973668328,4.916074096668164,1.270683890713983,-1.5427812921035724,0.44706435753430684,5.708769728104673,1.8773236703446683,-3.34779045189913,-0.7671669186238228,-2.1807052273313396,1.3684288557726763,1.2545334722686277,3.080719693529779,1.6250699343624082,-0.21439837997558522,-3.693319622915212,2.9797328746214027,4.593205315669916,0.5581551533225362,-7.870647492597275,-2.6204432157515036,0.05908268303651078,2.0199958690845676,1.326413127890177,2.614705824654263,0.5881051255477991,0.21707763926198426,-0.23533750938223172,2.717821398910961,-2.320749074689987,1.0440603845417777,-3.883026103489748,-5.672138091625526,1.8130419578381873,1.919068017315402,-0.4538310472850872,3.0493401682483436,-1.2227230175582442,3.6546217615927024,1.8083963174104698,-1.6348514055615668,-3.5234972843279837,-1.8107578652629208,-3.0514649251850385,-3.466694114088577,-1.400159246892931,1.4491549217767354,0.5825683280022774,2.9662986819426123,-0.8871832588907751,-1.663238990774866,1.082564254531064,1.343275755393074,-4.773101765199555,-4.209598878992717,1.5168216218911739,-3.951100198812785,-1.5471732365789068,1.9196530712908348,2.094757377067141,3.33161423248765,-1.3851127671342436,0.39056581828409065,-0.2692553546958763,1.2447674405684073,-1.0959205979668567,2.603000627311897,4.961845168581025,-4.394051176232105,-2.9515955843072654,1.9602884795786177,0.4293256954274933,2.6164838449108916,0.26512266146701885,0.13537339785884928,-0.8635144106798636,-0.861401911491587,0.21487616252718195,-2.161368713060036,-8.843489574108496,-3.5646994450723457,0.2148384149694092,2.0145725513016206,0.42702867456302407,2.4516238855799464,1.3828468116610015,3.534277978042299,-0.03011345051587585,-5.082437792881904,-5.505031103511252,-1.7578235919474832,-3.219847171843136,-5.12128551430013,0.18380228159556428,1.5275601948978126,0.3172569437807064,3.0631731556557944,1.5639448586322222,1.4850631858399623,3.2104974521485303,0.022693152227696488,-2.938450400843698,2.196418837928153,2.5862537106055865,-0.4121440102037471,2.378060160085396,1.5298714492780412,1.7251983093286682,4.672564314763654,3.7755575800160353,1.7323637776572292,-0.27896270529584855,-0.6567831485597442,-1.0543391820442682,1.6039454824494266,1.636000681235641,0.9613546192795793,-1.2702433415643621,2.4778155341899284,0.634734040068866,1.6678475620768871,0.7439610221130801,0.2873286374054993,-0.47157657474515263,4.0398520825155675,-0.3493252630682835,0.21622777858615905,-1.2487497067773348,0.0302234998841501,0.2789246731534698,2.2176076507548936,0.8912521788099774,1.8215237441831964,-2.6337003971491404,-4.233610112058419,-1.2180018198083316,2.645789420779477,-1.0150490080449108,-1.036333916779732,-1.3293100033874279,-2.9443175604443357,-2.6268618803867043,1.7698227637875454,0.6092655889407401,5.67253661308842,3.908692092056673,3.3096591461121636,2.732304505647055,-0.7566232695032943,-3.3245865126247827,3.676416368771253,2.8203899509406387,-5.038690230253842,-1.8832928888095326,2.078260269838514,1.02340635039457,3.2627581086878434,3.1058568413179883,2.378696849693083,4.187899507341612,4.101242703823127,3.12520388961327,2.329549310695951,1.2330783796618996,-2.058682896076931,0.31169608964416684,2.255584307573594,0.2393306109693654,3.0917584784028636,-3.102501980475864,2.2663501815363487,2.4302393517719496,-1.8902275163695361,2.150176074696532,-0.279884403861908,0.11029182219343067,-2.974480647319343,4.973838025770506,0.9512436312205796,-0.29214900498947244,0.5592555684068359,-0.09067820115168686,1.572188692299233,-1.608879782925715,-0.17535589954842426,-3.6861408276847247,0.6812422768098303,2.570017386224281,2.6328629324495414,1.3003447780901993,2.173759344712459,1.454497077994049,2.6510326364506565,-0.26292239520274857,3.955120620716831,-1.2725694496711466,0.7566666146096778,-0.9603266224290483,2.508239169181587,3.5871969061641025,-4.774455887004894,-5.175943587818817,2.0045694181537828,1.6132312925295291,2.3960776276541913,2.5260620651472196,1.6180002769585156,-0.9088455239207932,2.6322272840232857,-3.6516283911658385,-4.220296424991066,0.03153132818435558,-0.3648566527246286,0.2201741223695261,2.48189262945256,0.09274891819417311,1.4986525172665757,0.32567921992690996,1.5641352994090492,5.350621696106675,4.2111997298262285,-3.6889711174676068,4.1276262981824425,-3.4443927746549328,-3.2184507274420486,-2.269636347735533,2.156043222641107,0.7263693936397453,0.7554104229816114,0.12031739662188129,0.686776658227533,-0.9843522847205793,2.3625996766585358,-1.2431391689908806,2.739004048221559,0.48682606020583197,2.1476908682904727,-0.6415286806078124,2.201959225070659,1.0438956874120489,4.5934129772901375,1.2475641265280233,0.8197352183032858,-2.826230823371841,-1.1221757614401626,-5.377128023407355,-1.5278152437869343,-4.6336920366663135,-0.048680369568427966,0.4586022149349137,1.893322071938838,1.6324084957699994,4.2377304541102045,1.0839694149727936,-4.501302497482369,-3.4849851565360663,0.2961974774293403,3.1207154880124897,-1.8926264010577243,-3.75932720160816,-1.549450130774253,-3.209546605332079,2.047992709914318,1.1878606118530943,3.532315857231695,-0.05061649505579656,0.9808301493614089,0.043740794121085926,-6.11062182549409,-2.675163919930798,1.8441604010601875,-0.4607649706929293,1.8501811986076584,-0.6068382701412539,1.558012059443286,0.06581004832523112,0.8392361550973999,-0.19592723038313148,-1.8811994734221065,-0.22320941242796868,-2.1099354708667892,-2.9794845058298525,2.104668248096299,0.7222635344132627,1.6844340345086113,-1.905526305961212,2.0278910493590097,1.330106808442371,5.059760367845265,-0.08146296744893802,-1.4367234934664086,-1.16665846016186,2.861070350519556,-1.515360225186973,-3.9288013224975056,-7.180806513524499,-5.206974480425987,-2.4007526494733757,1.8758969656097002,-0.1209178552024244,2.1454040975377353,0.25539066251026965,-0.6682303825319235,0.04482375214381726,1.6164557148387546,-3.371443834683874,2.48119849823485,-3.043713465946033,-2.2689197191668913,-0.8780545823577205,2.2744376408696407,1.3971822653749864,0.6646197782542724,0.9281155256942061,0.18386184837399078,-2.791855862804769,-0.4903995562871217,-4.451077767646005,-1.4718004674228988,-0.14626193450344757,-4.360364246008094,-1.8353054444172217,1.7665971455220904,0.7763965694419244,4.3965845138567845,-0.031983182907279833,-0.9031484199407794,1.3718048291275395,3.607526476712003,-4.862520668680371,-0.2007473070454363,2.287236010984459,2.220327221722411,1.1845248566072915,1.586709181558491,1.893231203216035,5.324546790275304,1.0393525294822221,-0.8024069504126393,-0.574995196677503,-3.887637514512582,-4.625830344629487,-1.2046561596188297,-1.2567428760145989,1.2957103817481146,-2.1611549717090295,1.288944624024598,1.0150853361135859,2.6032150969369487,2.558263673067827,0.9670212917830081,1.9736293628901036,1.8782044645469598,-0.8513239354171426,5.332141165279501,-4.117625814678572,-0.07674377378165488,-3.7930606184650335,0.6785651204783847,1.2993573137986607,1.4112898006989225,2.8504941582924808,-1.5775984877040206,-0.4398704946680417,-2.021914770219286,-1.4383474952426833,5.880039565096342,0.6733707786647991,3.9767607766263087,-1.78678301755144,1.5670527515821957,2.1118927119108575,3.267596339121546,4.84101969438025,-0.8532519530749569,-4.274835719915821,-0.15735383333808556,-3.4691804527398724,1.939280394447601,-3.770347991605741,1.5325755422781837,-3.6349448047857456,1.4937416867269213,2.1462098524918356,2.4931942406564374,2.345653982509051,1.1306765548513749,1.6904879922084375,4.4550793351025195,-2.003142960629132,-1.734312352918777,-3.20240901508523,-1.506552217552812,-0.9946992103589307,1.9142576713631874,3.795917313759393,4.820906534285886,1.1927410698922778,-2.3510833822784347,0.6679086471228165,2.0079047670024064,-3.3216336260961232,1.0008553771851085,-2.0805224303594585,-3.3118719360170643,-1.5106632338342152,1.5002899395388924,5.790925212163645,0.07815485030932658,-0.3397867890836703,-2.5261365603525823,-4.285199607100007,-2.837543695371305,0.147112466916856,7.5021764108165,3.3573524571509696,5.964907946392492,4.13790700062441,1.4241449898188334,7.377895693816668,1.4737139032467768,0.5809127907518206,-2.0589017982147815,-6.369384838469582,-1.24590722990944,-0.27026765407376974,4.245127754190214,2.514854959859589,6.408597696573399,4.139828827819315,0.43175704951644256,6.106526439612397,3.5076248418352933,3.039757568402263,-2.7290215061227925,-8.956208403574749,-2.3265847497438616,-6.580043095900595,4.780491507082742,3.885178219461322,7.279667944700865,2.2707788555419257,0.557116158971928,6.808703490725686,0.48064938319700823,0.11372570993549198,0.839574719931752,-3.699215489821032,2.527773265197342,-3.5473594728036866,7.206259952637741,-0.005861570346415704,1.600434535614595,4.533845020100029,0.7642833531524791,6.852538499188981,1.6644532249361665,0.3518426303331209,-0.6106688773359269,-7.298121266327609,1.1542501723912215,-7.2107557148125245,5.088981221027147,-0.25988177366658777,3.153422291071021,4.029244532496033,0.580861311205427,8.923850035020433,2.1691619798730666,0.7277325758606824,-2.8841362862207403,-11.746677937490663,0.14418452789108258,-4.698001662485817,3.452413084796201,0.48952798493226796,5.4456152762346575,5.835006758013206,0.9535799157683439,6.058432310886675,0.04586013075047903,0.17364061674238254,-1.0085281453414792,-6.032797745892767,-2.949719876359454,-5.664335698021188,4.381442957938797,3.3105993368566384,6.400106831103327,1.6120567014382754,0.44286486698321725,6.673892659452408,3.5541381419634237,-1.032798831077091,-3.0881125222145633,-7.294941887593133,0.408844895847627,-1.4604140429527075,0.5296610139610448,0.20614026707611818,7.969900668735243,4.5878599219004,0.8765179219779397,5.959330667541732,3.376799184429675,-0.5091364776302333,0.4103229589424018,-0.7038694566158399,1.1326447295208668,1.2370401099239199,2.578828618898071,-1.2410753875449942,-3.6635981150044916,3.74566741425296,1.3064927970181743,5.525406995924443,2.915337020538946,-3.0665942849604533,-2.3750894981476898,-5.310081124360788,-0.12889205538393428,-4.7659186742954835,0.21514436350198793,0.2849106960033959,5.156598276174164,4.018102966212655,1.9391104869965465,4.506355652151662,2.101069334950884,0.017108323706240873,-4.876296736209462,-1.9049442069934532,1.1910355815703249,-4.361533415919997,4.793685234294053,-0.8779925018057875,3.7214567959910076,-1.2605366256425823,2.1312140937712627,1.96067692388414,0.8174833460562709,-1.62849656877163,-3.642794977220684,-3.8012553264671873,2.910845179626494,-3.2397421413672443,-1.4796983195084161,1.5019610674058703,-1.321713196194428,-0.5997802676750231,1.6660914695389168,2.4066301409479656,1.6067406496979544,-2.5147630220763664,-1.5442918123952516,-0.3605637724840581,3.8747064129427553,-2.9262294994504243,0.5815587888223239,-0.5309094761522928,-3.1749070168560483,2.6655321071267126,2.2461973347782287,1.4426584384498549,2.1309797909513715,-1.2910884395053885,-0.0021370430952491453,1.8407717372359305,1.7764147763715126,-0.290361400121381,-1.5621449367457168,-3.1769538537974675,4.776789568268059,2.2331238580000026,2.1838316391352235,2.914389834432883,3.5375506849053915,-1.1430914320974561,-1.477899732629393,-1.3713232467363747,-2.4166623563602365,-4.769873059693345,-7.477856415269539,-3.40647900075203,-1.6549758013321227,-2.246561270554939,1.8069477074581215,1.875499751254931,3.5639786534368842,0.7434760115150657,0.30420244555178433,2.2531738236778027,3.1952733686190546,-0.5613450876207056,-1.218532789711232,-1.9056770758476778,0.2547440348060803,0.010979453106908002,2.063619360349317,2.577588570061591,5.912598509285016,0.07823202777092715,0.7376260845477365,1.6879050616209663,0.48528347906012614,0.8381548518563423,-2.0041041675901403,-2.1807384853625527,-1.0646946349383413,-2.3750812068870593,1.3634460275882379,3.0352802647252886,3.20514733571844,1.131566115032843,1.7517786811553213,1.3970175439549326,-1.3322896611907444,-6.198100964289348,-3.9478579125119975,-3.4888245352084817,-0.3731174361484488,-2.5508824701615644,1.708784724589427,1.5984387967660953,1.8504578011935018,2.444625303871091,-2.8265410125351287,-0.9001039736333587,1.3371610377280576,-0.9588402593195905,0.017859865348793115,-2.1208293363132906,-1.0173206901643341,-0.334877889913533,1.3014810414963187,2.453319057545658,2.152673121336783,-1.259298276003831,-1.476960740905054,0.3205649795895909,-1.3959818991549082,1.23566747370453,-0.004967689678660765,-7.362006411341165,-0.8887927170926916,-6.128115897996282,1.34925477329098,2.1839556207533595,2.142218242429051,0.5712183081921367,1.9074329822466591,2.4347078878731323,3.3602034426655414,0.4018074649178466,4.664083785295098,-8.78030355612849,1.1996190614148596,-6.540926081711424,2.5836260149849752,3.3788604207875785,4.344739549932774,-1.3207518560569098,-4.689177765268772,0.4513502672521921,1.805350101293517,-2.7562188501211318,4.083830511955675,-3.3201788740774414,1.276205271327195,-0.5491419603706011,1.7041325901626063,4.9027539294698945,7.960550639919121,-2.0657856725330754,-1.4582191491290708,1.676484512673133,-1.7773209439329323,-4.9673308224914186,0.4835272895580527,-3.0065492824333866,2.7711676137777648,-0.943105973072043,2.0378963831111117,3.100132679511867,5.019626199960411,-1.8592132462552997,-1.6390178504007413,2.999561844416703,-1.4450201225488557,-8.559387403058723,4.699390551414825,-6.0186230434809,-1.4725657382198867,0.8488170426869193,2.1969369097981426,1.4147454480089146,6.348825721203816,-0.09847846291006698,-3.981398052635622,2.34156907478793,-2.845638928723005,-12.766822492390798,1.0361535730220242,-5.852133351656024,-2.8921959262399186,-0.3058302954662326,1.3196871241911687,1.5442519016912102,6.287095977819907,-2.113683640287196,-7.139673762579636,1.6139050922881568,-1.4558735034698318,-7.185988883615794,1.5652800857592575,-0.48701053103951064,-1.1389471943470717,-3.4383724224179355,1.3363225607873241,0.5670290313507663,5.91131706186141,-1.665275010658626,-6.012255759268745,2.237823282862027,1.1085773091471947,-4.059207346711485,3.529143360582947,-0.5052000713087692,2.468867551669034,3.6161139441947387,1.33124248954827,1.0908265132280988,6.770086770013781,-2.6802017109477903,-6.971537257564283,3.363812687587038,-0.053091085617567466,-3.464492126454659,0.3194806834887063,-3.07153112148012,1.856267209713931,0.03845810444701743,1.2267446077459656,0.7704657220751524,7.717357625470138,0.9325503870869615,-5.705798645466995,-1.3662742633399423,-5.719249317011006,-6.148815434248027,1.5959651937412966,0.2892911100985583,3.3738289601741482,-2.153174607878186,1.1218750148565224,1.0966365847267128,9.35377821255541,-0.15737611999379628,-8.037224041583862,-1.5226429415845326,-4.928877042837072,-1.5141796254677233,5.6638584114628205,1.0760823077891515,3.740255748791885,-1.0702374396349708,1.0548062256486457,1.7139621047592108,7.878689901966529,-2.822635001571531,-4.771256063824775,2.1631109423818393,-5.82149687578084,-4.497989265627205,6.250210581447205,0.2835374283444598,0.404829966854969,0.00717299056349751,0.5026637898782583,2.2197852314252993,6.2868393264516,-5.330327022585209,-3.9059192600781625,-2.1759855236888144,-7.352559390883898,-1.9612878385336443,5.3585978853589245,-1.2081737538137507,2.384103887044146,4.228659072250359,0.16650837663347764,3.9049960696913075,5.815552857931863,-6.679775214948156,-3.062806972491654,-0.8805705191527922,-7.815210210899171,0.04726643903493331,9.118793992964203,-0.012285583322198644,0.3524740471638084,1.4049810944691616,0.27061964421870555,4.248892991917682,4.867466168557794,-5.509402202420208,-1.7433501159483924,-0.892996661597096,-3.966099678067347,0.5272661251513232,8.602870556560863,-3.3411457531570856,2.845696951732562,0.5370125354938942,-0.4106820037508683,3.847306898076235,3.912469483017504,-6.511007332153935,-2.97109403975361,-1.3355843647407108,-1.7244324259724977,-1.9049730487213683,7.199482896661818,1.0773121379455857,5.9968626355602765,-0.9702474391333276,0.044495464599500226,5.266002497820856,4.738619382729651,-6.173012591581023,-0.4726631682797274,-0.9630031820153758,-3.672110024336908,1.2001716937999884,-0.16263611225015687,-3.5431133771574976,2.5438622523310372,-1.5604811793876392,0.2843269029740509,4.789372930101369,2.2512872009233234,-5.698395803471959,1.40413615649751,-1.923080302378797,-7.087177945832244,1.1448646551760853,2.302207521595003,-2.152884824289897,1.4374578050233753,-1.5177604811129544,0.511609076796641,5.7894134334120055,5.186262489429658,-0.6444276819009989,-2.9309676184182667,-4.330715848539429,-5.468783878287041,-3.88395371227073,5.474297881746244,-1.1255084475213815,4.8119209396877825,-1.2173317642079355,0.7964177521766554,6.957565230031311,3.386229176857225,-1.7366597787321607,-2.1833907972704525,-7.614642255110121,-3.8592702212931593,-1.1340057272215511,4.877622352652245,-1.0259455671938966,4.978017826142919,-0.5625458307066179,0.6087037341521806,6.8932884773984044,4.906316981439009,-5.4198370756761864,-2.0940879100804404,-4.794424570949918,-2.333382321807518,-2.2935936923670917,-0.10835659978068451,0.9282685963374082,2.8085856721878857,-1.4746886778502488,0.4900045063822728,6.180966472135561,5.266169669028033,-5.274021154024274,-0.6765918039507901,-6.131269095314411,-1.6860216482399517,-0.22842272063830277,-1.7419152400128557,-0.7741011742857632,2.9475367337771634,2.0683525216417076,1.0590107507018183,6.83175311602382,3.7000364780413624,-4.989096976936023,-1.7454145610865606,-8.132322842038747,-5.920269612718183,-0.7151945938549513,2.8380793621279894,1.7966752460092497,4.1209524778847095,1.7814112040517387,1.1951344342309265,5.440430140153387,3.2964669281491803,-3.5507468660422945,1.6625642822978157,-8.25445200188325,-5.3461747091254495,-2.009715528158383,-1.1470819075939,0.8991900305732428,3.9635225045723312,-2.501302321971063,1.1777016664342161,7.039859407749239,3.562976631335915,-2.298954410056498,0.21084170461694962,-4.188583752815314,-5.790349438776022,-2.567370008703592,-2.072934740440791,-4.162974518080164,5.963874799288067,-2.415777055315956,0.3213109261360564,7.581895168978247,5.511751403009915,-4.539061360527063,1.113419994688117,-5.813506136536777,-4.6244269382281775,-1.555345357575953,-2.5277750409828688,-0.9989842806450091,3.453967237748658,-3.2601560802073353,0.7598763266656763,6.1307208628120495,4.351253546398329,-6.12036945728291,-3.5347646614193726,-8.28206326437217,-5.282556108356007,-0.7990972066463985,-3.8415359141179604,-5.775483011970149,0.7337353751014225,-1.8716553461563379,0.9654778052656837,5.7575775028347405,3.8070798851387195,-6.135468879725549,1.4148674446760807,-9.851074678804425,-5.381722349204361,-3.8139550077071624,-3.7088897807786037,-8.001257502191235,1.922686158957072,-2.011925614649069,0.6619458556882557,4.3875852179809485,3.1737832915391166,-7.335621971232184,3.1078298427625395,-5.377870614595503,-5.05119274990504,-4.4194134020451035,-3.8341057811828443,-6.789219079001399,1.2019917404165932,-4.751372140001045,0.5836493870829111,5.821195826893179,5.654378550032095,-7.065731988270375,0.5299807401137859,-7.689001871824586,-6.844324324106183,-3.9968698305857524,-5.588125684166868,-4.814838042794446,2.2500683720048587,-3.605705576722886,1.0153238354871685,5.131245615999277,5.951983195605284,-4.454570536691453,1.0918043053356885,-5.252245039809239,-8.389979886230797,-3.2548446484174214,-3.7141636908379745,-2.0099257434841626,2.558106717324339,-2.148473673377853,0.5228753840373028,4.477817467604423,4.905561090616702,-4.2727297868150975,0.17864015809526002,-3.765302456368037,-10.018863308821699,-4.188661160131914,-5.1925989817169595,-8.242233025214666,4.343781098725128,-2.6116038460156004,0.9140208771633537,4.9757200643163815,3.8022710051818986,-5.282762801902247,2.3700286280488347,-5.99795805633901,-8.544082705685872,-2.3438273646388463,-1.28281739534205,-11.609924054050271,2.683085078462922,-4.256058567152749,1.413984705375028,5.096309082966848,4.5484412263559,-4.223041142555381,0.8019631176757208,-5.052151752833693,-3.4322863886815993,-6.1615061437769265,-3.5399535862639486,-5.74738036532393,1.0200408419954148,0.11258405352339412,1.1338152256929739,5.6850682851904795,5.320151145358572,-6.640711144419463,-0.10132926765515532,-4.603028579120186,-7.125427953226583,-11.827834648876564,0.2586574050186098,-1.3298057901109808,4.7026006779738285,-6.586849965448247,1.7315040667973,3.3762031427776495,7.042999129062098,-3.366693199565521,2.4842923049507166,-1.4563492958756392,-4.913788819440611,-4.333938016439825,0.7724794192403684,-3.3618083449013034,1.122289052891099,-3.793968604823406,2.0162163649700706,4.373810758947181,6.0486329056581765,-1.1446132405804352,1.4222439185984677,0.6902128651652039,-1.157504416477249,-6.562772898468145,1.9336918680942465,-7.9572886242207845,3.624297049657045,-0.930236870823586,2.5212258786547674,3.4936743870118923,5.152240820273509,-2.1596727194111045,2.3160523163407207,-1.2115412859784713,-5.8697844972856705,-4.767508768022983,2.7706924126668593,-3.791184256674272,4.153422442832656,0.09696174231453325,2.5208688374166557,1.8533376316211096,3.710496868920455,1.8542249018186632,-0.3867890969380842,-3.707372408500179,-4.945056336062498,-5.7439859099208235,0.3883601988026423,-2.072041185854092,1.129936429492659,-4.437563794254983,2.277237190681312,2.2304719531970507,3.162069061194616,-0.6919911224535588,-2.4098087735634834,-4.159480031265384,3.4079318882926626,0.36776050403667077,4.433218999903148,-3.6157707312655574,1.4933006358074175,0.02238170558666658,2.197164245399799,2.955176958787553,4.367777516186393,-1.9248597972647208,-0.36368901494239825,-2.304915515759404,1.3392474351208135,-2.282150840912789,-3.253526005106025,-2.6801483762299316,1.4001713221353158,-3.3717211500811386,1.7214098566776195,1.4560265564427235,3.005714345512854,-0.8414355911469716,-4.3263021637938435,-0.00573636077819106,1.4239829574041885,-6.889184528111319,0.3236954207358375,0.3647967174821974,1.7027354365377985,-1.9912454247397497,1.6762408997592741,1.515339297945282,3.0851227974671427,-4.085076526483347,-5.180836359616554,-1.8498504769620459,-3.8568755245828705,-1.8277197842345836,1.6546621306130473,-1.7255976758805744,-3.8274554986210756,-5.706874742550007,2.019902943088105,1.4037335783806002,2.985340214847467,-0.5993335202257352,-2.079876991843326,-0.5701248193311429,-1.0929494758631024,-5.304458427059699,0.3831929804937275,-1.9794529833360361,1.0414344312829342,0.03335618804991429,1.64056528584624,-0.18193309234432892,1.7801066947600843,-0.2886412146571318,-1.4601217540129392,3.1585511822778334,0.9129120072775389,-2.441881495810865,7.393920892200098,1.3647675757820457,4.38499584696974,1.7367758102902702,2.027166515728049,1.3502145606342617,2.70819510036838,1.5897327647829151,-2.45270871871992,-1.921476451275983,0.22139144114427348,-4.367412059411206,6.642558830416667,-5.169208062110777,0.26723668350275454,-0.8336701884691473,1.6567189702301888,0.38870631655505744,3.1512448139099902,0.017519942114684845,-2.6855294762880892,-0.7756772567942763,-2.034103663819266,-4.317860367467339,-0.5355723391711482,1.5046098121221867,-1.7132707525301176,1.922680981305184,2.086705391335178,0.6046840357036739,0.7823514980646221,-1.2910917976184733,0.0959319992941296,0.11989194353134217,1.1303395663410973,1.4762110091284162,5.569356345284316,2.9874925826478553,1.1834814720544098,-3.6126409237774855,2.0897858494808927,0.24708391694421714,2.4314073780506726,-0.6144248639349993,1.5742437455480303,-0.08662454823035816,-1.725165672289577,-0.8044016916470355,-1.9375027824912006,-3.068546429833358,-1.3128643959145772,1.5495824341727138,2.218797539188972,2.258726690959126,2.870882908858592,-2.3755992564433717,-5.928851225109679,2.7629982802448025,0.695052944620383,-0.8014300929066093,-1.0160584702928308,-1.224652663513917,-1.4432061482220138,-0.6933040675581436,2.109604113651313,1.6907347072087295,3.1647193439875303,0.569480801503458,-1.390191645132331,-1.9092920060782201,0.5794244785499381,-4.783805930205402,-2.4703833190035325,-6.50221355294126,-1.8389899784873511,1.8491195401576188,2.3999067797355877,1.4411264362791685,5.398289944130196,-0.3623413265925217,1.169602604095779,1.7651798203767834,-0.6710331323457727,2.062548597435176,-0.23560477873065813,2.951708518744915,-1.8784677539334793,-3.310339871432163,1.5398968053903657,-2.358702679077883,3.190086019213614,-3.137557122255243,-6.271572281057036,4.902000473484485,1.963702372181925,-4.230276754228206,1.782973921880946,-4.558200453513327,0.36841003883359374,2.925548677295345,1.5310816336114306,-2.9364385913191504,5.575202211004084,-3.01724349341842,-5.180369664781159,4.137272361666078,0.28279172299602223,-7.918058342250981,4.373940795644257,-1.8227080394818929,2.5640193300064604,3.231816809844126,1.7575740830634077,-1.8470511923586823,4.37683324302064,-4.588257004671751,-3.323624867647423,3.8365421021095,-0.8685756710484729,-3.9539505841868436,7.84495659288864,-6.117322974382517,-1.027938248885562,1.5237099724470942,1.5391196365636024,-0.0078323842106706,5.580569985064615,-4.044340214948446,2.3833776979581365,3.147589737132669,-2.650897046096883,-1.4539584026726082,5.145069865780683,-3.6901582905957957,2.7753411895580036,0.020326261929683356,1.6966297190158939,-0.35034997729572176,2.5470656300838113,-7.265517094069012,0.251892315708892,3.657382258348724,-4.240473793115999,-2.158932238560397,3.145970912226518,-0.6849004093768364,0.22522274573492648,0.9111145905578086,1.719566285645111,-0.543830633547796,4.511791139799531,-4.22591219198805,-3.7557791409689885,1.0588443540569805,1.4656999171525558,-1.8837683856480847,-0.15144585470556604,1.0536589225087256,-0.841782050811559,-1.1067338508197426,1.9380102965700843,0.3124964372818095,2.9353977072675663,-3.086456221046138,-1.9450701763795928,0.9338362027222712,-2.8826344836886766,-2.3542599901097883,-1.1897276712329723,-0.16677150523660655,-0.6820815197457609,-0.17797795305908704,2.5638244039822897,0.6703823966665166,3.319079071641034,-0.9057629583262438,0.43883878856145375,4.505821115634398,-5.749695791338486,-4.949420548608281,-0.03702117460884533,-1.8407522161730092,-0.29328888221521515,-1.5152429733578785,2.4578175329520477,-0.5378367394019129,3.087754491290775,0.814641364903729,0.17234104320394017,-0.7501794398547812,-1.475171008298536,-6.018567267564163,1.4510125105546448,-2.145902019149699,-5.223684415331025,-2.163672711339282,2.165666494294806,0.3671917525635687,2.166718887942557,-1.4110483639837317,-3.4707637605953785,-1.1304286613979873,2.7833968210079503,0.05783337567425956,0.8603149084658132,-0.8588384976000993,-5.191519797508872,-1.0520112819941199,1.3219989460205892,0.4943587399812015,3.4154713114061908,-0.37064615476764967,1.1917519553068197,-1.3434441228293492,-2.8644441531216196,-1.6327879686465037,2.0081562959537482,1.5294751280596104,1.2285337924800557,0.33195391497029064,2.0065785359700588,1.2592688906211094,1.2174467248441696,-2.206648656889465,1.3461981192400587,5.153478184878744,1.9293065806818763,-0.44755290281554455,4.908664806581562,2.0970199711788404,-5.610170522710489,-3.194579026975363,1.47698279576325,0.5055267347112252,4.3843531327045415,0.09489658562118608,-1.792390949920567,1.8500438068831986,0.8507765240471666,-4.329356704300446,3.429832036050845,2.6524490805737337,-5.488554195930716,-2.2746536285779184,2.8641894473457667,1.8055904430131866,2.420770510547678,-2.6113316439763152,-1.851569095295454,-0.8258075851748666,-3.2674785850173085,-2.917832950499232,0.4831075574410376,3.6644394474194777,3.997817885519055,2.614060171897526,2.614848559789441,2.7923977154193365,2.669608733239854,-4.22498277369581,-2.1923096747518036,-4.890867756002756,-7.325958733241486,-5.444043679933479,3.6630935335526624,2.278420801692333,4.632946241312606,0.4844359409776654,2.5742280070223678,1.851370089710639,3.0681893042636377,-1.0997890012515819,0.6000697265604651,-1.685349149839137,-4.126781800263646,-6.729943322827611,-1.2033194531127167,4.565686113621387,6.743283485579087,5.555923268247131,3.0122526392499234,1.3561623689018676,4.3566856746036,0.42461366654943267,2.4427979224580603,0.47016366761692885,0.15350564248243392,-1.676037562241311,-1.1956998482124825,1.1141639848825644,2.7894732575450076,1.5957321184346616,3.690804222987977,2.8675986975128436,4.456658302352742,-0.10762246427091797,-0.359145964844859,1.2236575833871222,0.6689399952714438,-2.738039702542862,-0.6611006197287661,-0.47947246200701255,-2.2632894123327687,1.084365984738134,3.400742296060632,2.5840409343606328,5.200016041165303,0.3346822133049641,0.9941247698212913,-0.183738324934278,1.6524453846433464,-4.139536116493618,4.373874052944754,1.2761332005724155,-5.981497493980132,-2.648192832517573,3.0006092108315223,1.6479939934921464,5.430791532180065,4.244168654295072,2.979027704649452,0.7416076030423067,0.7676325520667417,-5.6255990102270275,0.3041018717661936,1.2613881684090769,0.3004395949371037,0.8757603566007904,2.8665693347495758,2.076028588520077,1.0649982378817506,0.66304329203659,5.527217425497945,1.063657417705537,-3.1263267244463333,-3.190555273538871,-1.2274048340531307,-1.5347654888719817,2.213457752709938,0.9474625195967814,2.687072737816128,3.114243499543799,5.801715755626435,0.6551580057459034,-0.3338546160177809,2.2382896058828377,2.850113570417867,-2.840617283986257,-5.867664029532041,-0.9536419420337808,2.8913118707433094,0.7893008372330854,2.5566929530003892,1.0372470883633984,4.3204657561669215,-0.2633623052913967,0.178027793659466,1.2127712159404338,-0.36392568772812434,-4.004783358705373,-0.8990967054355777,-1.150233064096317,1.5215279578700436,4.232162017740791,2.7460843714673806,1.7243677785359324,3.882683423230133,2.572000177729961,2.359501204694984,1.5991005153500355,0.8388272486479136,-1.1286205914114158,-3.1713351181486544,-2.169403711297793,-0.5223340767633288,-1.416037549403868,3.028262771976393,0.8351921122662631,4.056182779874159,1.945691636440944,1.770390193596228,-0.1484125977491945,-0.705622735906402,-4.581688472755004,-2.9192746454921914,-0.8407532274335141,-4.479683426010269,3.379628312120629,2.5138283390778136,2.39946252673716,1.4139224710704,-1.0265459471862528,-0.203296807012283,-0.3883701544905331,-1.629248702156605,0.22662072164324767,2.448797774119771,-4.984878349167067,-1.5261049664385282,3.0240492941881723,2.4290295337842025,1.6034062586832762,1.469043297232193,-0.5678075784042244,0.5616898915422415,4.722905884328613,2.4003886041242675,-4.223114910475916,0.15690477624693155,-2.347463847985554,-0.7176561971331817,0.19768951074770008,2.359315113267459,1.1477725059753834,3.140119063062867,1.7780893781757388,1.2703686712602764,-1.7008008037159619,-2.0598560049673664,0.5152107736954838,-1.2758071130829522,0.06288654069539555,1.5289245748168523,-0.09395915831762863,2.262173898280231,2.65430296892444,3.381115570087976,0.23723437585830628,3.495945472544565,-3.6926427309824317,1.409031974633868,-4.111939679975445,-0.8963453880435192,0.10906562598768328,-0.24638178756014048,2.6655922840182127,1.794936735692799,4.684216050103695,4.086043558651797,-2.89811024417297,-1.1461689944538656,-3.8075717610044078,-0.030131409511546494,-5.312770181855204,2.900954645309995,-5.913195154000485,-0.6629034805742884,2.6145872652782387,0.7085805109654486,4.820293419901831,2.1111426124077606,-4.453136941510165,2.4692769351969828,-5.745659249449571,0.0373110664251715,-4.368573232134421,2.460857010895459,-2.7884186669555175,0.010537117758426442,1.6834376618619649,0.3976448042853513,6.064416051228434,1.368981938751928,-4.382327669320631,2.1243411589862897,-1.5072859562961693,1.5315665645662937,-4.577205070037105,3.491850954161651,-1.1031409393457452,-1.6652013706047863,-1.0210078358072794,0.29266658418839336,6.882999571907192,1.0843306016928471,-5.123745236075488,0.20160951374987485,-1.8906638816287515,2.0969809853640506,-3.242944566169354,1.4679846954088247,-4.434772674908742,-0.43054659714292476,0.025213604888147403,0.375069267713327,6.733936649728077,-0.9088875101624987,-5.726005068512598,-1.0927411148077466,-2.661011291745046,4.27491429686788,-4.953180355675775,1.3158459796776591,0.4089976662809423,2.4528041561314016,1.1199869756769276,0.15392474454252644,6.5057219316484955,-0.9691288338308922,-3.443784563001609,-1.134783509381297,-2.9701785088097155,4.330734128826645,-2.6650283356209465,0.6172980477238668,-5.962946173993932,2.378927580214968,0.0406654000617148,0.5407580622252879,6.104193328982614,-1.63992402358221,-1.8753904891532942,0.5209188564609778,1.8397226312813477,4.614880007726298,-4.156670875207435,-2.1198922244755956,-8.2771902436764,2.031061153796897,0.5569688696021293,0.4483547288858906,5.322243771068583,-2.5721560998938577,0.23935785256326458,0.8056846005704682,-0.5668131077424539,4.8486497879978065,-4.548352182410536,1.9598270947677927,-5.607848771412782,-2.3533656394039064,1.0712233943747242,0.47197991575494586,4.705517187835383,-2.8585780844663167,-2.499259956928198,-2.8903744009452708,0.22639268103915888,3.4855689259470313,-3.1217672746907774,2.4548119129693675,-1.9331102354280556,1.2312529704125177,2.4449775306562804,0.36473311808076886,5.565039180639209,-0.8199608949075609,-1.8738971036877379,-1.2837723019417837,-3.4747184015992554,-2.1769413009484997,-3.2795111605572433,1.518013130683877,3.1249163479347604,1.9556335916802037,-2.990675395295426,0.9383552441707496,5.892041212507252,0.26573452444177176,0.08645862321760797,1.1852660882649997,-1.100402003837236,-3.279404080888754,-3.0111956500734727,3.5912577399712307,0.4758191143168902,-2.1890191511731447,-4.352310660120498,2.104342029655073,4.424243933017528,1.9644557080901326,2.6661903191643233,1.4623717770677689,1.8032377381275784,1.5763343614823218,-2.606060054974248,-8.107171846207937,-7.666594308812886,-6.6787008403067,-1.0512004901435077,1.6633345724357032,3.8299122574311,0.40165493332194957,2.292489361249591,4.399622871987582,1.5286710771899767,-0.11160368423967502,-5.6148649339489225,-3.5830731972856142,0.8079387994593037,-3.154976864539449,-5.93695610517464,1.857466737547078,5.518723165610517,0.762101840171965,0.23756175158737006,-0.8238094780736369,-1.0255829604761086,2.1599409313885523,-9.953415227902646,4.43619125753297,1.8950857419551506,1.5733152208815944,-5.173434954884607,1.9204388793353535,5.384123202575454,-0.15022197537923274,1.606795294053015,-0.9572140857307659,0.6083258410032812,2.757808853812331,-6.147353442440604,1.7568414818840967,0.23367646571633974,1.739150741150369,-2.456605289919179,2.136515829769093,5.613777347198027,-0.27839617827613233,3.0300772559143603,2.2739582306969237,-0.5079266181447324,-1.3363005853142942,-5.1314315733024864,0.26611708573700177,-0.23041061936760346,0.4670867226478096,0.9286420751689782,2.216466243712959,5.734373260273904,-2.1694814073167814,2.8232156904986048,2.8449445153999773,-3.812683900387012,-4.720603656694434,-5.176956418530192,3.450297584129664,0.056927189499998955,4.016041840672286,2.2415315336001305,2.363325974240705,4.598976332409235,-2.130296540748888,0.3763264003557218,2.2857078044825574,-0.97582697893793,-5.0516799975126245,-9.92570721265487,-0.7378290410278228,4.530490753360403,6.19998993809325,3.0790616495828886,1.9172089694465486,6.212911205028217,-1.6769763864210152,-1.439200340750335,2.153456329367228,0.5194533089022176,-0.8267603184202227,-8.855589458143047,-1.2744641683520164,1.948511412384517,2.0841787896747492,3.0920353395643327,2.1407831196375287,6.456250624238034,-0.2682715607776049,1.131586744844584,-1.5711361477466106,-3.334030515770072,-7.239341087257163,-4.0679602864917745,4.189614562181019,-1.870289454498062,-3.3808138290669207,-1.4813709544452978,1.4789115174425818,4.319418231511296,-1.27264546950752,-1.701624788433709,-1.6708224135945369,-1.9104117627875021,-4.826827480330713,-6.508221078980306,-2.070368502164338,-2.6740791549095833,-0.5915261096059771,-2.9712602175881977,2.4653179298027035,5.854608998701933,-1.6399577804397394,-4.196202511576105,1.9701306953129076,-3.473668613961405,-3.526419597264792,-11.448257534051283,-5.460995510696845,4.3377491533370325,6.672330036420724,0.25671079960845666,1.7425988677020388,5.089707161578648,-0.31696474441819195,-4.329499117948694,0.9628023548030903,-7.758849938023928,-8.003726522046405,-6.919786630503447,2.8427358599795487,7.927680334219529,10.58086423360351,0.6043835118457612,1.861388845988153,4.4932751144888865,-0.44439936770240945,-6.539928010798454,2.4355179839667014,-7.146171843788176,-7.019832304037016,-6.681986093561552,-1.4574519159293111,6.068812832216256,10.018889170446867,-1.3890745439525436,1.6630372037885042,4.02673987000143,1.7674555802285814,-7.074080526548404,5.152213045408175,-1.969492781359929,-3.336801696851179,-6.354745344872023,-0.572983176953894,0.49517212761027257,7.8499216782206505,-3.0531292363056455,1.6736741358326404,3.8483430378568992,1.9122638492303485,-8.111179045938732,1.728151061443428,-3.807877521818341,-6.376204801681035,-5.621298089437116,1.5475439373726316,1.8158697412348295,7.979782581687906,-0.5630493130158745,1.89911364397423,1.6803217275320117,1.235880506565536,-5.105649778878341,2.517853079359511,2.7168537515559343,-8.794832959641306,-5.466352314503269,2.813329671470006,-1.83038207204348,5.287555073233544,4.54088228450579,,,,,,,,,,,,,,,,,,,,,,,,,,,,,,,,,,,,,,,,,,,,,,,,,,,,,,,,,,,,,,,,,,,,,,,,,,,,,,,,,,,,,,,,,,,,,,,,,,,,,,,,,,,,,,,,,,,,,,,,,,,,,,,,,,,,,,,,,,,,,,,,,,,,,,,,,,,,,,,,,,,,,,,,,,,,,,,,,,,,,,,,,,,,,,,,,,,,,,,,,,,,,,,,,,,,,,,,,,,,,,,,,,,,,,,,,,,,,,,,,,,,,,,,,,,,,,,,,,,,,,,,,,,,,,,,,,,,,,,,,,,,,,,,,,,,,,,,,,,,,,,,,,,,,,,,,,,,,,,,,,,,,,,,,,,,,,,,,,,,,,,,,,,,,,,,,,,,,,,,,,,,,,,,,,,,,,,,,,,,,,,,,,,,,,,,,,,,,,,,,,,,,,,,,,,,,,,,,,,,,,,,,,,,,,,,,,,,,,,,,,,,,,,,,,,,,,,,,,,,,,,,,,,,,,,,,,,,,,,,,,,,,,,,,,,,,,,,,,,,,,,,,,,,,,,,,,,,,,,,,,,,,,,,,,,,,,,,,,,,,,,,,,,,,,,,,,,,,,,,,,,,,,,,,,,,,,,,,,,,,,,,,,,,,,,,,,,,,,,,,,,,,,,,,,,,,,,,,,,,,,,,,,,,,,,,,,,,,,,,,,,,,,,,,,,,,,,,,,,,,,,,,,,,,,,,,,,,,,,,,,,,,,,,,,,,,,,,,,,,,,,,,,,,,,,,,,,,,,,,,,,,,,,,,,,,,,,,,,,,,,,,,,,,,,,,,,,,,,,,,,,,,,,,,,,,,,,,,,,,,,,,,,,,,,,,,,,,,,,,,,,,,,,,,,,,,,,,,,,,,,,,,,,,,,,,,,,,,,,,,,,,,,,,,,,,,,,,,,,,,,,,,,,,,,,,,,,,,,,,,,,,,,,,,,,,,,,,,,,,,,,,,,,,,,,,,,,,,,,,,,,,,,,,,,,,,,,,,,,,,,,,,,,,,,,,,,,,,,,,,,,,,,,,,,,,,,,,,,,,,,,,,,,,,,,,,,,,,,,,,,,,,,,,,,,,,,,,,,,,,,,,,,,,,,,,,,,,,,,,,,,,,,,,,,,,,,,,,,,,,,,,,,,,,,,,,,,,,,,,,,,,,,,,,,,,,,,,,,,,,,,,,,,,,,,,,,,,,,,,,,,,,,,,,,,,,,,,,,,,,,,,,,,,,,,,,,,,,,,,,,,,,,,,,,,,,,,,,,,,,,,,,,,,,,,,,,,,,,,,,,,,,,,,,,,,,,,,,,,,,,,,,,,,,,,,,,,,,,,,,,,,,,,,,,,,,,,,,,,,,,,,,,,,,,,,,,,,,,,,,,,,,,,,,,,,,,,,,,,,,,,,,,,,,,,,,,,,,,,,,,,,,,,,,,,,,,,,,,,,,,,,,,,,,,,,,,,,,,,,,,,,,,,,,,,,,,,,,,,,,,,,,,,,,,,,,,,,,,,,,,,,,,,,,,,,,,,,,,,,,,,,,,,,,,,,,,,,,,,,,,,,,,,,,,,,,,,,,,,,,,,,,,,,,,,,,,,,,,,,,,,,,,,,,,,,,,,,,,,,,,,,,,,,,,,,,,,,,,,,,,,,,,,,,,,,,,,,,,,,,,,,,,,,,,,,,,,,,,,,,,,,,,,,,,,,,,,,,,,,,,,,,,,,,,,,,,,,,,,,,,,,,,,,,,,,,,,,,,,,,,,,,,,,,,,,,,,,,,,,,,,,,,,,,,,,,,,,,,,,,,,,,,,,,,,,,,,,,,,,,,,,,,,,,,,,,,,,,,,,,,,,,,,,,,,,,,,,,,,,,,,,,,,,,,,,,,,,,,,,,,,,,,,,,,,,,,,,,,,,,,,,,,,,,,,,,,,,,,,,,,,,,,,,,,,,,,,,,,,,,,,,,,,,,,,,,,,,,,,,,,,,,,,,,,,,,,,,,,,,,,,,,,,,,,,,,,,,,,,,,,,,,,,,,,,,,,,,,,,,,,,,,,,,,,,,,,,,,,,,,,,,,,,,,,,,,,,,,,,,,,,,,,,,,,,,,,,,,,,,,,,,,,,,,,,,,,,,,,,,,,,,,,,,,,,,,,,,,,,,,,,,,,,,,,,,,,,,,,,,,,,,,,,,,,,,,,,,,,,,,,,,,,,,,,,,,,,,,,,,,,,,,,,,,,,,,,,,,,,,,,,,,,,,,,,,,,,,,,,,,,,,,,,,,,,,,,,,,,,,,,,,,,,,,,,,,,,,,,,,,,,,,,,,,,,,,,,,,,,,,,,,,,,,,,,,,,,,,,,,,,,,,,,,,,,,,,,,,,,,,,,,,,,,,,,,,,,,,,,,,,,,,,,,,,,,,,,,,,,,,,,,,,,,,,,,,,,,,,,,,,,,,,,,,,,,,,,,,,,,,,,,,,,,,,,,,,,,,,,,,,,,,,,,,,,,,,,,,,,,,,,,,,,,,,,,,,,,,,,,,,,,,,,,,,,,,,,,,,,,,,,,,,,,,,,,,,,,,,,,,,,,,,,,,,,,,,,,,,,,,,,,,,,,,,,,,,,,,,,,,,,,,,,,,,,,,,,,,,,,,,,,,,,,,,,,,,,,,,,,,,,,,,,,,,,,,,,,,,,,,,,,,,,,,,,,,,,,,,,,,,,,,,,,,,,,,,,,,,,,,,,,,,,,,,,,,,,,,,,,,,,,,,,,,,,,,,,,,,,,,,,,,,,,,,,,,,,,,,,,,,,,,,,,,,,,,,,,,,,,,,,,,,,,,,,,,,,,,,,,,,,,,,,,,,,,,,,,,,,,,,,,,,,,,,,,,,,,,,,,,,,,,,,,,,,,,,,,,,,,,,,,,,,,,,,,,,,,,,,,,,,,,,,,,,,,,,,,,,,,,,,,,,,,,,,,,,,,,,,,,,,,,,,,,,,,,,,,,,,,,,,,,,,,,,,,,,,,,,,,,,,,,,,,,,,,,,,,,,,,,,,,,,,,,,,,,,,,,,,,,,,,,,,,,,,,,,,,,,,,,,,,,,,,,,,,,,,,,,,,,,,,,,,,,,,,,,,,
2,2.0,1.9020548148529355,-1.2909593242683775,1.6731166074024721,0.07910572405836702,-2.8723989244405588,-0.42674216532046555,-6.569952691320932,-2.5040924028685705,-2.1248485346365027,2.821553617079088,2.5954367645434484,1.888849022602813,1.5642177875497723,0.5428469721853538,3.1273283210171177,2.654038735801928,-0.6300187683276901,0.9436407894245916,0.1650848342244221,0.23766912982060734,2.0515219580153583,-4.59381529892804,-0.05990636088428817,-3.118310735641084,1.947448215230441,-0.16097476194819862,2.6810928335071966,-2.228782402219746,-1.1724987140033163,-2.5602703906126814,-2.9917500667233354,0.7761791879240909,3.7114770945342106,0.09245823214018813,-1.2417552981180449,-3.962769521184325,2.241675828515581,1.0225237469948043,2.8310125861647566,-0.9873674492910859,3.6896641681262494,0.5712658950102775,2.177107005096119,1.31882923452984,2.8154359810100424,2.1307408352749833,1.2979723145769266,2.386679997522661,1.5408853248628138,0.161636054820113,2.8862553958070505,1.7223473176911874,1.108836201085369,-1.882630085732045,2.4175493797101284,-0.6861347393640409,-5.870501996163314,-0.9935901130190176,-5.44663345186175,1.095587531645012,1.9040664634008508,1.0496478926028687,2.4346823126143997,-0.6720592832340558,1.8122569899439123,0.17917786239507924,-4.218389173616459,-6.145465991803737,-3.620240317708528,-0.07988445276962924,2.8115993892385784,4.653286144829716,1.9447478313071782,1.0920353751702128,5.419609266876158,1.7556999652534664,2.59606664068919,1.5049038643956967,-4.262842079423896,-5.629712284983148,-1.6936548811135324,1.2044911603952795,1.5602586563713006,0.41959381321752326,1.9259992148917244,0.7743463922509074,3.1684777120488774,2.4888237197260024,2.5548492800438973,1.5426398422963643,-2.707518644099483,-0.010394347391042622,-1.692806294252655,-6.067869739921739,-5.083829535078242,-3.276014067913301,1.8687907494158407,1.4329307255318717,4.202102673940867,-2.342126637473145,-2.6314321210404863,-0.4157131323442976,1.1711052483257798,-4.483023144713055,-3.170445696534226,-0.3721753260959654,-2.243892909201334,-0.5019163916616475,1.5985673553827549,1.3082768964403666,1.6275386364142748,-3.3459898879707826,-2.3132261706874813,-3.761705821815816,-4.285321513616308,-0.4767008408295664,1.399182809172025,3.4410796441901708,0.41091498839475754,-1.6069764668387347,2.0387943476246466,0.5201718953123605,2.943446184063799,1.1804910145449257,-0.8293774648295779,-4.576924500602179,-0.1790887025375856,0.7180593378782809,-0.9142089382232411,-0.8931643278027894,-3.6377749268716832,0.4428536457998272,2.0234344242528497,1.6498373740013756,0.995368061278776,-1.7023024367845356,-1.196472456805589,0.8211274568256816,3.048400444009084,-3.4221871558008705,-5.271761826648437,0.05324822289077787,-4.039949699244876,-1.895932053612289,1.3936506986272494,1.0729881815025188,3.8227303599767795,3.144295542803698,-0.03448632986743493,-2.318799622842653,-0.9463174452819307,-4.995687982731666,0.4613173176007932,-1.8503477961612402,-1.812287066651942,0.9921615583143735,1.5641042616157876,0.25603333533517186,3.7800067647071587,0.7493189542587901,0.3032963501362882,-0.9233448359696323,0.5902427396687833,0.1958181319861456,0.9304604884652876,0.6653135559314975,-1.4105581994966117,-0.7599834654229038,1.9987197666398893,1.933620143514313,1.1702173704703553,0.7791285003341246,0.982080832002706,-3.093396612582233,-2.0974875788318164,-1.2393968600344827,-0.8614840415665187,2.5575502468057687,-3.7924501734824037,-8.275467995186528,1.2839635336596433,0.36080947675037245,2.655187500008139,3.3180639521450583,3.257089125242283,-1.1876939483807274,-8.920347292281834,-6.538786202690316,-6.0969993962290125,0.4900297260400944,2.0354067250950436,-2.1329386180460013,1.874300521103281,1.22508941653282,3.507125344910156,0.8540356755828354,1.952129437193535,1.4364730740559315,1.4621830180511715,-3.176394833240458,-0.38790004333765293,0.33099591618468555,-2.9415084306499644,-4.838506032230267,1.558480337772456,1.0930118437969358,3.5277562388807695,2.700241465442907,3.0137559505109373,3.800472469736324,-0.69865326593329,3.1066068498499915,1.0302539114003115,1.3529873884159747,-6.209603425848206,2.325168296934456,2.038911654358598,-0.6089462423075078,1.491266980505703,2.62367845824608,2.410570863584676,2.6852201378613896,0.015192155167476372,2.4727858242400305,6.264119767188802,2.968506178404447,0.8908679451966011,1.8895329614830656,1.6586223912219618,0.08068648246333719,4.005653230119975,2.6068126448084405,0.3210174860978291,-1.9528164576283538,-5.29969338237407,0.6560537875142707,0.856180126023095,-0.41683836106154426,-3.01717176890718,3.1604808560379283,1.4319322698279928,1.1083521745287217,2.7437402418841725,-3.1458664100782907,-3.198220616919647,-2.3062875722670797,-1.0847978404055183,-4.944353700467509,1.9702721236971041,-8.243356320502095,0.7322217222163064,3.0873393048927564,1.8327210381766446,-0.0924230503824302,2.3308351264808893,0.2913612863336182,1.4659350530855795,-0.6685137321257185,-2.0380216994115803,-2.299932956471502,-6.25180097015525,-2.888716943754298,-2.0192414791767854,0.6588525636401157,2.0317614790128062,2.3797709321063327,1.1600313286724073,1.0963491908274778,0.42160608931315613,2.401722860221994,1.7917774915178521,-4.527016327922159,-1.0951784937471727,-2.000473652624077,-0.39598515005223006,0.10650385014410016,2.0047500748302935,1.4273104080239831,3.134817088638355,0.3757690070406041,1.1593354313780784,2.2751782111655854,3.992628793092076,-0.11110269150849626,2.367722481564936,0.3830898281938969,-3.3152957754245174,-1.2777221330704553,2.702795509613481,1.4781915452070793,1.835306682143739,0.13116545285168674,-2.0838939119195623,2.886403118167287,2.647700759183245,-0.20584250721477043,1.3207903748760386,-2.2390604773889327,-0.42968522593278324,-0.4653496328574436,1.2762205304623109,-0.44533168846685794,3.155864484758853,0.2308369331958953,-3.4986065803339716,-2.922673789862423,-1.9977547483427638,1.4618252185865086,2.268656393185045,0.299741327240958,-1.7004563482293957,1.6417480436118312,1.1760993291430824,0.3062585595451851,2.142528081618627,-2.032165744339456,0.21256450083247858,0.4378764072218303,-2.4595216279941243,0.9216388891190743,2.099853268013579,-4.123619816249518,-4.828255796627732,-3.62994598409795,1.1486502178107507,-0.5595927917530025,2.396173003137101,1.1569763330417562,2.1323583122893046,1.8944998264430957,0.2041416957933715,1.650085913180433,2.586865124811598,-0.22737852034457504,-1.7516829955105804,1.8398747569445195,1.3677042811817122,0.562431759381683,2.3834815373753564,-0.17800726033740977,-2.987485351650871,0.008799919271144834,2.51079127775929,-3.162049896160063,-1.688886716607782,-1.4266066754550084,0.44084428169802903,-0.9035537389750394,1.8724916380415855,1.5151883671586888,1.5058368321540772,-0.9395324663797311,0.7084442873155172,0.02303600701968707,-1.7019840413810123,-4.734871856619222,-1.934740178294662,-1.834924805592014,-2.0706510002032084,-2.0478947160677636,2.2554335673514982,1.7456007360359138,4.859298473194742,-0.6208120811136087,2.9591793221703977,0.1691510220342918,-2.7126263961617822,-2.052074101428227,-1.539401288235072,-2.5632320253216245,-2.6292525162958107,0.22743562621206778,1.8682596432543381,0.5811396567210761,2.3155072689378273,1.3982052253832622,2.1301912643498095,-2.85387365553391,-0.869179558554232,-2.84726697957055,-2.7310109530816455,-7.113207036900839,-4.462726425882437,-0.6825161164898765,0.9043430645527429,0.23274528041769196,3.956858035225538,4.057499185843324,3.1117924474827774,2.1944894544164253,-0.5668614725102078,-0.4680654580700024,-1.4040023381455342,4.786301913790849,-3.2633806182453156,2.405047490794504,0.8786151589217177,-0.018857389495702148,3.3551640901782154,4.024489654407567,2.484866395144859,2.0536343351510764,-4.286681810858696,-2.738001810357098,0.846988376637862,0.6425081659175407,-3.732308254930761,-2.6992817162703426,1.4112433779244526,0.6275783473816346,4.568804938243238,0.9240535857724607,0.9918312108396248,-1.0149768049290286,1.518523392156902,-2.732347749576156,0.1774539200483724,-0.800313567148751,-0.2583247978577743,3.9566791423203664,1.1359646556146221,1.0953638205677827,3.586019764755384,1.1619941060004442,0.5706235765866247,-2.313917243703218,3.064711674723675,2.232153943777004,-0.7514988778178076,-0.6531025791603144,-1.1370073898454927,-2.277988924173415,0.9788003968074144,-1.9468826677968063,2.4558510421857007,1.7676257148257355,-1.4712327846741495,0.000542036830547985,3.752653079892317,-4.141082946792534,-2.5176660484943607,7.851357567671714,1.5314517505970786,1.3504243498727635,0.2666461129417618,-4.805047951433712,0.7827038938874521,4.537464939403295,-2.887696466993997,2.084951412098289,4.08177985216854,-3.4414214516572117,-5.763130099223416,6.110775995801293,-0.8508739444739521,1.9599126485283636,0.9083969101548413,-3.1449625292824117,-3.808177608433626,2.051886861399707,1.2742098639052766,0.5927794466902602,4.9559213590219375,-4.865373395228848,-3.383814592270031,3.155411015129504,-1.768797479501481,1.4225740605074164,1.1025815876066063,-3.339481293734826,-5.162034496162261,1.9471529484830745,-2.012617626204223,-1.9325081420404593,8.525470530669784,-6.072053722136432,-6.754302242974346,6.065800999661041,3.0226694061607255,5.255435844742098,1.4463306067998616,-1.309351439813485,-2.504269953236783,4.451062127504006,1.2893637806292897,-2.9161126362685192,3.2947719996472444,-2.051028989450248,-6.117928889755544,1.6295535957879157,2.68166366665217,6.936661639144457,1.772165787536189,-0.41735056601326836,-1.260951570926464,0.9875400799299291,-0.662631194684113,-5.093931125636347,1.0543868189620373,1.7986102696484088,-0.5245523601693663,-1.8730102167710867,-0.008764588217936716,2.1614866468135356,1.5098219238060404,-0.086412853596255,1.429591814239619,0.8178238677852513,2.8834310472931675,0.915721534537092,6.980610101118516,1.547076716325357,-4.63378005705865,0.10513718706758206,1.2977876001445974,1.2460818657808248,1.4614799238318592,0.7107858387226618,2.077140798467545,0.12686832695030842,6.083857266534701,-2.659504357128298,7.495575965485834,1.8702070339871602,-1.9459611376413526,-1.3010449489347993,-4.038791311029164,6.160133043936872,1.730143969614432,0.4020922663303363,0.8926919576379431,2.416273986582934,6.828415436425456,0.3548089769306065,5.858753846161641,8.846975185880051,-2.83062136910887,-3.705420473955084,-2.484706502483537,-0.2676732915066808,1.644282214342505,0.8342635395540071,4.202248472848865,1.5187656052308218,2.068617817305165,1.8020442048811893,6.662408602611687,4.770174959453033,-3.047548952010881,-2.74397347959157,-2.986659387882757,-0.5476884853480518,1.435195951778657,0.26154405010930915,3.6115327513695887,4.800729270742902,4.958075589750733,-0.2690874789598615,4.281009491747938,1.5194297351439978,-2.9329344385011464,-0.8113561484240771,-0.9346492412130172,2.0684509151697266,1.0242313827228788,1.6446543890625753,5.244255619467248,5.270635376070078,6.644335544804523,-1.0836713050263032,5.640162506102572,0.4258265828341716,-3.2947553589467042,1.4946919058396095,-0.25537738002454186,-0.6648436332154478,1.4039051310076762,0.7352343116391796,2.7137796017678246,3.0153256231681422,4.515835783342856,-2.3495916258964447,5.254673345119184,1.0827941477593521,-5.668915331429855,3.0386585138903497,2.5328071700288923,1.061803482901537,1.956603849494185,-1.1708934551770884,-3.141910058979685,2.1219279778174087,1.8007789855958438,-1.8825946048243658,2.4867848201574905,1.9767858020345939,3.3074255814776086,2.8233012925577103,4.503012940348547,3.7790249611489335,0.5493223828117265,-4.542890225714057,-4.410184912404295,6.465918936841198,6.835609417064779,5.1156315230916976,10.457638746007651,4.270668428808515,2.0707603261318357,-1.6204279593850155,0.5506463928741173,-0.3592136230228236,0.6451236940055076,-5.07380786671019,-4.059059372472514,7.460737716867549,1.7064326444670859,2.1203987525181693,9.650858672917,-0.7733762457205403,-4.222844389036669,3.0717715062141955,6.511873453650728,5.103044359765546,0.7981628514848857,-4.862993129829573,-2.1578696399696677,5.055110058001036,1.8236953574002748,1.9775651917459736,12.550628597557004,-0.029444864088321594,-10.231489094205974,-0.6628300390086972,4.091186243207392,3.420916394728189,0.9805247579662958,-5.52754008256196,-1.798877213944914,5.04070673506959,3.4007698490048677,1.1458271925820271,10.090114756244692,-1.6624764174156004,-7.2910859303570605,-1.0307164755105918,2.5753842204655513,2.94438917532936,1.0077702155379875,-3.638442063175161,-3.3118980727826974,2.357480362606663,0.05991016496131514,0.22776733098378726,7.932638905641696,-3.196243273155905,-5.640455031952212,4.227304172533597,0.4984937266716163,2.5827952251697948,0.5621531159948783,-4.6332449985587,-4.527733568135754,-0.5822169986525803,0.9636419326627692,0.015207992947886625,8.883296236591685,-4.359305960157939,0.4563918505347203,8.661431006413574,2.7589984792311824,4.137010690374578,1.803934888557414,-3.560222580055049,-1.451600788447837,0.2645587491963183,-1.7118057516828578,0.23285184490791774,8.718345861861721,-2.239100834577203,-0.6145003236900874,3.6252653672179016,-2.6752901178103667,-3.0995334387777786,1.7755184120049323,-1.4983277666392627,-0.14802342702713817,0.5085039046887633,-0.2968935308087587,-3.188099086662749,8.640908253050663,-2.2884119977033626,-2.972767448664014,-0.2025004756835942,-2.8215470747763725,-1.4057426776178263,1.581082130013931,-1.6309047410729143,-0.16543566558664805,2.55287925881949,-2.2004173565612586,3.082641609135504,5.498445586011776,0.5701996312057014,0.7111933427685417,0.9144383304401665,2.2457879091259905,-1.820745857419562,1.4562308298290494,-0.5863722280726681,-0.14078729478106286,-0.20820915028848583,-2.5678587696616146,3.9557796263050635,4.960324514888062,1.243991129169214,-5.1854314255073355,0.9518686932024637,1.8488959823618025,2.531207973984004,1.1982622504022566,-0.16330137679549148,-2.1945753666879435,2.182033502300623,-4.536975119110123,2.1345486884222344,1.6769458732420077,0.7768587860136023,-5.174586782394645,-1.8057942822384134,-4.489997672809995,4.868574200342395,1.052304070950968,1.0300318561645692,-0.5262388068833117,2.920074104058719,0.02104839593878855,5.693413450405893,0.5207776172270892,0.22788486811927322,-1.3672332791982427,1.0332275533009392,-1.0984047795479686,2.6200801651637224,0.852848964307746,2.1098146842020054,1.2005379361121113,2.2633569023366897,0.3044414964201302,0.6514459916152415,-4.316465223068905,3.822581395961565,-1.6791919023445074,-0.40475127957479196,-1.3216434613296224,3.183157393550791,1.1762804910001408,2.7464377129904762,0.7114664474558517,1.7311399888712962,1.6206545971527304,0.8310280627784331,-1.4252669732759382,-0.10246566528544519,0.17114307727478667,1.5493379008398893,-2.3755753363814605,0.5609429722140196,0.412532250561191,1.3658979377320957,0.5222803277948632,-1.376507853533701,-6.115912983725162,0.839619303343838,-6.1505330933034355,1.2865653519292037,-0.5976734820673045,-2.1487618175737575,-10.209592912670823,0.1405602924445177,-0.26615665409670697,1.5318354819367277,-2.657283894545283,2.6937535843339306,-1.0806512821396204,3.434368394119426,-5.446099200529892,-1.3790873295744217,-6.22560610357546,0.1730149863657471,-4.467680222145659,4.692334160914753,0.7411718913296256,1.742378371190332,0.8080419327888543,1.3562299520393497,-4.032914694749511,3.282681211411607,-3.8028826440005887,0.9661239968114963,-3.134698146888615,-1.3625933179688792,-2.9489697948487907,2.6560631711669065,0.9721148364117669,0.8863694859501896,-0.49967148400038613,-0.8688219869945375,-4.478987619404521,0.9995991963007566,-4.786169018605884,-3.806481129910927,-3.393104999217231,-1.4217701515401926,-3.419108392738776,-0.1143280094994068,1.241411617285682,1.3304383150587218,-0.11977386930728,0.140764266973355,-3.5254144912356553,3.1978492838603416,-4.595693455415507,-2.747337318411988,-4.150077315122626,-3.6137025838689594,-5.143891404723971,-0.718850624891398,1.1381667814117242,3.093042808358881,3.5610890953509755,0.8848125919403811,3.1931308125121673,1.741105174805109,-7.061991912600958,0.6753642840378682,-1.0091366745446668,-0.8099340627671872,-2.2402456253508154,3.556333423934909,0.8683153359941623,2.285229926265511,1.2542758068379882,-1.274857801743738,-0.22852453580121074,0.967253407785335,-2.6338682781114375,6.050866349087207,0.21085401368040524,0.20515279058761646,-7.368490832612701,-1.2644499889440493,1.0209434940888429,2.7474852570344854,2.3658505254767035,-1.2499976133904964,-2.307000862480975,1.0739499701239565,0.04614589071613807,0.22526759880737365,0.1479316817069661,1.9063495728771218,-2.9308798918742553,-2.081123927660575,0.07349817960884943,2.8698912386408613,1.3512843280126066,-2.9745722084499913,2.8722279112423124,0.6328686745456706,-0.013112512435774215,-3.3129058416784094,-2.5587538703076063,2.9925477075383413,-5.360369561364507,1.9292392644021188,-0.05545356760167566,2.874902516732648,2.9302813530929663,2.72465458266504,-1.473120367277487,0.7937365264876871,-0.8792122012244121,-0.8956406206318285,-4.6011533285425195,-0.9722273785026702,-3.4615753381465786,-1.1710465071291778,0.006825965402516826,2.0879554083697367,1.5809295631259561,2.4785564868485626,-2.5222097217825383,5.136147390525285,-2.7842232446507547,-0.4318251253902692,-5.060855817679657,-2.3162675403315083,-4.175302745650204,6.5030409099574165,0.5275978733050732,2.552710867496903,5.08843920322149,5.048373304595194,-4.269184834167618,1.4465201371386989,1.461420615314639,-5.3983696805427615,-2.2559901076383704,3.4253578935844073,-1.9033485030184878,3.018360396565878,0.6441253176359052,3.2028890255502085,3.6457024016507407,5.067092706077248,-9.225504336056218,-0.04940056727509832,0.4693217552858305,-3.7095125539827163,-11.080949805363476,-0.714200026816096,-1.6787266728607113,-3.613490361895269,1.281173604632136,2.8701068676171295,4.193955190811682,4.602812711925629,-6.57726271029128,-4.389601709821304,2.499170206313567,1.260239923442179,-8.979352393029655,0.8670438751097178,0.8528009181651826,-0.18235057700097018,1.0533795390845657,1.491834022361815,1.2671689651711624,3.741650277864358,-3.0127521954386265,-8.078019149754162,0.4403497181223622,1.3227654266409876,-6.918282987904191,2.9515316691905267,5.487601275412975,2.7871906140781206,1.4783876443859405,1.3795786645853299,2.6011758023763267,4.916896915989302,-2.957587606041152,-11.818945064187156,2.6268244602680135,3.5619100453518175,-7.7753539688033895,-0.9099647578086622,3.031741263265341,5.011374388316942,1.6218601509376198,0.674781695800571,3.700634699368006,5.602427873667243,-1.138577005021068,-7.918725729656059,0.52914306731355,0.8250504442973049,-8.781012324665994,-1.7439413879527428,4.635729526646915,0.7624218057384692,1.7952150620111145,-0.7837943355177542,4.0213043940024225,2.634850778925581,-4.428574839565097,-6.479202612335439,-2.5552982825454165,3.0784512852015715,0.35330624081776196,-2.8700052573179464,6.281772673111081,-1.3648325309788345,2.694220673173695,-1.3418615017719675,3.563916568729646,2.2542039724622907,-4.0802530255802,-6.272438607477974,-3.513344258606019,4.279767719917507,-1.3632702413726907,-4.424987424692848,4.1778653392447875,2.8849357658794683,2.7086183338768417,-0.810439834507943,2.6468996430584295,2.8461273598969132,-5.122222332024013,-1.803674205801715,-2.3900044326592442,-3.9513909211895544,-7.037583492026776,0.8764305848896566,5.626887440999639,0.06265074671889075,2.5518788036829743,-0.627346169969512,4.995782729943408,0.6534557084653349,-5.607907920512927,-7.502607739411762,0.8883669883110898,-1.4851846173762,-2.6434137266581548,0.8741058514294676,10.182935532698341,0.867252686246563,1.995847265634782,-1.2103962419615637,6.166155182332677,-1.9145121741511135,-10.065381699368535,-5.819514196838361,-1.229540446843824,-7.373694288867746,-3.112999907520805,-0.9040331080542009,5.67808362846968,-2.1936169908809813,1.3421840622649284,-2.752131362142204,4.828580896598321,0.79178733805553,-7.173652783300282,-3.3706774808209814,-0.2736643846985082,-2.07707826582134,-4.370942048490737,3.87080808453929,4.811580810510523,-0.8675129693071708,2.2387004223552487,-0.5564953765059257,5.758825278399887,-0.6394569250160831,-7.207484953711682,-3.158603211871243,0.6100612777650499,-3.0305687341048477,-2.8978412987772244,-1.4087147443122863,2.05942182661152,-3.223481347437863,2.2258481079538424,0.5268245884894777,3.4299943147451475,-3.3506729311659913,-7.5021140426198665,-2.412098594932442,2.1147390674824105,1.883328835518838,1.5829545685306967,3.7333267660733265,5.566522816982448,-0.7590906119714402,2.202738069727241,1.4611163469925839,4.845570557449523,-0.7273674365690862,-6.58049309629391,-3.893896788907364,2.955015502029834,4.206726457931036,4.113543240333577,1.66924698743816,-0.41211768019119716,-3.8878565888888983,1.739858040259224,2.5941757833592707,4.122928589247899,-4.442656632461281,-4.801240949932226,-3.4544756625720896,0.10451692055423296,-0.28701678234822897,-2.1182635537215644,-3.463804052079464,0.7865652773092147,-0.067246832343856,1.7373142785572762,0.2548080745491667,3.486199773017073,-0.549614261459599,0.7130727465349722,-6.376309658915619,-3.70634695655141,2.699175662063946,1.3923537912832487,0.8822589875362393,0.8428125149011985,2.098033769837954,1.5582215000004154,0.3333821918982461,3.3700468821866676,0.5085802994364248,-2.06301603140102,-1.3992073941963563,3.964022888866591,0.21464727062666933,-0.11216613450008124,5.289459353829664,1.8296518132055772,0.07233623475131364,0.47231113032613203,-2.125241364480546,0.2535060972483248,-1.1829908183312132,-1.4392268373381836,1.940508925893901,8.59704510995844,-1.9401664131424368,-2.7557889398789874,2.6376707106633877,-1.0136989219001695,5.796464048057747,0.4849460573904726,-0.985184297181206,2.7400662791079067,5.144699747458313,-1.9430664687289925,3.8173860710591434,-1.8359603308067245,-4.081362204210276,-4.799642415665072,3.642069732279904,-1.776435548124594,0.22014659427475486,0.3374075328886484,-3.385074333153033,-1.9127114591189796,-1.3370609365239463,0.031221162271720237,5.308513681171765,7.105668153440032,-5.233695850957257,-4.753398081507367,8.247573025012379,-1.2859858131643433,3.8119797827650945,0.7448801417013389,-4.8541119584521155,-1.723863236029946,-0.27416559352855757,-1.1658488946232561,4.161552904571606,10.095719686511986,-5.325112510083564,-4.761426552806073,2.981047741081082,-3.242026361603417,5.775581220062302,0.037680887136332754,-4.219441678433482,-3.2178126971444616,-1.2911578365664527,-3.507876843764554,3.6841530746765527,8.623557333704893,-3.8684703109902414,-3.563601755959296,3.3728860037801316,1.4165091108303294,4.476104988509727,0.35753797854163083,-3.323994185334926,-2.2237062315983462,-1.3197385414349074,-4.324236569370107,3.3455233193364,8.340451175982462,-3.748708099093026,-6.892419034814475,2.98459053284249,3.9755394878451025,5.270765498364458,0.4039497577357852,-1.7730665957334395,-0.1376936818629686,0.5201566557508096,-5.920266764435342,-0.990172823131684,6.53855235361545,-3.777814575189393,-5.50644958195553,5.100151698087293,0.4427300309064872,3.2819395648184644,0.5102506824468724,-2.054130938507952,-1.241413996418984,-1.5451041945862816,-5.039584192214455,1.0102249258819092,10.618299216240537,-1.9858380188491684,-6.87261942293719,1.6748266118151964,-2.2783040416972766,6.759447026288496,0.8593485128137498,-0.6276595266409912,-0.49730428380113206,-1.9976025650981988,-9.024939485464014,0.8224855680962843,9.605902208353791,-0.5219458180511694,-6.850730912953505,-0.6528164868656593,-1.8120354165584476,7.83889000124104,0.8442238945567792,-1.1915699702122464,-0.053370704471630906,-0.2069904788677288,-12.433889464271473,-2.850329780295084,3.3714163667749175,-1.0423340741848295,-2.568290869519761,6.24856556243567,-0.4119836347393363,5.261485936330443,1.2458554532270767,0.33909675552060176,0.836098962065322,-2.4555122009722057,-6.163888408470135,0.8037630909823242,11.468379154992022,-0.24278481818595793,-5.297986636788163,4.570416033763396,-4.586635284574619,2.5168602124578743,1.398427088074188,-1.4964457374803184,0.9878783551876661,-0.9325443652652932,-3.828900595827049,2.423427397149997,8.18317717618792,3.2987188992985907,-1.4933254164068963,0.38502714411430616,-4.297817309562405,2.709947919170947,1.3839826393174737,-0.06525279331416219,-0.04622467471685363,0.619624866443276,-3.7028577839778034,0.703190636550876,1.3934554237357708,-4.003752302701612,-3.7036999163670785,0.20157778099819995,-6.8345641361274625,4.83780992618294,1.249054617267848,-1.217200295731921,-1.9949212342419338,-3.872696377394558,-4.100408146071645,1.2626438678511411,0.7110840330628401,-8.50523258710028,-5.853703692076978,-2.1756201555489474,-3.980619620410563,3.0045901202649423,2.100830040220318,0.7420385267186119,1.7386728013328143,0.4017308633515188,1.113595495381284,0.5941860941140612,1.809513852289378,0.982610856113876,-0.49059825968468174,-1.7794077247245956,-3.79814122850804,1.929647944842395,1.1683293387348677,2.1307052621250033,8.246752514565298,4.364868121375431,-3.181069654507737,-1.8425542608545502,1.2674932403847576,-2.8897532596658877,3.0520296596870358,-0.28487431262606155,0.6706381755742414,-2.2950509984781227,1.6355075401711168,1.3477534241313351,3.716607745806187,-3.181558854810727,-0.05483709641184175,1.4692350973424544,3.4092672578752024,-1.8288536825483963,-0.3085386123827821,0.22842726501512176,-3.7652344269185156,1.4826573535709628,1.68207145061606,0.41912452081248597,1.3933999499846872,-0.4067926750845706,-0.4110105061829375,3.15667160582744,5.233087915302739,-3.059559001196551,0.22925233929395666,2.4004433755739547,-5.269288262079027,0.4016882560023983,0.9920696402327001,3.057151344272431,5.298491579046008,5.459956576514349,-2.2561249459913646,4.9089878100192035,-3.332851597060874,-4.7513535453950535,-0.2474717567387766,-1.266479434348099,3.2478591467958253,3.36735406290863,0.8525400122673858,5.040224200579571,5.753676488179064,1.8013759115276946,-3.2445156242893023,-1.309299614325139,-1.0626295165840802,-6.436333954250905,-2.072894353520668,-0.35241342934306985,-0.9039244705251631,3.4556388430819087,1.1168078135199186,4.64345551643143,5.0583979553903875,1.471803002674498,0.598679699511364,-5.385914386944366,-3.547047585847492,-10.502558950062017,-0.9144228664099496,-1.5883029380144147,-0.351835103646966,3.9024737493808805,1.16214507707243,2.4616169046682135,4.54277694199767,1.1825220382917072,-5.641387542814472,-6.059733570657,0.5819927784136175,-10.227254763893857,-0.21580886625739493,0.6915192040656988,-3.1463896387011867,7.420424520397445,1.3505992460376612,2.845235661436498,2.3456294717083224,1.0932837232792592,-3.145375214097911,-2.5001663041573963,-1.7425094825159881,-8.03799251407785,1.1440493738725976,4.256343103583162,0.8339208418256028,-0.9092606258697205,1.0930506064570555,3.6778988363120346,4.858379538843265,0.6224000380137968,-0.6932207474919553,3.9813133206274016,4.234087584925854,-7.538443342580918,-2.0491430074217756,1.6184248043412985,-0.4964797338472439,0.9039272034238856,1.4225830298154956,1.5435536245298784,3.514269202464605,-0.0680832124206868,-3.748953905199818,-4.50243853948429,3.053861965296433,-1.783929443731777,2.0940609326213617,-5.541607691505014,-7.9276352270329165,0.506783734035587,1.994041812443238,2.2403028995057133,2.9629383004705465,1.367488762641277,-2.578954391762472,-1.65503122729432,0.763240921530282,-0.9008174435974936,0.6282133102933015,-2.494471284884917,-1.5583591756737452,3.949200036950807,1.5666298430301493,2.544812434111348,5.480091093200442,0.9904377875488413,-0.9719365782064728,-3.2527331060020632,-0.40539070822771694,2.221477622009434,0.7203313790833152,0.3929967981251947,-0.6486443395145014,2.8922674576555494,1.7382681587035973,1.6991333743179904,4.130095044273332,4.164145394421746,3.7248662587247434,0.0019171323467998417,0.14641469386384778,-2.437972764658852,1.5186533634480213,-0.5099697122707507,-0.5560698186564336,2.5508575283093213,2.051179696600915,0.26318969601298553,4.967667582187395,1.243510722601868,-3.4438976732255155,-4.009779621069714,0.5644711718503269,6.145228538537884,6.7162609251604515,3.3671901268647026,2.9496487710226185,-0.13710428990931467,1.4577423822120048,-1.083737557364204,1.8119478808813996,3.052741862988961,-2.5462999693201755,-5.745069820222576,3.47586704135832,2.327334373094842,-5.295781130339021,-2.0915669503988594,0.8297071984027992,2.173649096671928,1.5922761998101247,-0.19608371074496714,0.4101483515621179,4.300864903014427,-2.140822569205573,-5.696490625705679,5.150435446504051,-0.973063467993615,-5.453694750578726,3.5625681912011142,5.334313812923172,-1.4083862735262511,2.0544622016244682,0.38483034411646666,2.0008922523229615,3.38105800452839,-4.903850426917716,-3.6164720563864092,6.037664528710236,-2.4090588227996097,-5.006028727912504,0.7490394731307202,0.2887756493015754,-0.44995876929559997,0.906745088755044,0.8979741187457071,2.930475589022871,0.25766944396308866,-7.394950865277444,-2.3923842140329175,8.04951006520678,-0.2340472234775026,-3.6412372362803485,2.744673871558216,0.5784309702745613,-1.0336873490091705,1.7161347212240952,0.18127601194444778,1.875223291149117,-0.276450635083518,-7.214102372488119,-3.6281386782086607,1.791399211906381,-1.9414365031447602,-2.7530381761473643,-1.5593131948196022,0.9599697321086069,0.24334748789819535,1.8311002819041222,2.0628170214487715,2.130313426504432,-0.39890571822317666,-6.182738044494253,-2.2762289360145127,-0.17283906715552258,0.6521204318970683,-1.5412610519875658,1.2155582595167624,0.42140881321777224,1.9065695818182065,1.6916884057949557,1.3201797397885928,0.6515770696936918,4.052060807169288,-4.85079014148681,-4.861539667449108,-3.4403355720275655,-0.26154285454284903,2.1787583640465615,4.032446110101364,8.055648767872313,-1.2405022818683908,2.2850888335569017,2.368363845124573,2.3337900839188777,2.4485953891525014,0.43373422195343764,-0.7511407769362796,-3.689443186919017,-9.953126990287634,2.7091116713000494,4.996747054587867,2.838498205840611,0.6935362402942913,2.0967754250673565,2.089478204214978,3.689735343745634,3.176734074855896,-4.8948183097937905,-0.7839310349178817,4.055418042691953,-3.053044892560232,1.1977730229044716,-1.3511717236788363,-1.056628276981648,0.5717646864974584,1.9013160735148134,1.5693540667366102,4.06490903037598,0.6250646310331954,-0.03560419568982658,-3.3137781814715366,-3.5462906213902787,-0.987919907945063,2.7709175224646287,-3.2823565631221943,-3.7944687121546186,2.582403916162588,1.4102019987940104,0.33325585506852806,3.8122843861772524,1.0790512768269847,2.354520817355495,-2.7024794128293683,-0.32882113998930323,-2.0645458154490757,-0.08765727224665465,-0.3828117007255399,-1.243843632167167,1.0032825365150395,1.622149319736671,0.5310009937857106,1.8496410819659326,-2.469393491007641,1.5788180444605837,4.174929974102908,2.731303922464399,3.764885172494378,4.560490079711798,1.6216368461641184,0.14609543173457154,1.4298314592456725,1.9574956832367547,0.2695595355402573,1.571295395491534,-2.831987314296856,2.483021613459028,2.2655299118552783,1.0748919091594362,0.7015686372724507,2.101113731613328,0.22312503051503962,-3.493890299530308,-0.8617914138057957,2.332003209822799,1.2666656952837085,1.1293002215386618,-1.127134586833229,1.5594574308913445,-0.9542792203972218,-5.219520065403428,-4.994672417156868,-0.7670693495089718,0.1693012779453427,-1.6775414428492308,-1.3998885481996002,2.152687565174122,1.844687277415324,2.356863279250454,-1.4200659634166921,0.6229292214022195,-0.8639822935607101,-1.6295391994992083,-2.399608421767309,2.816094326084062,0.9163206852179927,-1.951102248596806,-3.8938545236506226,2.3890750401270413,0.827310381511047,-0.5577864130116826,-2.070569428197177,-1.3247862097539662,2.737560533946835,1.649825733312854,-1.1812410283027883,4.822753089115802,6.981227929246759,0.9073047671871227,0.7674657845618151,1.0928807845300164,1.5744939708880312,1.574813237120389,-0.13561481796816058,-2.0049571001954223,4.3036126968022455,2.8239912992577327,2.5466140391232113,2.59233150556044,-3.4892237524779377,-0.854805342660391,3.659668709181333,1.3322121336130819,-0.16517461311820103,-0.2693520648001128,1.370117960157306,-3.466710086433452,0.3202096237651531,-1.5206866574606128,-1.9433915523283323,0.7840292845191424,2.2745135976118545,0.5877555530661493,-0.7776720865394469,1.9614008617187997,0.9682323317993788,3.5035527121964445,-0.2595154486119116,-1.0316318551862993,3.6022483417663835,-1.2786810433434352,0.5369479218779731,2.2114153945146784,-3.0681468074922966,-4.208556867757085,-2.2895028771383736,1.2940127349636985,0.5015087171743783,3.311949138013638,3.7262067513384425,-0.5622747053336299,0.21376902330166617,-1.1798390587416228,-0.9653682892931111,-6.022807001449706,-0.6470469849455371,-0.05503812174473656,-0.7221773123004933,1.3226669836365093,-0.010991999977507733,1.8574343441049237,2.6269174113702225,3.5318189616840896,1.8278946675522065,0.08643760881210656,-4.907634320452904,-1.596450642317365,-4.737285016631967,-3.715508896173612,3.304489304069909,1.5526793818155602,0.0536852149449893,2.3778898889959033,-0.5782519930147199,0.5821032869819165,-2.7110702457848435,1.6981464159497428,-0.7334841407276822,0.4880869889888918,-1.118198659781697,-3.355212664663443,-3.2338242000856585,1.6035150757865486,0.7990174944934613,2.709784579920592,1.690217088429141,4.31729197792782,1.2541839279073008,2.8247483005914313,1.5365204930728218,-1.0113852926557656,-1.8016329229725996,-5.757652334229641,-4.474714658562658,0.6952214757522107,0.06541165804345936,4.7223329570227035,4.274353118216786,-5.142472256885224,-5.224829846072101,-7.627095838967819,-3.899002230225039,-0.12991717544981382,-4.425639912205408,-2.8776587741461217,0.35049153796132926,,,,,,,,,,,,,,,,,,,,,,,,,,,,,,,,,,,,,,,,,,,,,,,,,,,,,,,,,,,,,,,,,,,,,,,,,,,,,,,,,,,,,,,,,,,,,,,,,,,,,,,,,,,,,,,,,,,,,,,,,,,,,,,,,,,,,,,,,,,,,,,,,,,,,,,,,,,,,,,,,,,,,,,,,,,,,,,,,,,,,,,,,,,,,,,,,,,,,,,,,,,,,,,,,,,,,,,,,,,,,,,,,,,,,,,,,,,,,,,,,,,,,,,,,,,,,,,,,,,,,,,,,,,,,,,,,,,,,,,,,,,,,,,,,,,,,,,,,,,,,,,,,,,,,,,,,,,,,,,,,,,,,,,,,,,,,,,,,,,,,,,,,,,,,,,,,,,,,,,,,,,,,,,,,,,,,,,,,,,,,,,,,,,,,,,,,,,,,,,,,,,,,,,,,,,,,,,,,,,,,,,,,,,,,,,,,,,,,,,,,,,,,,,,,,,,,,,,,,,,,,,,,,,,,,,,,,,,,,,,,,,,,,,,,,,,,,,,,,,,,,,,,,,,,,,,,,,,,,,,,,,,,,,,,,,,,,,,,,,,,,,,,,,,,,,,,,,,,,,,,,,,,,,,,,,,,,,,,,,,,,,,,,,,,,,,,,,,,,,,,,,,,,,,,,,,,,,,,,,,,,,,,,,,,,,,,,,,,,,,,,,,,,,,,,,,,,,,,,,,,,,,,,,,,,,,,,,,,,,,,,,,,,,,,,,,,,,,,,,,,,,,,,,,,,,,,,,,,,,,,,,,,,,,,,,,,,,,,,,,,,,,,,,,,,,,,,,,,,,,,,,,,,,,,,,,,,,,,,,,,,,,,,,,,,,,,,,,,,,,,,,,,,,,,,,,,,,,,,,,,,,,,,,,,,,,,,,,,,,,,,,,,,,,,,,,,,,,,,,,,,,,,,,,,,,,,,,,,,,,,,,,,,,,,,,,,,,,,,,,,,,,,,,,,,,,,,,,,,,,,,,,,,,,,,,,,,,,,,,,,,,,,,,,,,,,,,,,,,,,,,,,,,,,,,,,,,,,,,,,,,,,,,,,,,,,,,,,,,,,,,,,,,,,,,,,,,,,,,,,,,,,,,,,,,,,,,,,,,,,,,,,,,,,,,,,,,,,,,,,,,,,,,,,,,,,,,,,,,,,,,,,,,,,,,,,,,,,,,,,,,,,,,,,,,,,,,,,,,,,,,,,,,,,,,,,,,,,,,,,,,,,,,,,,,,,,,,,,,,,,,,,,,,,,,,,,,,,,,,,,,,,,,,,,,,,,,,,,,,,,,,,,,,,,,,,,,,,,,,,,,,,,,,,,,,,,,,,,,,,,,,,,,,,,,,,,,,,,,,,,,,,,,,,,,,,,,,,,,,,,,,,,,,,,,,,,,,,,,,,,,,,,,,,,,,,,,,,,,,,,,,,,,,,,,,,,,,,,,,,,,,,,,,,,,,,,,,,,,,,,,,,,,,,,,,,,,,,,,,,,,,,,,,,,,,,,,,,,,,,,,,,,,,,,,,,,,,,,,,,,,,,,,,,,,,,,,,,,,,,,,,,,,,,,,,,,,,,,,,,,,,,,,,,,,,,,,,,,,,,,,,,,,,,,,,,,,,,,,,,,,,,,,,,,,,,,,,,,,,,,,,,,,,,,,,,,,,,,,,,,,,,,,,,,,,,,,,,,,,,,,,,,,,,,,,,,,,,,,,,,,,,,,,,,,,,,,,,,,,,,,,,,,,,,,,,,,,,,,,,,,,,,,,,,,,,,,,,,,,,,,,,,,,,,,,,,,,,,,,,,,,,,,,,,,,,,,,,,,,,,,,,,,,,,,,,,,,,,,,,,,,,,,,,,,,,,,,,,,,,,,,,,,,,,,,,,,,,,,,,,,,,,,,,,,,,,,,,,,,,,,,,,,,,,,,,,,,,,,,,,,,,,,,,,,,,,,,,,,,,,,,,,,,,,,,,,,,,,,,,,,,,,,,,,,,,,,,,,,,,,,,,,,,,,,,,,,,,,,,,,,,,,,,,,,,,,,,,,,,,,,,,,,,,,,,,,,,,,,,,,,,,,,,,,,,,,,,,,,,,,,,,,,,,,,,,,,,,,,,,,,,,,,,,,,,,,,,,,,,,,,,,,,,,,,,,,,,,,,,,,,,,,,,,,,,,,,,,,,,,,,,,,,,,,,,,,,,,,,,,,,,,,,,,,,,,,,,,,,,,,,,,,,,,,,,,,,,,,,,,,,,,,,,,,,,,,,,,,,,,,,,,,,,,,,,,,,,,,,,,,,,,,,,,,,,,,,,,,,,,,,,,,,,,,,,,,,,,,,,,,,,,,,,,,,,,,,,,,,,,,,,,,,,,,,,,,,,,,,,,,,,,,,,,,,,,,,,,,,,,,,,,,,,,,,,,,,,,,,,,,,,,,,,,,,,,,,,,,,,,,,,,,,,,,,,,,,,,,,,,,,,,,,,,,,,,,,,,,,,,,,,,,,,,,,,,,,,,,,,,,,,,,,,,,,,,,,,,,,,,,,,,,,,,,,,,,,,,,,,,,,,,,,,,,,,,,,,,,,,,,,,,,,,,,,,,,,,,,,,,,,,,,,,,,,,,,,,,,,,,,,,,,,,,,,,,,,,,,,,,,,,,,,,,,,,,,,,,,,,,,,,,,,,,,,,,,,,,,,,,,,,,,,,,,,,,,,,,,,,,,,,,,,,,,,,,,,,,,,,,,,,,,,,,,,,,,,,,,,,,,,,,,,,,,,,,,,,,,,,,,,,,,,,,,,,,,,,,,,,,,,,,,,,,,,,,,,,,,,,,,,,,,,,,,,,,,,,,,,,,,,,,,,,,,,,,,,,,,,,,,,,,,,,,,,,,,,,,,,,,,,,,,,,,,,,,,,,,,,,,,,,,,,,,,,,,,,,,,,,,,,,,,,,,,,,,,,,,,,,,,,,,,,,,,,,,,,,,,,,,,,,,,,,,,,,,,,,,,,,,,,,,,,,,,,,,,,,,,,,,,,,,,,,,,,,,,,,,,,,,,,,,,,,,,,,,,,,,,,,,,,,,,,,,,,,,,,,,,,,,,,,,,,,,,,,,,,,,,,,,,,,,,,,,,,,,,,,,,,,,,,,,,,,,,,,,,,,,,,,,,,,,,,,,,,,,,,,,,,,,,,,,,,,,,,,,,,,,,,,,,,,,,,,,,,,,,,,,,,,,,,,,,,,,,,,,,,,,,,,,,,,,,,,,,,,,,,,,,,,,,,,,,,,,,,,,,,,,,,,,,,,,,,,,,,,,,,,,,,,,,,,,,,,,,,,,,,,,,,,,,,,,,,,,,,,,,,,,,,,,,,,,,,,,,,,,,,,,,,,,,,,,,,,,,,,,,,,,,,,,,,,,,,,,,,,,,,,,,,,,,,,,,,,,,,,,,,,,,,,,,,,,,,,,,,,,,,,,,,,,,,,,,,,,,,,,,,,,,,,,,,,,,,,,,,,,,,,,,,,,,,,,,,,,,,,,,,,,,,,,,,,,,,,,,,,,,,,,,,,,,,,,,,,,,,,,,,,,,,,,,,,,,,,,,,,,,,,,,,,,,,,,,,,,,,,,,,,,,,,,,,,,,,,,,,,,,,,,,,,,,,,,,,,,,,,,,,,,,,,,,,,,,,,,,,,,,,,,,,,,,,,,,,,,,,,,,,,,,,,,,,,,,,,,,,,,,,,,,,,,,,,,,,,,,,,,,,,,,,,,,,,,,,,,,,,,
3,2.0,1.6065722317313627,1.4624577862490444,3.458962246790734,1.2089331204223013,2.261892293905792,0.7887993959665228,-0.859335641613218,-0.13834643245913864,2.049532783470139,-2.4806206819905188,-4.168462721854212,0.1914444366135959,1.6227573524523553,0.8936857728142796,4.829104504914756,-0.10499620696580486,-1.5978998061233136,1.7892604398057357,2.688084817221456,-1.550013928529177,-1.803261138022114,-2.0770191306777765,1.3313442376894775,0.2960049262063769,1.2797064808789844,1.1355738993227296,5.090179041965409,3.2136078705398865,1.1187430752432181,-2.6397174140911934,-3.950305687003812,4.143141004354292,0.637861743736287,-8.818727880131265,1.1346751562985096,0.4204123435085446,1.7927089656640849,0.5777512351140616,1.561052081071162,-0.9129643656857784,-1.2304272352406391,0.7506898278528049,-4.749576965892971,-4.608362499682763,1.2243422930228078,-6.976106753783069,-6.410445761070742,0.6296662801201294,2.3170691850925844,1.3473195171978776,1.253821728358449,-3.2664825670697386,1.4776814435243768,-0.10991374012531793,-2.26042639704159,-4.673283455816579,2.6793562114639102,-4.646980209348972,-3.602469347373785,-3.0438229790882514,1.7328670894327893,-0.498016384326979,2.1498726234881778,0.1690183903331494,-0.32971501771731937,-1.943501725078217,-2.4892546982675783,-8.768181435043747,-2.1407212400015525,-1.2111234536126463,-2.9001109919596555,-0.7214470138828439,1.5554481747668392,0.07446698521615319,2.1278858514120564,2.470952762211583,1.7663548817130021,-0.902068883428759,-2.1378422902149326,-3.0129763075698612,-0.666725838758953,2.7564228779543094,1.556757590373365,0.5235587050675777,1.3565105295976805,1.1207964250233866,3.1814543235766766,-0.23218897492663418,2.419965138348756,3.0896368892911794,1.5854420341664432,-3.0471809072153837,-1.7811838177329427,0.8381231072788846,0.4980635277210535,2.432768857925398,1.701826305977759,-1.3185729899040393,2.1611090896560796,-1.7651315381285526,-0.8783936192672689,-0.48514384832319823,-0.24906865247337157,-0.6635931306455384,5.702152694704501,-3.5510826495767267,-2.5675374460364746,-1.1319891738608092,1.5100982921818151,0.5895444299006423,3.02995898818606,0.6767777901424605,2.28819245333949,-1.8864313307129308,-4.618584948548272,-1.82595404233108,0.4504633469636583,-2.6586935721240557,-3.1526693060140687,-1.043865477208517,1.9140513676778468,-0.4791201336935992,0.8423558168229477,-0.7866101849015416,0.822316119644213,-4.097299704349495,-2.5126825532688075,0.8760800826151642,-0.14816243247482658,-2.76793981644923,-3.7555328431066872,-1.4250774514477984,1.6984692463749889,1.348937813799276,4.067280014051238,-2.7398446851700187,-1.3141712284289502,0.3991699690481715,-2.642581694310366,-0.7792503357023063,-0.6845032574750921,1.6997311718286898,-3.498718028788371,-2.7025066482611213,1.7314431961931136,2.2521728868241526,5.543388200109487,-0.6744170652682381,-1.6741246676735875,0.7229654697832051,-0.7946794987099104,-4.257080136785472,-1.4216803791965722,-1.8453214870334138,-5.2144676773800045,-1.0040937087561554,1.897814908262992,-0.08814229755495767,2.7152123022315577,0.5923409527926694,0.6986738806790259,-0.9734687790426003,-1.4068453648225403,-4.428137360498325,-1.6341049900583215,0.6746401684381423,2.68268693957924,-0.07467167369901713,1.7231252920876898,0.8924834091043518,3.8712017945189374,-0.2674325847739972,0.08329491426269567,-0.38671909503799234,2.25619239323396,-2.6613611571601017,-3.3229465416989514,1.0394271178476884,0.5309483824032915,0.15467571444347747,1.1633846007108029,0.5533045081198174,-0.22360082355042465,-2.6892192913275608,1.2351079785845684,8.20697997955153,4.077123923241217,-3.60567132277412,0.46402971911545304,-2.0788286041302597,-0.823024620920006,-2.943420938115386,1.4673481961844095,1.3864760647536305,2.179483610513291,-0.8469168358045005,3.1077706318700384,1.5856111798527062,-1.4478340951486401,-1.6970568454144597,-2.014931590084309,3.7648352036390555,-4.550331187648565,-0.11923661959202679,1.8015479718505043,0.7389211627230449,4.0946587809278805,0.40577590389140433,-1.749672242905662,0.7438576318667782,3.8279112182240063,-0.7621928732904725,2.897742719616269,-5.401876214131122,-5.678779616006701,-4.403523684924558,1.729681229682302,0.4918505534562118,0.4382435741269448,-0.05597903680064403,2.1388035780614767,-1.5697291330724148,-1.45897107945822,-0.42250227575549865,-2.4900652697734094,-7.15985667164526,-1.1750126993467431,0.6533259301550649,1.5146903094636182,1.7782092961512797,2.6522500608034636,-0.8028448910663978,2.483910329550368,-3.9068315924257506,-3.456898672969692,1.5892981071343468,1.1081371611897188,2.4652680338863324,-2.661725167396987,-2.9412376611844686,1.1544492779146296,0.5428295695514254,3.6770968128617914,2.5702827123255085,2.2706017395302394,0.14808588213709117,-2.179218408164823,-5.48874783668286,-1.6852320235331784,-1.6466038903637168,1.0917362101297738,-0.8583352956869017,1.1479946543423774,0.8049760052529187,3.681542258781856,0.8285399192249445,1.714211521108931,3.3275276154404225,1.1234736247665453,-3.8250706598058297,-3.416712251619677,-0.8149123883630806,0.20719329833301048,0.5956104734468234,1.7928542222515664,1.371810332747332,3.889232765570551,3.6931495232473193,1.75522107587386,0.40573177982499975,0.4985450334379278,-1.6095487262432095,2.4350676310343546,-0.7157400820986399,-1.3663157307838376,-0.7902745639014863,1.8092782402455987,1.3747644880357208,4.63324558321363,0.04035651561509913,-1.1503828195961223,-0.9264134066475178,0.12837504574100264,1.276400533023504,2.0816567519105895,0.3926344965918947,-2.029303139971274,-1.653070887744983,1.959789827119304,0.7333663964851302,1.9466256844985863,-1.1146482247225056,-1.5890406223021383,2.0767152845974155,-4.58076919337204,-3.7423930848168734,3.1122122362801106,1.4168881329086453,-1.6015228753259179,-0.1016066301595886,1.7529376196309563,1.091373627377537,1.6022268128073227,0.9146691789655815,5.114271487374337,4.060287995232383,-4.086640051861303,-4.018474824770482,-2.127238011494273,1.4953523584780708,-5.088419489339105,-3.1318808371274067,1.70042936733504,0.31091023244363375,0.4491539050685163,0.12772657508924928,-2.8383037777421145,-2.9152847259702237,-7.782635405807089,-3.7357070581404224,3.743100576508425,1.6677714122347738,-2.0038993092146318,-7.855737171698702,1.7141148777854953,-0.30059301335171384,2.683846900500825,1.4217735024580835,1.0190907683495214,-0.6495269655913433,-0.7170816536261462,-0.9225247616518587,1.969254305262383,-0.9092062668475773,-0.8973180830169395,-1.6089357216922529,1.288062108007868,0.9134140305849375,6.584824761960614,3.814969300502581,3.0516458918083096,0.295622156686749,1.2434133975225439,3.6108603282024685,1.1938499559208013,-3.4959075006584177,-4.496511081101924,-4.1243209917480765,1.3387511866444877,0.5111896837862872,3.3981802700879435,0.7745172366780686,-1.0205943109806563,-0.5163982694388315,3.845011448374794,-0.5028878765752189,0.26164365465480044,0.1801645613199884,1.1408864041476356,-1.0684019352639438,1.4997363035126372,-0.7556930902333535,1.5649971987740778,-1.9707951829696293,1.6611840884254852,1.2542570413687395,-0.08902054815011196,1.7195944006805453,2.222474388127637,-1.2374416947437603,-0.921178148517944,-0.2058884977343099,1.6331436766257874,1.6337469731668193,0.5257734494380475,-2.447426816832316,1.4139556781880651,-3.2687926732073644,-0.8509192851696109,-0.2564575028683261,3.261008044744277,-0.8559930420420304,-5.260386589842927,0.32880520467874286,1.6331022477009878,0.168243122880287,4.237785868636151,-0.8433171528483426,-3.2817765799452,-2.7472330265439595,-0.9729109115780352,4.629673553558343,2.794012201456915,-1.5960906523239036,2.691710276578133,-3.1643601526907927,1.6914322347060051,1.7161192702894572,4.007047931000952,0.016841381060652378,-2.958904023257346,-3.335479514051833,-2.2130456903017737,-2.10378818543249,-0.8925580377431195,-4.332251536242141,-7.785418225479144,-1.7552663734631009,1.652749370249573,-0.6661373644427023,0.95948729863579,-0.6079680149530835,0.8369535631863997,1.8252395643033974,-2.2513694103917965,-6.871187214704958,3.3872906762961854,-3.444366702069555,-7.75805935217723,1.6819734437651275,1.6889284285083244,-0.9053053692190297,0.6049195664996695,-1.75998423536279,-1.2096244494637713,0.8970455788620737,-2.588965154741919,-4.3261992946321355,2.730777070957831,1.2389589549672102,-3.4009654315512408,-1.7068281500927958,2.287701036421743,1.4219126561219957,2.4074346378294043,-0.9244137065727521,2.7973043426845874,-0.07422374461969644,-0.022658580613100793,-2.3124126865718284,2.040207611442736,-1.71859756643588,-3.0179065350982506,-0.5620643322410868,1.7392654324192653,0.8995122784267354,5.185686599021295,2.209433809851521,1.7173391844102852,-3.006047779047488,-2.682907434979541,-0.8466446025264458,-0.426533163685225,2.366381669918629,-0.6566481895511703,-2.4800210811161056,1.4069796045512328,1.1675636573174677,3.3060988794500896,-1.4385060854835665,0.8145378048535459,4.243694287172801,0.5656035200646643,-3.1417430671325173,0.7491632309589322,2.843336693323112,-1.8481467803935419,-3.864341818880445,1.9805005125936854,0.9673831514468805,1.7637538724923105,-2.8351431299548264,3.3115439723417865,4.354179987476811,-2.353567924711191,-2.448181467441457,3.4669553313231614,1.359442913232037,-0.21361707994320595,0.12005833047267703,1.9789272706762608,-0.790595949574933,0.40932782653039673,0.45642921509671014,1.526329664587015,4.1349919824182715,-2.1765918894515988,1.7530640665349306,0.9703466963655762,0.3443506489881319,-1.4023144228632802,-1.388364300275435,1.7997336419387782,-1.0178346702023282,2.3365357272219813,2.826164838039144,1.85151917380407,1.3913205192223126,1.3840082055115674,2.254714623268716,6.473440717858584,-2.46281406574163,-0.07293673037360544,-2.2315662180922655,1.3448449841528662,-0.32249613771531793,1.9740550789031528,1.2014847460330618,-1.0572431511337521,-0.6487021619801157,1.5635618617656755,-2.23789716028027,1.553895984655095,1.1281670704676712,-4.99529686844278,-1.4763108475447893,2.0886540873984467,1.13146185632745,3.8492376635800802,-0.4778088446775444,-2.675303458508339,-2.9796964278249716,0.02875210348153788,3.8862172285101027,-2.335641252538813,-2.9762119069630972,-3.2275131985030607,-0.038489104596980614,1.924849236441047,1.1728651838528796,3.704428056237652,-0.7678469100430941,0.30015106120335516,-2.7111157447807908,-0.45301561135433405,-1.6037686312737744,2.3605611348364874,-1.4991357560156429,0.020043715930273452,-4.966212146208017,1.8095640138246125,0.7740597138262458,2.7488469508787663,0.9601792538847769,0.3726705872120796,-3.832052827563618,-2.7382785275890553,2.188398067411116,6.653271198611696,-3.2578909668859435,-3.267005735300794,-0.08844141565409075,2.034396450795339,1.5258770150544105,3.5026272030910985,3.105611065539146,-1.0934414782166373,0.20909103040069796,-0.8571736542959202,-5.95931663447103,-0.47037523897901196,-1.2281661176622327,-8.277258685522325,0.137261180839076,1.6962845015922468,0.9292878008881781,3.3766147769447956,-0.2977617928465408,-0.2562450065754185,2.5056392308904356,-0.9946798045091133,-1.5635126861512214,1.6713094426917312,-2.2099056482473722,-4.647213404386391,-0.2067097882928567,1.3587444896439542,1.0600979086753604,6.125564442604596,1.9772342617291891,-0.8090177125867895,-1.7212790484592195,1.1157969969524077,-2.5392224438251407,2.1014120066984012,-1.5996661906121132,1.0982062584323162,-0.7678021982939239,1.21191609482027,0.19960211873000078,4.741019600989149,2.4840224649874387,1.4559755800599568,-5.397535426605618,-8.395833959633721,0.056421185881383,7.351872113723487,0.8076963144369849,1.5349355778397322,0.8341548082996801,1.7068525737001514,1.6690101948322524,5.203648233535605,-0.24176586799789918,-2.597497981096703,-0.7666505168611716,0.23171099952237864,2.8235950054070207,1.6475825437482148,-3.1886767229114366,-6.4026666067339395,-0.43258943042460263,1.1041473779718267,0.6997098676599444,3.6348398557086754,-0.0820810805724861,-0.6968457812772239,0.28971324819660366,-1.730765370928641,-1.8681979936310742,0.16694930110282674,-1.2084873476634006,0.29069844684269436,-0.9293421663387527,1.5085014952581621,0.08621346916890947,1.8894587366662603,-1.420503786940891,0.5640324997074283,-2.112800785384882,-1.7619033731774254,1.0696025119422388,-2.3533492523759625,-6.406017058505717,0.9315579873322214,-0.5944789694977297,1.8265147424945782,0.17072702394098732,2.9436410183807307,-0.4344169174819599,0.4954055744792404,0.5873626138283592,-0.9993670312871857,0.9542070645372238,-0.30800076764621664,-6.028145479401153,-2.7110447375207603,-1.2900640558446617,1.71032515129883,1.4021909704598172,1.6407339131243375,-2.2776717997779707,-1.2750278450230554,-3.334526041648035,-1.9717809737626777,-1.7299244570296828,-1.7527322952689834,-0.27899143183298986,-5.980996703338963,-3.936400924153236,1.9321617419830628,0.6281343772326183,2.188703706280062,-1.4307983747078865,-1.1013759847358162,-1.6119907023665982,-2.915253482249561,-3.174614641456546,2.699333759484436,3.222395469247985,-1.1356761292572677,-4.360736503767477,1.7335004231157403,0.7436094961119658,3.6281442257480236,1.7902275848819296,3.55639284228074,-0.890222870810788,-1.9994251155445588,-3.380066498690855,-3.245085830653783,-1.3849702471952652,-3.0279026139846894,1.027752629817663,1.336718521182668,0.2295122061593623,3.511076408813921,0.9033039823634239,0.2073281804165051,-0.2044349291448783,3.4685915790298467,-1.8366077536404866,-2.154009335149297,0.4928166535969574,-2.2457885125871786,-2.3002893377986817,1.1786156268950552,1.5691004099789148,3.5488725454789436,-0.2708426965758248,4.576338973197245,1.4328094763917978,-1.3183065412689092,-0.6869721853222599,1.6680925458922065,-3.1014003406496493,1.1185058908958403,-4.246681296516988,1.2209934292175169,1.6264169470045662,4.289186822450657,-0.37837446418316006,1.3499680789009252,0.9899413406813812,-0.041016192390701735,-4.540370128733779,3.7461171784219065,0.16563518367713073,-2.9529158740403227,-4.1423002301488205,1.9777279528416014,0.8297257566989854,2.861037524970366,0.07053972714763225,0.8319609820829317,0.7180059318563266,0.457090169097917,-3.5466594362624067,0.1692283332084532,-1.9885403788630691,-2.8088061731713077,-0.20765412095313324,0.9517437313985814,0.34168245449411905,5.150831144502424,3.586696141579759,1.8931753523790655,-1.850959879207318,-5.150615595393139,-0.896358243133738,1.9523244532330117,-0.6157055393795976,-2.9669455624210577,-1.9400178799340844,1.061330432289658,-0.15823704300183455,4.528567329799458,2.646368502613614,2.0540492404516044,-0.21571375116106203,-2.9142189619547145,1.696495634272746,4.521524012296978,-6.401821187813737,-4.169118517541377,-0.9736908240296624,1.5850175793821195,1.2106086842618984,1.2170616795449605,-2.5959208322267666,0.8704245533977663,2.9701521390621695,1.6389789763201286,0.996305268259025,1.838602980858979,-0.3315989001985392,-0.8525899799253339,4.3712614218036565,1.5759756169883592,0.7410694831422712,2.6441913845691882,0.5421649854460684,4.9389977046968045,3.0200161665955862,-3.0833159056320363,-2.908074650026295,7.252763514653734,5.58097706951181,-1.462942414279042,-0.03395009043297433,1.561917567862744,0.01248791895944714,0.5425271961444879,-0.6400481943516568,2.0228393989393116,-1.2331211011356449,1.7843837947274266,2.9256938752911177,2.474294704916828,0.7836855772544441,-4.672088174526219,0.2588307616796869,1.632960711327646,1.0363375615957642,1.9024479599143787,3.9998937101880254,2.546548207929394,-1.2759082494494633,0.3145612107048213,0.049857817009239185,-1.4243277069086677,-0.21171713476148782,-1.6706858781072345,0.0996978557147058,1.2341730165039304,0.5028996151259715,2.02931240178997,0.09795630533385546,1.3285243804001337,-1.3149676726438455,1.2087633274524767,-0.3503545541265895,-3.3901050184238892,-2.295644181371153,2.6017199488237184,-2.2477632281547875,1.147111207930131,-0.771318534448007,2.8705975528948917,2.8028975795505415,-0.04165825301511475,-1.2478384575132668,-1.9416048044157799,-2.2650133088806217,5.666791586195672,-2.499310531091927,-2.2150285191787775,-1.4469206734306344,1.6368792011642403,0.9864283602111661,3.1672673090882513,0.6991616384939833,1.8375594094007042,1.6792080708040775,-1.5258092063984137,0.540266454425537,1.6000632434324886,-4.562988152262172,-4.463959138555301,1.0206019509160011,1.9886028139601253,0.6892866463185122,0.3206124909257196,0.48068767891431496,3.676379270449198,0.16893754936235497,4.872400112361138,0.8381741420267808,-2.8243888985865606,-2.4892641891259624,-2.446139537458063,1.1952335018332338,1.553859563407266,0.046172792951419815,0.9386206299013488,-3.3183964608249124,-0.915241153499296,-0.1949400381122165,3.893998774326302,1.9204734185799062,0.8387223382744426,-1.1673802390351948,-0.8016666219340775,0.44498046258211343,1.551835621232182,0.5696887197348615,1.3443986932716048,-0.591468193999057,-0.7356654035107906,2.2701344721904,2.7855724738195407,-1.876897184539507,2.208381245673829,-2.449140967972947,-5.382801964620014,-0.8201473732274068,1.2026887192894373,0.0028742921154535496,3.34753840467476,2.1664888335270245,2.8446938978627423,1.2407385365599959,-0.07099964732294416,-0.23642754837496893,3.802527306231023,1.6519201528872325,-0.4658739426802226,2.7513601130614,1.7978533479110947,-0.7440684800519969,2.024418109490081,2.1900944081211704,1.3961440303004538,1.2850043695270983,-4.437438373746367,-7.9878346768104995,-0.5011343063235926,-5.419221823783334,-5.184579817100769,0.21857455701787668,2.105256842334343,1.2156006324082695,2.070574981944059,1.4246755307272743,0.37017050490436626,-0.09085607809012711,0.5862308338610673,-7.225707155901113,-2.0734205703024533,-1.4183732358633308,-6.400482390664177,-0.27996111317645134,1.7305045339192962,0.6780633613784331,2.4428335728411974,-0.7997864623493542,0.10041639854927974,-2.583349603299455,-6.144140230437694,-0.10613631497606116,0.8980469459828793,1.7598031249633128,1.0870620529632742,1.0767128543040791,2.1451704081233767,2.5085548401195354,2.917609067144263,-3.515780369951906,-3.338080996482877,-1.1366159372043712,-2.077283594004961,-1.4829018317534222,-1.129774693070782,-7.4625085535187665,-1.9421037712500715,0.026378654493708825,1.4725116542777055,2.935131929981938,4.579059590472522,-0.5019871738381423,-0.5097114723941741,1.2697291597473186,4.508556744925142,2.1411078559178898,1.089091358602461,-8.458600968073249,-6.4523192665854605,-2.084110665517101,1.305500153295127,1.8830213923478867,5.22533456423822,-0.7638925971427241,-0.16535588799867956,2.449040454409767,2.0525216109360316,-2.8161762480732393,-4.135907969032848,-6.0082448988393935,-3.1949813406967094,-0.23249565731627042,1.7604095045603894,-0.07659999874036698,2.72921999050834,1.0065626731699382,0.12454118534420443,2.5170639417473306,3.842847194324062,-1.1772613794042928,-3.9940283706157054,-2.4028806011022024,-2.068743103165902,-1.613155936469358,1.6132823839635473,1.5693085517540493,5.390724694727606,-1.7201622976269042,-2.963391775221749,3.1695470229256255,-0.03408520818669342,-2.994299658919579,0.7203467492105188,1.3954795386534082,-1.2697608714890263,-1.877111935192692,1.7649415175230996,2.727045407882467,5.692248955707448,0.516070890472305,-1.593995917753645,-4.0760809761030865,-1.0000810601828494,-2.7351689964230066,0.47856611007602456,1.045296381787196,1.114321381592909,7.109664172515259,1.4700261214320611,0.7665190231244681,3.766090569437861,-0.8744752225525603,0.48594618399943573,-0.11538303256164455,-4.390944318660596,-2.1649052818082155,1.6046574078108462,0.7185783814531154,-1.7028923847595225,1.4894399621055894,2.053272961048604,1.6607760824575337,2.6390191841754955,-2.64522763723596,-0.5694517151936489,-4.47614304601248,0.3200634789507082,-0.772220542455396,-6.253511129903732,-0.12257256728414628,1.4049687514086753,-2.853100265391584,2.2384707374653243,0.8133021816912591,2.4617119057041617,-1.6603780380814954,0.9300521627455085,-0.9442040790117813,-1.6058316003746436,1.2959225784301245,7.290694105164718,-1.244547123259357,-2.4272696527798012,-1.9768025370192235,1.5787128951850093,1.548187612911457,4.189709783879067,-2.5758195515269455,-1.1046952291363545,-2.3614272077929286,2.4684034742601018,1.2684718623014424,-3.288615575623966,0.9724903028111672,-0.10183392346276501,3.55818660657721,1.759025597889174,1.3366155608884536,4.261882984373617,1.3047825685949102,1.293605155965882,3.294289096865751,1.741415207138532,-5.483905554028876,-1.4538673586030726,-1.8329139684498776,-3.8291490471178955,3.004306904910618,2.025521272025766,0.679046906697505,3.0397645891253497,1.2408712897609795,1.3653950364172567,2.2737546970614497,-1.0572635433772337,-2.2696343248636004,0.7955323503961773,0.6417665288074887,-3.605334773365687,3.3725636487903294,1.8248388849421715,2.5147302811252397,4.699610446025178,0.1280719271518676,1.2615401862893643,-2.990471371242834,-2.9034859041805943,0.5134561342827412,-2.2387035877754595,-5.0752264675714205,-0.8955312664751157,1.890016591299283,1.695007434599385,-0.05563927067256793,1.5278029409840612,-2.6118090391112774,0.6180531720144814,0.8047377324193293,1.363050452610043,3.2713768889617856,2.5577812839737226,0.478187093343087,-2.670779170643666,-0.5197744134993257,1.5596185150669484,-1.2082736849780091,-0.2721684095377083,0.3132547849474894,0.8180737361593927,0.9373934179762574,0.8029929584396446,-0.3332411972659234,0.15455651583277966,2.6072107533345914,1.8307231589340829,-1.9359996994301976,1.235652528198138,1.0705620534947713,2.700311001194363,-0.09897731138221089,-2.5996965224332356,-2.9271129454592355,0.5205890618420445,0.2706727202819617,1.209250686896806,-1.200877315255893,-3.8542252124381666,3.291032209796316,1.9369193983144015,1.4130861078576464,1.478135495233882,-0.985647423741191,-1.087186752300596,1.279243886315429,1.8994093052523187,-4.380377935141748,-4.699128207944348,-1.5812739883172433,-2.955738294456157,0.23718170020088997,1.6828499000798847,0.6679436774327614,-0.16078548906894508,-1.1604713420522161,0.7462611377123117,-0.4512366595653046,1.332894448973287,0.3668429558084652,0.973717039502605,1.0920240811826265,-3.135491789590817,1.7180333665184988,2.164386710125225,0.8203598183879593,0.3087802325602392,-2.2754562676436967,2.6304944995789312,-0.29485169137401357,-1.3470946931337129,0.7562716977882424,4.160044418117148,0.08046859331969206,-1.9435122245102634,-3.3972736054352852,1.595439454995146,0.24919188614070967,1.8331849445781898,0.2220434341445477,3.7665986442344734,2.093908573102119,1.4605979787417298,-0.0658639794505435,-0.8636941253748742,-1.6829200852077268,-4.971900707442379,-2.1089675351997266,2.3658454234909065,0.642806009948433,1.341034679795559,-1.1486975140538562,0.11036804507304723,-4.338350245589145,-4.89032756070572,-0.6715471596665108,2.4888882214785744,0.11117201273289871,-1.7112501065263737,-2.937408826623463,1.483126596186082,0.05019575252794794,2.5920984274227226,-0.7897762983453022,-1.4606968730599283,1.0390223681077897,-0.7198363470154567,-1.2054339779700483,-0.26059615037721984,-7.931979608526112,-5.343991199103821,0.9754317234731005,2.1855042011316628,0.2468917027084572,-0.6903670481816431,2.860795479324104,2.23631592101687,3.6389446486440495,-0.9920577717510929,-1.5290551757734536,7.783558906402818,-1.285125318420993,-3.466903265060924,-1.393695061901416,2.185581658439313,1.159731539953452,1.1013805649412047,0.6188774931221016,2.9374827749071777,4.858456316882914,1.5089456084228121,-3.1860465183784843,-2.651427163815371,0.10884909804617617,-2.805325142401657,-1.2048217205470424,1.538903661513359,-0.4474279053097243,3.1966499763465084,0.42160618348950046,3.979385079310348,10.251525266948658,0.5418606753477039,-2.1714680190224307,1.920698011191106,0.2293808596016157,-1.9148006683673566,-0.0809836152339794,1.2967194464235419,-0.813161592667341,2.679212487687829,3.561223409933207,1.9240208668212064,-0.648825082322676,-2.865313738236984,-4.063595277692751,-2.078521863620898,-0.7212631082361013,-0.16197988887070577,-2.2906080543895078,1.5160213866695291,0.33061284023229914,1.8286516616335784,-0.8501860429159429,0.1504861222998229,-0.8105826783773694,3.031274058955579,1.2221883258466497,-0.0765706884450612,0.20625716763435537,2.1342887482537543,0.8177348660847614,1.6999110438159821,0.828207366776128,1.4465631949646132,-0.3445413971510742,1.5955796001370852,-3.968341617491132,-1.1938620384483594,3.1008670270346426,-2.2535511620977693,-0.8257968047604752,0.5862106960730016,3.1967543493474095,2.106571717253366,0.2313150235728441,1.741561106706185,-0.6531055868569926,1.3540646575615,-3.155457003462253,-2.6781344784030354,-0.4754916976208297,1.6596607754455215,-1.9049195840347908,-2.3545295986290773,-0.508214656587339,1.9919755960047851,1.3372915217958234,2.411870683456746,-1.631552465315035,-2.0345358697906297,-4.265111965927564,-1.018862816421912,2.534259080394268,1.5192458499617598,-0.16156899096325233,-2.441722922426326,-2.092329638720866,1.471864857337443,0.5770315360911056,5.048667116727837,1.136706244079994,0.24044962857393007,0.4961415649077274,1.847712308522547,-0.09716753918100167,-6.841365961911996,-3.8824518273790742,-2.0379665876740103,3.8397502406122657,2.0968531761703333,0.38478512306500545,2.173568763244936,-0.8966303978461604,4.381703152276204,0.706586439458382,-1.4101130182423807,-2.6984913454063997,1.303466359454286,0.3554053717135268,-1.065073990849048,3.19476345268943,1.6840360223016078,1.197613018808396,0.9941381567578671,-2.472980446801024,-2.1518753637436423,-5.201188399910158,0.19236684932685083,1.7460894308386885,2.2569164436149376,-3.3806724271495345,-2.061883746983145,-3.183375412948479,1.3367757708054675,1.2385441483711879,3.025838839603559,0.2648039241558874,-0.3137773569697205,-3.4794969330965904,-3.5691642611832237,-0.6181748252547198,2.334499335594518,-0.37984743529451004,3.4040411682087224,-2.0830589657404226,1.7092957125144537,1.917874334425172,3.739941262414491,-0.1638255310217558,-0.6083731673906092,1.6439931564806833,2.9281984462468107,-3.295867111611641,-2.025194620334613,-3.099788277844645,-2.080525683540578,0.8256791362746541,1.477841453420586,1.453508193682135,1.6811181324413627,-1.1419834882445088,0.3079217311857857,-0.690721051518891,0.24509748297774428,-1.2994136769020261,-1.8399078607080865,0.2141472715579648,-0.8272888195890749,-3.54388713054455,1.1146537923244306,-0.33997520343914733,2.6801242889946995,-0.9262568253469006,0.5232843729440396,-1.1796500338375902,2.324877301162903,0.09140380519955393,-1.785319087518971,0.0645158489246177,-6.292406717157732,-0.7465844282063029,1.1347139103608053,1.789267616078792,5.005306080074671,-0.24371372682463913,1.5076926336967977,1.0605193365997323,2.61118581506681,-4.904575222617247,-1.918758452503879,-1.0678467808325136,-0.21339235696312397,1.829408420460473,1.4099532526320968,1.404448583032381,5.708452682390775,5.192588635480921,5.92655446751943,-0.5746401252117055,-2.0130810428944392,-3.317430318595346,-6.610315628713433,-0.7899266552616265,1.3198992309053557,-2.344822588767935,1.5926496867035802,0.7831047044953452,2.088387292544985,0.7863263678191146,0.750394974425623,3.237196004678239,5.461662322452145,-0.6183791818560809,0.3821507503336239,2.66710876570351,2.303285929701165,0.35125379934039475,1.9091132659026024,0.2492015779243665,0.7705122285971119,-0.7690826290126398,-0.043110058590368726,1.3136072632187947,5.928705369951313,2.405812858536275,0.5042044721173795,-1.0990559214662805,-3.9005643647495214,1.6009388900682695,2.570195811784297,0.807414408301214,1.502235695051154,-0.46612202342870235,2.1096347718927575,-1.1386440056030767,-3.0771835564648935,-1.4375877509516954,-1.993799599769165,-0.44889963789671355,-0.44236910230662063,-1.4885349852676093,1.4395349371637722,0.7974444864585303,3.399611514923158,0.06141176483809462,-1.290660420054879,-0.9403024117365175,5.072051767004478,1.6047358990344085,-1.0064078020575382,-1.5972320152485844,-1.880497247778144,0.9081832681146071,1.9979270985491902,2.1737601168585834,0.3146185550642085,-2.932838738052831,2.640403880654119,2.7474391151731083,4.51476211013869,-3.574468914858732,-1.8127994808705303,-1.633711756985509,-2.5504270952287262,-3.3055876388760232,1.9321284310412745,1.8919186234490801,2.3069155833727724,0.42362916521170935,0.05840807063737206,-0.729345561948766,0.1778007111870313,-1.8800782878747613,4.815748945536274,2.892304963773773,-1.2113986059564423,-4.953530816835947,2.0218514366459175,0.7439774211593507,1.124690925487064,0.7462710020548547,-0.06749635792278487,0.596034393332136,0.5388971200164041,0.6490521473495066,1.9607690540844152,-0.492217191708921,-5.119181418483549,1.0439967457852963,1.2317759050655095,0.9954336453872663,3.9934577129500064,0.4856360290634325,-1.5907831226347156,1.2812837201287537,4.02170228015691,2.5312380282063742,6.421821759385675,4.316650729036662,2.458130072250707,0.7456499227999023,1.1507507142671762,1.4780160038893688,3.3770791984635875,-0.0030129364053186935,1.371370652735842,0.6944342232670374,2.2856562006567027,-3.278978095067065,0.33870903554559534,-2.5470925298581863,-2.3909467089410072,0.6945461948545766,1.5081488517141528,1.34203227896805,5.520558608753249,-0.14338113129681765,2.0636143556125526,5.289765790084898,1.5367610488737657,-3.371847944291881,0.7141257266854236,-1.3313259727019437,-5.707299964827729,0.37607796475363064,1.0678040921002694,0.33485449427395064,2.7241992466889644,3.845666404165725,5.22121221757221,3.8760069056461686,0.5933830501900028,0.3101624192622104,4.285781814337642,-2.1000293460569224,-0.45862863495644984,1.0245008163766611,1.2669602294354998,1.5779418941362864,6.135258988953566,3.7208719524060068,1.9698786284315097,-1.0099260113663462,-0.5496991377472337,1.1593951563680123,-2.5007833644494006,-1.8494213692617194,1.7205480765634127,1.1107214780302836,1.417079848801311,0.5181489423147666,2.430228628251642,0.7557839336123893,2.5315741812337844,0.2770296395013366,-3.5590724828477747,-3.6704095186733094,-0.5917042293750507,2.5586834398879135,3.256786543803551,2.6527655159807546,1.1939720713921462,0.5763332616430462,4.300512189858121,0.7738367271781459,6.274218683283797,3.217533721651313,-1.2123283698826046,-6.242925765872069,-1.6379469564606828,-0.7676126835609056,-1.4277027843907757,1.6441652869273287,1.285337725579352,0.4216154655518208,3.8014496023764135,1.912656747949011,2.958183716291479,-1.5384759795038763,-3.678387035996769,-2.7606406048131245,-2.596329144237992,-2.9195317743615274,-1.798022591983386,2.3928850082348543,1.531478714236567,0.9718753372944621,5.0759517953731015,0.9365524254455553,1.5181936364327222,3.14604898944583,-0.06445799971135084,-2.7426145484115816,-1.9926299432837469,-2.414841769584525,-0.8387760378756504,2.876823437213342,0.8785303217914846,-0.20341899115040538,1.4335927221106257,-0.5620703816356771,-0.2714876131249181,3.8151731426711315,5.025276561637127,-3.040090873558654,3.6458735803963527,2.703878302435198,1.3287006546417166,3.415436315752807,1.3461099652174342,0.06529293852612338,1.9793182459440155,1.9077012890236822,4.627026158857724,0.3874605102312704,0.06485395462764297,-5.8040827872789595,-2.104650678555389,0.19340327979695962,-0.909507395821751,1.6127604044323687,1.6863428525617281,0.5231873856704192,0.9275273134205105,1.2893201883082785,3.9840273640781687,1.3325057837761138,5.08577718328255,-1.433403196102173,-3.3948386309729743,-0.6302030189876373,0.2728097953849197,0.6371657221370141,1.5104444092475604,1.4138288199033866,1.354812794233997,-0.015458093766179555,1.286783147056847,-3.3096940973934275,0.3902510791460379,-2.617787195659671,-2.469347763076724,-2.811882910086667,0.39652210505846497,7.675773520109889,0.8775090364783544,-3.4337214444564763,-0.11156939822963617,0.452230402375506,3.9026734847355886,0.5912512530044439,4.05042207633128,-2.1346549425471557,-1.5763089613811347,1.1545804027114095,-5.320809958173342,1.3091171492509468,1.6267099090693693,-4.9057816126667415,-1.086762612899261,-0.11465305747145231,-0.1966056021355968,4.140478129820385,1.8761358654660023,-7.3863964363975745,-3.5983570575509507,2.5940363641944417,-1.1603122639893693,3.848232684938245,1.4255981238173516,-4.7288458376579285,0.9343076448059597,-1.5896017618213039,-0.14781307220961748,4.86093868799501,8.139163167538344,-8.175236427543268,-3.551536688644723,2.312793639198164,-0.7212874456823858,1.7966791380806246,0.6472994191256782,-5.651943258225004,-2.2677869379000226,-0.5216231503439324,-1.1782521791248046,1.7100782229877483,4.673354450061884,-5.782133330994902,-5.024970707712437,6.57090610417478,-1.8018723270209873,4.101677202902863,1.8354369597586475,-4.467850928517773,-2.8351239985136565,1.7422589783382998,-1.3873191389974264,1.695251990932251,7.812028570790137,-0.560031841153614,-7.804717482903413,3.7179840170715837,-3.9739310814193396,3.5370629822184014,2.842399957995423,-5.2044337718059435,-5.461768845498103,5.5991000437378595,-0.910174632513628,-0.7443858636875095,3.8384933862527855,3.6371381329438197,-6.631901321036863,1.580836835755134,0.8253146979586837,6.19987407993227,2.5342026576225654,-3.8354610005077356,-3.388791308170443,3.7971913807588678,-2.0660526291539134,-6.709925726646824,-0.20971514752993536,-4.095486427998077,-2.4091298687389724,5.447142616923202,-1.7069956718105654,9.984274440134136,3.3801691771413225,-0.9627963567557016,-2.6889736409163847,0.09262847419177313,0.21299385747623067,-4.787704237270499,0.6402854909692851,-5.708804378108222,-2.632632770597778,5.33926533001118,-3.513017353334147,4.855412046272067,3.411273088240254,-0.7632418812755575,-1.6335947516447775,-0.04271235013280399,2.8781106278370183,-2.5929567865633114,3.357263163175413,-7.7077481494999605,-3.5962129811514405,-1.86804665887099,-1.5090488225985346,5.878897099089764,3.113542194387425,0.413690123176046,0.4776700213397367,-0.07633411136753851,2.1713934583798102,-1.8431543573069855,3.8165446457827583,-0.3559698819485254,-5.460789714664732,0.8051368333274624,-1.8455203782617309,1.8548265187582573,3.4315156619508627,-0.42579892913456346,1.713747854302471,2.5850896678817117,2.507774907785351,1.6461877459586438,0.6997100558938458,3.6847472084930275,-3.0359211447176175,-6.084282399826521,-2.608963004123868,2.896734599131352,4.060163011977148,-0.336951629254402,-0.2356609309405348,2.206910407404265,3.934006130695247,-0.4506458802977513,1.1730655590988743,-0.8066635706235459,-0.34108546678702506,-1.9220655120705252,-0.0484700904784471,-0.15675204997012804,3.8801146431477234,1.5952839454709211,1.0382758649674217,-1.1141778924081094,2.73272497272588,6.393166167140714,3.744952068901439,-10.042931257634292,-3.499319425240847,2.473878667915871,-3.68214105251003,-1.3876288496331137,3.5577578176803217,0.25290866781222954,0.05984193487068739,1.5155295633563837,7.0018423917084815,1.5758091282637645,0.098659651280354,-7.099641168549203,-4.67398101118792,0.4822418493063449,-2.1565532509985417,2.2448569761490726,3.4822206752923406,0.5162507577882296,-1.589646513219197,4.312863121760326,4.891436383016239,-1.4852768276004382,-0.06636716270691388,-5.633527494181746,0.30727287628855304,1.0325803723693976,-2.825394702853207,1.7304329550607596,3.013744428382081,-0.514162529713733,-0.10752847888446959,3.7789320570969394,6.647642087169352,-9.215849733321809,-2.4089632778525014,-2.8851131830304237,2.0678741171528103,-1.0850007658528071,-6.588124549379964,6.399858376841022,2.9522730176232055,-0.8622269129293652,-0.6243914935163116,5.018163615952762,4.323895251132982,-12.012773907277468,-0.5764429886731615,0.04078654763052018,-1.2235480532864975,-0.8378545455091693,-0.32556363561631846,7.865992366591113,3.316389656954166,-0.4869487585818451,1.6322682560154276,5.368230124956184,1.186866196983232,-11.004068388800254,0.010618188632820996,-2.275272501579395,-2.872548111190701,-0.09325335243177635,1.8866340289829509,5.083404984018601,3.3312331408467584,-0.6661109341373074,-1.15017334403021,3.0799790372713964,2.809435801565134,-13.608953448461332,-0.038912498804559305,-2.200250134780051,-2.2523400113977736,0.19262874123433027,-2.2913880252392844,7.19751630115099,3.064421640166549,-0.016824368397697877,-0.5158794228468421,6.3900915014922175,6.761696066765405,-14.046034646197546,-1.839924652740528,-4.304173515350695,-3.0169694720503593,1.1445154861111477,-3.7215332434979653,11.34821733685333,3.4175147251533624,0.06285522981488595,-1.7488915661571398,5.880138032627499,4.039409870866426,-12.635473882304629,0.07563827177370604,1.6618828738706402,-2.8389770418664835,-2.4922229478410474,-2.1581710964596423,5.313077871223449,3.1158419246236893,-0.26071008358817616,3.3106137366222326,3.0865997460619843,2.7334611106160507,-6.947931026378984,-3.5329423561576396,1.21955619448873,1.5372776403086752,-2.825793686826035,-0.19193244989501013,3.7188094216667142,3.057855788386422,-0.35997864252985257,2.4230967138715274,2.131341248069954,2.2194004755187855,-5.780137003201671,-5.167020104911837,-2.410412340667596,-0.5284204364019435,-5.934651604471291,-1.498665081734447,3.9234185693817825,2.6152563732840712,-0.6589087905849895,0.8836524173942893,1.9026934077751532,-0.7962854883917824,-1.494061150866365,1.6934309728374206,-0.18370101640609957,2.630671440414644,0.3656576425816241,3.3918147783040182,5.390995817678863,2.6092690725463026,-0.8284967447395574,2.7624495674944187,5.080886484294351,-0.49359006268933875,-8.356802404048015,-2.011927340405695,3.0380387746455337,5.306806210952985,-0.4498335514497347,0.6487341785646996,3.702603305384598,2.5815734484695887,-1.1169643186493585,3.1819636357469383,7.3974534698485535,1.8430707350315871,-8.174434933095688,0.8837938679334811,3.1288889871031698,2.483292864048448,-2.152439728035629,0.28977363836139647,3.623353409149471,2.240613482760544,0.44432472590287486,1.106823492311043,4.497119182286805,0.6607162403433422,-11.886576460695025,5.938328539414497,0.038449944136440393,-4.183560006845687,5.0635723469685905,3.944449127203237,8.831057746668442,1.849010014026703,0.1746485176097993,0.21732338442256763,4.3422012609937655,0.1639553320212988,-14.186980977086444,7.76756555611033,-1.8301327545932315,-7.3870845440492126,5.558520768239525,1.3932569926708143,9.666236401504534,2.1949976244862435,0.798908915452666,1.4766304594025539,2.0929778711044458,-2.6630888947989937,-15.28128572919263,8.651681551417552,-3.5623132560741824,-5.064354422177168,8.101556015928532,0.38817635972741,9.101651687951128,2.35190426484874,0.2472299366615224,2.8409149345200424,0.7300254526360943,-6.048014386023107,-10.491187848290433,4.661586668000713,-5.269756452634332,-3.8715649916348087,9.654216601844821,5.192458049242089,7.985105496951828,2.4365144277470203,-0.2933380192475588,-0.18086316900836544,-0.533265392303873,-7.39310366014023,-5.26836602477905,5.317867918086568,-8.959015062784239,-3.5612011993082273,8.017554750619157,-0.5406823316523246,3.500463581838471,2.163334750250338,-0.09962311602634022,0.5155550578318326,-0.617508023162397,-6.305988035660293,-5.399140320729646,3.247646305264008,-2.8560080597486683,-0.6302633134091417,7.07015825638172,-2.993821950068907,-1.64566646941078,2.575048595008438,0.43704850403866896,0.5347154045108008,0.4334337294645313,-6.664873680261024,-5.990691257999439,2.0767806717093027,-0.9192717783845916,0.2045435738465658,1.507894164138345,-0.5076415840567768,4.23434768016135,2.4890922616021682,1.8282406402015163,1.8069027657298946,-2.115121836973698,-6.396236957664869,-3.166856179664826,2.453555319021052,-3.059591740538638,4.130531970072938,-4.504508317065206,-4.26178570873796,2.3827084472247284,2.4383697851931196,1.896881215571429,2.2274726638626814,0.8743702997566929,-7.076545310013755,-4.414081243911123,0.20152911469458393,-5.75896796207175,2.550039014159184,1.8125723169604873,-4.163304114703808,2.6451130873932054,2.48137314800016,0.6075284777665583,3.4736618677795597,1.9901277659108791,-2.830002320315183,0.32351364276955624,1.8991603138389714,-5.405634905737465,1.7610534338910675,4.052723100843761,-2.509318742487538,-0.0031123622190020453,2.249358549721034,-0.033122920844832475,2.128577003413641,-0.5411813907316628,-5.10982435453149,-5.730192846097424,-0.602887083166356,-4.6378252088726954,3.105081845595836,2.5344219739196503,-3.393907271547849,-3.497556416433857,2.318556988786783,1.1165462687274192,3.5425871736262877,2.796000861134358,-1.9042957279372401,-0.2645419239187173,-0.6673290455039036,-5.795594489232974,-0.40207025360040105,-1.6865956602325511,-0.8304813071243834,4.071695203508948,2.1322230593060048,1.8332230903302944,3.0518131125893215,-2.295685171413596,-3.63150509748125,-2.6655533554237847,2.215382129051374,-0.9299647351542905,-1.608807116811248,2.901656547923968,-2.7623325593612473,-0.3512610562472971,2.5290372046425196,2.106447000666189,2.998582336214846,-0.3019280988787459,-1.076590712767435,-0.20224629873378236,3.9170208081352773,0.2584799020076537,-1.585840048190161,-3.6836985023965503,-2.138963239843054,0.5433283446735069,1.5268930618659513,1.0539824531800277,1.428274195466782,1.7798610722268602,2.063579148352289,-2.1061949707804795,-2.9364219575543777,0.5692993648485428,4.760514889219911,3.46507941217328,-4.592555196701067,2.5560774016837793,2.2208366932176284,-1.055954026779567,2.380027211694668,1.4005259022391905,-1.9230389763678721,2.5764012813775845,0.19166501679067982,-2.8286439038143776,-0.41029833808841365,-1.3458669375635914,-1.4184086866317034,1.198316487881679,1.0746819590397527,2.1129820838937197,3.1208511247334907,2.6525638077951466,-1.2307050825461052,-1.3630366033869816,-2.323483305012265,2.1943696116972733,-2.592236050859911,0.16751716697998967,-2.3225903234848113,-2.892887277227816,0.813730124632126,1.7823312031055234,2.859276005860831,-0.7962798537545092,0.5083431941101526,-1.4033598983853979,-0.918980643242868,3.1378681900892893,2.848145293937509,5.802981967137645,1.7194470097098422,1.3203270051538345,1.5076666089075508,1.9120164738376588,2.7109040555145034,1.186087320231512,1.2474164382660273,-1.6925940220233693,-1.1773215691705394,1.1481795930421128,0.248689777215601,0.6221286164839485,-2.8707229815847874,-0.03010852477188896,1.9928442581750276,3.607213237736187,4.593108086165875,5.336428827168692,0.5045522757368397,-7.181009203397148,-1.0972764640933141,-3.699505637645072,-1.5692715608037646,2.8461146776355366,-0.9120026115224448,-0.4799729796825569,1.9463192685526238,4.14738768407422,3.474150333226033,-0.15048346655453979,0.10859810575280289,-5.442724128803068,3.6599830735675902,-3.618950173561355,-5.049005998980953,-2.189140843767593,-1.548722951537833,4.823983081655558,1.9648404400922779,1.0039402582603671,2.420636912799992,1.5979444007947414,-4.64540470271018,-2.1538746524896513,1.6725287050695625,-1.4553999534390067,2.150403211283639,0.7372451563339137,-1.7687579592402418,1.6683871600443219,1.6381662241719523,1.2788018418186287,3.366249413341044,3.3483419458448873,-2.644660400832807,-1.9016571118911434,1.9107342410746915,-2.017940695046275,-3.9669549142243006,-3.8751601509464444,2.1202269251959476,0.5837618368940021,1.679002938608679,1.073100236845909,2.7502545124063382,3.330469022670926,-1.415063630437155,-3.668883024135765,-1.5011035056843947,-7.369104705903244,-3.380523280992032,-4.8347876752977745,-1.3017057417543663,-0.19023470254693783,1.8762763928454347,2.7261003068438954,4.889007827955048,0.08202693001761245,2.1312840639530832,-1.2806674644104827,-3.5913113385590676,-6.101521415617727,-1.7813152682891895,2.8042943328860415,-2.2342630799398635,-1.3699471355500463,1.7832834280382825,2.3112426223128097,2.668272812642957,1.6608256433037674,1.3595865826450995,-3.680938516829532,-5.533465403281131,-4.280678157308143,3.2475095121862716,2.2420960695163643,0.8956021568263247,-0.8357856743804393,2.129210505691155,1.5427077477333102,1.3754887112881573,2.9086168016265863,2.574478942694978,0.008979406776866544,-4.5608227846943326,-0.005799652939228052,2.0460765304341764,-1.3813425669180102,-5.073991632146262,1.3171253113449977,2.2449466885724862,1.1601474658272137,3.3516625915400695,2.6132762339218707,0.3279612556298985,-2.528934921785536,-2.6571659856130565,-1.3740672729759331,-3.5155609391036537,-6.114068101322026,-3.5142958148702093,0.7142747682731946,2.349028291098958,2.688093749856499,2.6166076424384808,1.8604239550313695,0.5455026117665105,-1.3057471667308376,-4.555749627466554,-2.556220668344035,-2.010386753375304,-3.0120708273647634,-3.9507890025275225,-0.247707803289088,2.4948768509582058,2.4932788726794155,1.716430460009003,1.7229882762262165,-1.8563488057082858,-4.826377614678184,-2.860411541048315,-3.2706144098471843,-0.7273555077879564,-1.1588186684917035,0.8770517612250465,-0.6359635831607283,2.1180306117238525,2.0854033365649967,1.7328249934505524,4.260331848909509,-6.197725720164199,-10.12971461371047,-0.450224878300253,-4.902016090715567,-3.2636210117892217,2.205212481081165,5.6506960819092775,1.520029199524561,2.467287815004294,2.509816408539282,3.047919660386501,3.2306198043182532,-7.70191426055697,-8.810386233927964,2.4761921937387363,-4.509136735265012,-2.7546238713876745,1.0596641970055776,4.467959765428798,2.0168017149069715,2.5324366141093178,2.6581207494227868,2.9245032491893475,6.760351638081454,-3.9453856738773636,-7.957196234413944,0.45185010717167184,-3.3903830593246758,-1.6996010610734533,3.671347192500755,7.884957731749212,2.577643168580629,2.7518701037515654,2.802796949457969,2.0415203855118547,5.828906056749043,-4.807710748362491,-5.446469951271964,2.8205405854537284,-4.062405247977842,-4.103452064072802,3.347009325709172,1.4378496840183668,-1.3203441311198743,2.7164658648967883,2.1252025504803185,3.0226826752147233,7.169838060908913,-6.044472651329915,-1.9783826342923907,1.871701569188792,-5.578578066841555,-5.184967191721928,2.810133914417465,1.7116925096039683,-4.117682420107353,2.570798647250316,1.2297922326892987,4.684040912070839,5.135748402241879,-2.689452889247457,-1.3879069664361456,6.323802381793477,-11.409969033623996,-3.7014011339587087,5.874764723366573,-1.3871506019062263,-4.563240382922926,2.4295967594623633,2.424009474571929,5.382232835999185,1.9582531174510154,-5.099871589751406,2.517205971704366,5.767175183368762,-7.093594223060268,-8.15478673621295,1.135603371952796,-0.23613707629977887,-3.7656408695130956,2.5947702969636706,3.8471329495083233,3.301310179279636,1.9964319633698524,-1.6851237661984035,-0.3852177676121987,-0.37857549571084126,1.09621548514975,-4.758059153837232,1.1514143581748437,-0.9904109883452126,0.23697440212600834,2.113417031955594,2.8144509347146163,4.771477694171354,1.247849516855324,-3.2743223825164938,-2.9881595973870576,0.36852687510820703,1.46720926667998,-0.5841097801625622,-5.261427122904105,-5.460959025262905,-3.3799595032791734,1.763155535108857,3.7510271080515944,4.689939184403657,-0.9891515907176389,-1.733496177793495,-0.48147553730879994,0.7927061356802042,-3.824873808027138,-3.7601658518769305,-5.29583268813468,-3.928700090795961,-1.1679986503212938,1.5035646454729013,1.7466117075687557,2.135642587707736,0.38385430627148415,-1.849739573835224,-0.27021509956092077,-1.541745705666233,-0.8550668364901027,3.662304597274298,-5.640466716854507,-4.130092192960437,-2.7294910841894424,1.4714774548899783,0.932550724966555,3.664221058464267,-0.004872879331854379,-3.8490335717952213,-0.4344540811138236,-2.455660355449305,-2.3421302990883515,2.8188161773894573,-0.908775828252779,-0.3225225480357287,0.34063285698046686,1.153232580697536,2.8752753522440844,3.886605769666556,0.4643725182637483,-0.393709852210764,4.963946382933702,-4.36538813324075,-0.8912283094032124,-1.8123148824623343,-4.587118612072437,-2.173270533378448,-0.7790072583022627,1.2642008125531734,0.5178478595645016,0.9806420330144585,0.5071018128781087,3.860653398964316,5.967549838904015,-4.427948465442049,-2.8105977988092157,-0.881607261842618,-1.015885003456208,-6.414203973537814,1.2472138777646582,1.6431738922000099,2.225808855118129,0.7643945447912595,-0.3016491870086892,-1.5869000595937348,1.7719050032799641,0.258919432064591,-2.434674863707916,0.3494784979555663,-1.8582595938942914,-3.9283175395711845,0.5455910308257665,1.1016437761796583,1.772283052422092,0.13401072862640673,0.06796633760100122,2.226944108104813,2.9358149227203314,-3.7433895920199665,-4.563299396070725,-1.8774443037159327,1.5625883773027827,-0.1837977620422269,1.3972360581786853,1.583721744710182,2.0399799212472507,2.1024784669704206,-2.7479383079823707,-0.7994245535605535,-2.196755325699748,1.9490022346667315,-1.4585435786328047,-5.02382517200194,-2.3848699654560113,-5.0725014455363375,-1.4227773454730126,2.1481585682959907,0.7330240664939671,3.8330468520200953,-0.9252118747954025,-2.0152894273111857,-1.0165715512012579,1.1993404430991514,-5.36866198237461,-6.412175031419819,1.9400839739555964,0.8886185731609723,0.49860638744987773,2.622412471171091,-1.1675749659935561,5.329110237543523,-0.6025081640978145,-4.478484015150867,-1.542219255101253,-0.6149367627543483,-6.353192687851358,-4.6227025531872314,-4.577744845629736,4.163740341652275,-3.0937602411707337,2.60445091810117,-2.101045109494181,4.734828440334031,0.1991743496580029,-5.108904976874053,-2.181164817500909,0.35626888648483446,-0.2956287367185532,-4.17175828114794,-4.2277935824129615,-2.5886422867595336,1.1401017171062908,2.4850783006649624,-2.699830920338924,4.4319039920237095,1.8503869447531849,-3.9237541600441497,-1.6463505093756974,-0.5939832748986692,-2.4715538727277084,0.4123877148960392,1.480431170472359,-2.3507387871397105,-1.0094800643154977,2.850318495767231,-1.4880993868911603,3.833009244135345,3.747597830448622,1.231660322960311,0.5298308162721185,0.6904182223120344,-1.9076944993972769,-2.6161029732069965,-2.851595965948594,-2.782822398760419,-1.9569815074293584,2.7578087464817056,-0.4397752951048375,4.324867338920272,3.6201099691240346,2.0132412366539616,-0.6118756162926555,3.3425750728409804,-3.93754846412492,-4.351815971449873,-4.581160648527548,-1.8024189841235496,-2.2264091996051008,2.5649768012012903,-0.9762194507977324,2.9522307705670694,3.5062734362553174,5.347811922593289,2.030715044551093,1.2874668167409797,-4.789283330992226,-5.289417566186975,-0.5853050873458594,1.3394163830789056,1.6805335093005325,2.8903580544880962,-1.1695057872636727,0.10833295419749962,0.42884966941125297,2.8526890912224148,2.9738418492525818,0.8785705358868587,-5.776525946213991,-2.2206917962530897,0.7398165262720414,1.3115812466265484,1.8172478630392257,2.991818346139704,-1.039270546794893,2.8465251981383357,5.178641056918777,2.9034683070249176,1.7455360696079127,1.1486530720236985,-11.854861765806737,-6.1396262806188115,-0.3458763377368422,1.701633548202399,6.825468690063831,2.9479934940871577,-4.014667465686815,2.4947609239396034,6.405155752713846,-2.6681496152787645,-6.213519331321936,-0.24029040719441125,-3.34070925628295,-5.7112599455180035,-0.3345111397206608,-1.5209791297829252,3.466100408799004,3.565038328157785,-3.6760924019165695,4.478984822326294,3.5678908357600903,-8.265148718793931,-3.358064893188907,1.4522856057860392,-6.380606666898406,-4.2000646630117995,-1.5898238114570717,2.6211139149250333,5.055555363936947,3.4489172468881386,-3.707404180868984,6.865884330002693,1.3009006958829685,-11.58068164651361,1.0813480504123638,0.5412940539699919,-8.875051507784967,-2.601996668152525,-1.3476211525340691,4.639644481316103,3.1621091270281534,2.8470708419149644,-2.60386591485664,9.718146259943122,-3.661461432307982,-12.84491078509948,2.252217341633938,3.137839660822478,-4.134428106958508,-1.9301477026453357,-4.662155508701462,6.699442041665039,0.6387328448496802,2.5578263010755466,-3.4962246266600694,7.941471235781398,-3.8042229484325385,-7.205819707104585,4.3111485187717316,-2.293235370307478,-0.8136666848151987,0.7332586709157628,-5.345844639920766,6.557700854032665,-2.2432337069682546,2.0043251129676105,-3.035354897948318,5.385976676885814,-6.440253857176762,-5.591287888111255,2.229656219284981,-0.5503521137878563,-2.5525757736805845,-1.9687000014692697,-3.9840100047082543,6.535984904821564,-2.1780891271366665,1.722604363309249,-1.2811922856737734,4.713976811763099,-6.041229914626489,-5.101922377431563,2.6820477550351542,-1.1258528844816127,-2.790697546083669,-0.07589573721015208,-2.431849311231451,5.047631397940891,1.6780875846836012,1.210714285160222,-0.12402721486788752,6.610851175685648,-2.566198804330024,-2.394086818809456,-1.288097034440787,2.8039649221010348,-5.572415528859971,-5.617611129620513,2.626221873465238,1.894217323791789,-3.713526660469536,0.8858909850594782,-2.85619440158699,3.5012091327490165,-2.7979471901346105,-4.241532384565334,3.972374984854643,10.076468646982482,0.945821761553866,-1.920871531894092,3.892939103083664,0.6801073981305368,0.10821113947276491,1.2415820055713234,-0.8135142215499611,5.864986300153761,-1.2941880960547942,-3.554918427337646,4.523481620936649,0.54545649946315,0.6189181555700691,-0.06593051347832182,3.598615889789829,4.212167888881398,-0.7904622431943766,2.267525769083427,0.18285617305978172,3.0917353300002057,-0.6975366908722337,-1.8736828835970378,-4.707993293595882,2.4936125203753132,6.742033150859468,-0.6129796733640945,0.9344573545066478,-0.303637911566269,0.4850189268301298,1.8472150544449766,-0.2383546923991732,5.671350582828071,1.131622294862829,0.6165856440004632,1.7193429324793494,3.38160189629422,2.85813204299642,-0.20651573047439797,1.9008778958237684,-2.7809643473477106,0.199558431106085,1.5536304664304164,0.33356313596810594,5.048828810759559,-1.6918799512761018,1.288715734580938,1.5754344053109945,5.439220982912773,1.6019116515231158,-3.666257904075414,2.645628534348897,0.7891577340765052,-0.8905410362987589,1.0608774278623254,1.7411392772526668,5.802784151556135,-2.05384740801782,1.189675430458897,-2.268761617283189,2.7878416204561294,1.710552692512929,1.557858423132227,5.628506737836255,-1.7067595235315862,6.723821421317954,1.6738731454768037,2.527419034359991,5.0613722273682145,-1.9056327250330485,1.8704507439867482,-0.29534183042633855,3.255763652329725,2.186459311482515,-0.46202454284387595,0.8571410832838842,-2.380193991640312,1.5438885529406887,1.8646541065257434,-0.6043583968187859,2.826806743946327,-1.679298343738139,-1.307103020639398,0.4186401772197739,1.239695666646716,3.2861125336360484,2.133354636393225,0.564026401717534,3.0993738417662304,2.6406204519723975,1.7576481331114318,1.029280437738425,4.878133113113307,0.8787197416808453,0.034914977752452656,-1.3007034649567892,3.1293790621545567,1.5150783215623989,-0.8944252115093179,2.8040403046747757,-0.722043734749022,1.1339494181495837,2.135855585397278,0.07923670732077949,1.8489915446109215,-0.06881220537314456,-3.208738197250914,3.649981288101648,4.732869679997135,0.35438260523732645,0.0664028298415011,2.892276069703195,0.6551351356861708,0.04446659027679446,1.252124348318834,-1.3991979923056854,0.9371994793475867,-1.3010375624539727,-1.3037774252825363,2.8408254240971815,3.25597105582862,-3.067382100866857,1.410116517352584,3.3594768497784546,-0.7611423559178186,3.917512016574122,0.8940676350714982,-1.2741149092025874,-0.5245124974521517,-3.3908379135043987,-1.334833280457225,5.5703448202725845,0.4414246505879949,-7.361006218528001,1.2700834983811775,-0.14241524815633666,-1.33588068191945,4.234912362641542,0.9254001811415358,-1.3127766943206614,0.31618045341951806,-1.8832016253093025,0.2846104377636753,8.729607760722937,2.0080828693728408,-4.355244140083064,0.9802692190907824,-1.7365696718984598,-1.0845408650027664,-1.1467808947065294,0.7463993505037971,-1.332034121800525,-1.9589369283320126,-2.3834117549693827,2.0747211035180633,8.110806672344097,3.0368128121526246,0.6281195020203846,5.3223671308548095,1.3279008204507088,4.00856918229428,1.954921820770692,0.929386022125071,-0.24971507335320683,-1.5441154461217896,-6.3084875444844215,-2.0613916804494026,8.442869476572515,0.16417882720668234,-4.40843595964375,1.8579295557778852,0.20067519584223284,0.08017779388325422,0.8541869647542233,0.7589518398074289,0.06895410931985951,-2.625173542147649,-5.959921741292842,-1.5036309087172914,4.273170911867747,-1.2212779977192547,-2.7124144538541133,2.2989538739672373,-2.4945698832218435,1.2899849673798076,6.263138630684292,1.1459830643204814,1.2329879449221852,-2.250554124236044,-2.333234630990547,0.6523430283644319,6.63559039965856,-0.6188386128377726,-2.5990409381735744,5.276610511419243,0.4136645366200555,-1.0249880508469154,3.66128443010456,1.2661034264109556,1.8811054669247456,-0.523113663947925,-2.293035564418215,1.1928196468841488,6.882495940809021,-4.149658193010196,-0.5908938800772379,0.0020324282143417832,-4.377336408222884,-0.43936179787686586,-0.28682400169917543,0.8676174568760994,1.9879662207451034,-1.7626375049811303,-0.789295911578887,6.43667378973872,3.5870339064011003,-4.512605086223036,1.248999537147219,0.5738647821928293,-1.9187876646709967,2.553025039384967,1.1500045834966688,0.9905795348714416,1.135107806928539,1.3696022600256115,-3.337799410782152,4.289342888083023,3.866802865830233,2.808392612173548,-1.827069032684689,3.6144327810533188,-2.8094003438849455,1.7221617269803753,0.46058720832777855,0.8741559964237657,2.3149328976319685,0.7569020395721745,-2.4976008274624264,1.4115269759756792,2.348910728659292,1.2835340999953466,2.293073924528887,3.448477101840183,-2.2033706330871143,-3.0995976025840024,4.000859892799173,1.1963205063206845,3.9110152489056804,1.373869317846135,-2.983292234086752,1.126694985997855,-0.17678466754035102,-1.2458411124616786,0.3636340119840702,4.874824258312206,0.26581566857395805,2.801865485677335,5.499548630223649,1.0773242842087032,2.018277785795472,0.8270771495556485,1.6535224285791787,-2.0113468440057387,-5.438318958577546,-5.1626973607607205,4.0496887607514935,0.1510127603014093,-0.7303097625914283,0.14246995980570118,1.8265482406267357,1.1120092756990398,3.0263960606323845,2.2592231151723388,-0.40004225217022954,1.833978322448886,-2.9859611158042534,-1.5453444599150887,-1.8773648046177172,2.018587881917572,3.045156826282534,0.5181585458108512,-0.052938124351313585,1.0346901459910038,2.5727030339019037,4.1277315908296375,-0.6525347888398356,2.5589488911558282,-3.8240048767127153,3.3544007890050778,-1.6177368572922861,-1.5621992151336594,2.5273718336445965,-0.27840800534181626,-0.18288231852488063,1.5108935826466214,2.9567875128096346,1.7262813270118078,-2.5055014838021172,2.1210086636782526,-4.098563007673286,2.389211388255548,0.8897934327378855,1.775969936775525,0.6103088711091167,-1.1618486780783581,-0.9229928633773511,2.0867517801858426,1.9539921062426362,2.9442744120205573,-1.704208577350087,1.0742819813376985,0.6213662961679267,-0.9096317061684512,-0.8910987003208339,-2.1939989749350732,3.7990481227397916,3.583591768731528,3.2745785048096634,1.5296804910076631,1.5901745329081554,3.8816006812301946,2.0436865209633024,3.3681747328396514,0.43568247247494135,-1.1697520575815887,-6.058307756566327,-3.875157841376136,-1.8521935016633853,1.9536842513441908,1.7792338567106132,2.3199882968669985,1.6228377359586241,2.179206206560456,-2.032544093799577,0.024619246601578496,0.9119770106518478,-4.253237113421041,-0.03127719599354598,1.7671777200551528,-3.944312303362711,-1.5851110119121763,-0.38709798801727613,1.2975348989378706,1.1205815164628685,2.6450236049486033,-2.330819469335242,-0.750030124984612,-2.6564743243580877,1.3631718046953833,1.080152983505566,-1.5468815627645407,-0.47221224616555013,-4.94460270410959,-3.0658016765314664,1.829520080108354,1.4165027373890953,1.379195792280241,-0.0664673169368474,-0.48633202792679653,-0.4907197864888567,2.5740952722545694,-0.5807008670194727,-2.29335567934844,-1.7572969981046553,-1.0245447561537342,-2.716371653032062,0.9612853319847197,2.103678335246496,0.5153619971166326,-1.3314896637733404,-2.0840701414990317,-1.4823546326981232,-4.356613845037887,4.0423721352896465,0.06886089015244831,-0.6295430334036433,-3.1209701549972415,1.7999318070804284,1.2675240782564359,1.5066965476136858,1.2920376368780284,1.1042406051321652,0.9664897459054007,0.4987437694442528,-6.751500500657193,-7.593354391190076,-0.02182071191714221,-1.2176316371451816,-6.088371245470358,5.505083705602489,1.5677561279411751,1.4648584085694603,2.5414174229472972,-0.1839831963654438,-2.175560207649604,0.700063609494338,2.891610367260419,2.822770534017194,1.3855986215554235,-0.4144080110799789,-1.7592896457653435,-0.02239615492615992,1.651800195430986,1.216207629689739,1.945927670430254,-0.3759674832419914,1.1988219060423837,0.07489245588377286,3.3611877210703462,0.07260455152627791,2.3613347977480577,3.154733972949719,-2.848109241159746,-0.3070028582808537,1.6546301045964813,1.4849495180269,4.027602611855583,5.074821000971523,2.1028689398492415,-2.9983348127295875,-2.5444880000563237,-2.6042258391364803,-0.3966268208061364,0.8386583147201623,0.31863966531222143,-1.3385032194401065,1.7554811702229696,0.6509624816903824,2.542707628286938,1.0956251179891763,1.738431465870995,-5.395394133201313,-5.162744897653946,-1.7601654193571452,-3.055108226991987,-4.851942405744526,-2.9502612011758766,-2.2128918279425602,1.459987073047614,-0.4480676192537778,-0.3744518556461385,-1.968519031481639,-3.084361576531407,-4.972285691585992,-0.7799688581581757,1.6852618221092517,-2.619191255244495,-1.7472619307832031,-4.208807077162864,-1.6860674034897913,1.5529561019193974,-1.376076540395029,2.7582848307164127,-0.07705666901984556,1.9091872634091098,6.589879708748488,-1.0938375982462134,2.0018615713081513,5.033893948814516,4.274944655989337,-4.491398735269194,0.06754106730365717,2.214545755074525,-0.2986673952704907,1.870233927695664,-0.22903119044091494,1.755184474946399,-0.8859503975982462,-3.249400216652855,-1.9403304593820185,2.8644641245863047,-1.5086022765212022,-1.184905938256276,1.5730994529649291,1.9984532054458104,1.6242359265687367,3.3005070839549706,1.2924849865548806,1.9039850106740759,1.1536659331117396,-2.0955552925141374,-4.137381294777827,-1.8668209814661159,-1.6891687143298202,1.3219562837037495,-1.1166290380242392,1.5694122861331814,0.5215349105933748,2.116553725866278,-0.716034798111187,0.06142429784325006,-1.1657283841531065,0.863473159088256,0.30168147680000607,1.141044784798068,-0.9956861273909674,-5.958220065259447,1.180173879883309,1.5191125149854285,-1.21793326436467,1.826016442547839,0.35113080124955176,0.6028389229701906,-2.8644973395793,-1.0501044300765008,-2.3467812582129177,2.2080259533584847,-2.985419602550661,-2.935026831042223,0.31612128579837,2.839015065094485,0.5251146403603877,1.0178453380623351,-0.36306156853166843,2.4757036902283844,1.1634688286405752,-2.960694912962172,-6.348604459594574,-1.2649638396770477,1.6724343899388248,0.906587029150168,0.9657175046984983,2.0031772605883553,1.4238710094360363,1.6584035737946239,-1.9293448091510936,-0.31140857245573983,1.35392793179843,2.7095129979338153,-1.656975463065079,-3.7238463689532195,-0.9250975561230241,-1.0952231411339306,-1.7330717006908225,1.448345949344917,0.2569973229175618,3.390814998608435,-2.0724271529237277,-2.7712901756999413,-2.070987253652351,-3.642127825948624,-0.2760644610614799,4.406096399381456,1.5953970531369102,-0.2078895873998932,0.7606929311299698,1.9190173872947742,0.4792641942449811,0.5237300759953306,-1.5940939054637644,-0.0709954650597687,-1.7971364827347571,3.732125216121197,3.8952047579621625,1.187887956877983,-3.8714278071775334,-2.4955001748895684,2.291957111589042,3.012356648535748,1.628208401509151,1.0071464045884464,-0.9279178481700445,-1.119367831106297,2.241519197339064,3.5843223833158353,-4.475509936756883,-3.6462101177714827,0.2587860451948813,2.4122002646839666,4.241461387118437,2.3704120657928764,0.637980371380625,0.5545655308436122,1.3615339429111235,3.4438915108403116,2.9893284430958085,1.8934293723692566,-1.2427586896725777,-2.1969525665444376,-1.4376140777494641,1.469893010958523,-1.1476267972199312,1.4466207161751337,0.13064820497434382,2.30995270346731,-0.33197905836378044,0.3991157603258442,-2.7900658394955657,-2.216978674694904,-2.965725018113236,2.601115252896674,-1.8595244101549755,-3.027948844664661,0.6455208557126431,2.3984553571093734,0.12526226054819356,1.5258708520291326,0.8843248745152259,1.591034850041326,3.1932667089983338,-1.5822419384151187,-9.976826336705004,-6.10409336112772,-2.081904325318613,-3.264634785336134,1.6066191565091859,2.730611109340886,0.28696191570483565,-0.5067836919456967,4.14625346548856,5.218822315840422,-3.4235467369291697,-5.028041753797665,-6.783145345576579,1.0651558200630682,2.8922986608618717,-0.39187208683331337,1.881179988286571,2.8970045127641972,0.15464132879031414,0.363093979679517,7.163511901863708,7.004715648889973,-6.31532759905322,-5.054924632377205,-3.8347253844065943,-2.384537822549067,-3.89985402672925,-4.150884205526029,4.756090360734449,2.4354586126046964,0.21618921072825809,2.3498396294779633,1.4644925984133095,2.5585401731382187,-1.3724194684576587,0.07336708299582638,-4.938107997660766,-2.8821058421182015,-3.152142421472543,-0.5921378064634065,1.5007012011010252,1.7528448650511568,-1.2428529644863917,1.8226417215596007,3.620526642310948,2.1108994475023395,-0.4836430112106944,-0.705382107058489,-1.6527205317457179,-0.44575887777711476,-0.3674247792199745,2.406976225724628,4.891569679367706,2.443795576576885,0.023386090668692554,2.495930131661662,2.464580322291262,0.6545621640868736,0.9359361360588009,-2.9896273136583695,1.0635547003038106,1.5980328314415535,-3.4044112113404035,1.6681015709586402,0.7793019622971713,2.212707921878066,0.6814161790100794,3.9274170474349663,1.1151072459035896,0.4785003521234288,2.109253341969186,0.9589868263049196,-1.2476210140890027,2.279167308493396,1.3909321013321687,-3.8827244213833576,1.3791422380529625,1.682761153641314,0.93633409597874,2.5990072197043013,-1.055624702799128,-2.1979178687097685,-0.679958627603249,3.5254238283172246,2.64428635467834,5.610260377928606,1.1563571880974808,-3.708233146015606,2.514971302956872,0.47286801818437835,1.2886089171915445,2.488014075550928,-0.05056045283173636,-1.6257411524236935,-1.4327900136046114,-0.12301938828970149,-4.352489811993024,-4.270839329047879,-2.776653660993179,-4.213207520278921,1.721309293700311,0.5053090865533167,3.556184554129204,3.5077541137769757,1.6096774404109004,-3.363418795237401,-1.466271582543623,-1.729335346720628,-1.1029221890776395,2.6174725275703046,-0.2183210290692372,-1.7840635141915857,-0.22850422832812156,0.9146607561697196,3.317565035850425,0.39642164890581266,2.359704317895483,-0.5930849394832834,2.2750040524255404,-3.199653620888595,-5.6292834306822055,-0.5501062269953088,1.994923876092594,0.1750180726324287,-2.7248337202880233,0.2537657066709663,3.2196199247072337,-0.1744636444537831,-0.5052829860430481,0.21096224544274292,-0.21230899014743965,0.7996809982182105,0.4926518308728664,-1.7263951318674151,2.356276159410115,1.387283341614615,-1.9856740130304962,-0.2879438863454122,6.173870318619705,4.107525485241552,1.2650396661414587,3.5328804754429535,-0.8442812244816694,-2.323713622157185,0.21579627164766432,-5.724147572829398,-1.7587034262673185,-0.8564335451945089,-0.34104220671952146,0.6378043362084694,5.441892364449848,2.6067200576227547,4.434979056579831,5.653419164955996,0.8218869584981899,-4.664041577032984,-0.6024267855530616,-7.150942726715353,-4.198129491758274,-1.5109556679553877,-0.5320580321599914,0.9622011420025987,4.988758159171675,4.023915427460095,2.2712026736572057,3.397052482181907,-3.886619330884885,-3.6574688092732113,-3.9788537143641842,-8.515594139295692,-5.219435697789555,-1.1117747345726359,2.279471470314759,1.4473304023083193,3.7623049204351315,8.230581322598129,-1.2288341999255783,0.9547335118620529,-1.830762618573746,-4.146788550856394,-8.277619285133571,-3.1857557125108467,-2.084751561332537,-0.5705960686519543,2.935151835877881,1.371160939272207,3.742642098860786,8.372958307146071,0.6177441104242289,0.371225686998726,-2.3985472448272254,-1.4801847273003654,0.19415230237971684,0.9042126442816235,-3.3644835575567,-4.2251019405857955,-0.21126568988313535,1.6971466239166755,3.533773924015249,3.7399796352923693,0.5172988285295183,-0.08359580279139694,-0.16213586552728312,2.257292091656092,1.7454290392723526,2.407773114007207,-0.22975302755351967,-5.3799857333205745,3.2558797715759997,0.9334286149085997,1.914007255304264,5.415981292191168,-0.5666212614821033,-3.090546771414104,3.7125445776433605,5.557082587095391,1.5042125094910548,-0.7033199504574182,1.188465587460179,0.5480393028703253,-1.7242926821400868,1.6187861504902463,2.2948527619844037,4.329387407881084,0.07085649682744466,0.9377196556036239,1.2263109775177006,-0.9728035747660151,-1.0541861805929402,-1.4604163852743712,0.6944690433755623,2.172201655464964,-0.0899243850464733,1.289427346981486,1.814380966611079,3.760564950417833,2.1447272323666744,3.4488502225824487,-0.3017982004930101,-0.08216889603266425,2.1584047015492245,-0.10602420534539193,-1.4369903133335211,-3.5368859187793644,0.18465454093346606,1.6479552585442658,0.872941253190437,3.6219753051579873,0.5410585682130258,5.663630148211559,0.6328091749792658,1.9393104522177589,1.9732402850149404,-3.2073623423824813,-4.549033407468554,-1.9235278003074776,2.4224684831146415,1.2240417822199234,0.7666287834395425,6.660773675119681,3.299412633422446,1.988151953438452,-4.46822466771606,1.3631869262063088,6.342598966075401,-0.043386747065909184,-3.9292066932692817,-1.974586771445393,0.7361005637729239,1.8965248453680685,-0.23340004442945456,3.1060216660493016,1.5511708910688433,1.4311889274408212,-5.372527540416017,-0.17424408870162056,4.540109757145249,-2.926489278813805,-1.3755699019148315,-0.0374531924430679,2.0017712410242092,,,,,,,,,,,,,,,,,,,,,,,,,,,,,,,,,,,,,,,,,,,,,,,,,,,,,,,,,,,,,,,,,,,,,,,,,,,,,,,,,,,,,,,,,,,,,,,,,,,,,,,,,,,,,,,,,,,,,,,,,,,,,,,,,,,,,,,,,,,,,,,,,,,,,,,,,,,,,,,,,,,,,,,,,,,,,,,,,,,,,,,,,,,,,,,,,,,,,,,,,,,,,,,,,,,,,,,,,,,,,,,,,,,,,,,,,,,,,,,,,,,,,,,,,,,,,,,,,,,,,,,,,,,,,,,,,,,,,,,,,,,,,,,,,,,,,,,,,,,,,,,,,,,,,,,,,,,,,,,,,,,,,,,,,,,,,,,,,,,,,,,,,,,,,,,,,,,,,,,,,,,,,,,,,,,,,,,,,,,,,,,,,,,,,,,,,,,,,,,,,,,,,,,,,,,,,,,,,,,,,,,,,,,,,,,,,,,,,,,,,,,,,,,,,,,,,,,,,,,,,,,,,,,,,,,,,,,,,,,,,,,,,,,,,,,,,,,,,,,,,,,,,,,,,,,,,,,,,,,,,,,,,,,,,,,,,,,,,,,,,,,,,,,,,,,,,,,,,,,,,,,,,,,,,,,,,,,,,,,,,,,,,,,,,,,,,,,,,,,,,,,,,,,,,,,,,,,,,,,,,,,,,,,,,,,,,,,,,,,,,,,,,,,,,,,,,,,,,,,,,,,,,,,,,,,,,,,,,,,,,,,,,,,,,,,,,,,,,,,,,,,,,,,,,,,,,,,,,,,,,,,,,,,,,,,,,,,,,,,,,,,,,,,,,,,,,,,,,,,,,,,,,,,,,,,,,,,,,,,,,,,,,,,,,,,,,,,,,,,,,,,,,,,,,,,,,,,,,,,,,,,,,,,,,,,,,,,,,,,,,,,,,,,,,,,,,,,,,,,,,,,,,,,,,,,,,,,,,,,,,,,,,,,,,,,,,,,,,,,,,,,,,,,,,,,,,,,,,,,,,,,,,,,,,,,,,,,,,,,,,,,,,,,,,,,,,,,,,,,,,,,,,,,,,,,,,,,,,,,,,,,,,,,,,,,,,,,,,,,,,,,,,,,,,,,,,,,,,,,,,,,,,,,,,,,,,,,,,,,,,,,,,,,,,,,,,,,,,,,,,,,,,,,,,,,,,,,,,,,,,,,,,,,,,,,,,,,,,,,,,,,,,,,,,,,,,,,,,,,,,,,,,,,,,,,,,,,,,,,,,,,,,,,,,,,,,,,,,,,,,,,,,,,,,,,,,,,,,,,,,,,,,,,,,,,,,,,,,,,,,,,,,,,,,,,,,,,,,,,,,,,,,,,,,,,,,,,,,,,,,,,,,,,,,,,,,,,,,,,,,,,,,,,,,,,,,,,,,,,,,,,,,,,,,,,,,,,,,,,,,,,,,,,,,,,,,,,,,,,,,,,,,,,,,,,,,,,,,,,,,,,,,,,,,,,,,,,,,,,,,,,,,,,,,,,,,,,,,,,,,,,,,,,,,,,,,,,,,,,,,,,,,,,,,,,,,,,,,,,,,,,,,,,,,,,,,,,,,,,,,,,,,,,,,,,,,,,,,,,,,,,,,,,,,,,,,,,,,,,,,,,,,,,,,,,,,,,,,,,,,,,,,,,,,,,,,,,,,,,,,,,,,,,,,,,,,,,,,,,,,,,,,,,,,,,,,,,,,,,,,,,,,,,,,,,,,,,,,,,,,,,,
4,1.0,1.9719405421271576,0.14883469409256525,4.568475014606728,1.840614108527197,3.0360200005009257,0.666393368384875,-1.6973233704221173,-6.013690709786021,-3.4196434859828573,-3.4691150529751096,-3.20700853847712,-1.8788053243474163,2.4734249875013425,0.9392399811663847,3.1029698295827535,1.6157239124159635,-0.5160422513651589,3.0692078847811866,2.4947394611095186,-0.8338947881041688,0.8507152904015947,0.209362271256337,0.8906123764951234,-3.8518535526122895,2.3751726929233086,1.0680995666661985,2.042483535589215,-0.5162006785187633,-3.27351778679436,-1.5779762808893318,4.186437952572006,-0.15758386367899035,-1.670378562664772,-2.510600255931382,-2.7931618989134694,1.520369513031409,2.4269572577113974,2.5156576801649853,4.928083748335304,-1.2121122597216105,-2.349020999522748,0.6893899437911031,0.9170594851953527,-2.37205023088855,1.841476143609302,0.898406090949409,-3.84973527674094,-4.396509391512698,2.126583247744582,1.701745260142661,3.097978493478062,1.519076473039399,-0.364713017996918,0.28853781116213745,2.50407878641584,0.951369043621483,-2.7187766004346656,-0.9291598201615635,-1.7133265989091353,-2.571865694223378,1.9412963387220177,0.7030311509344169,0.2938675796799919,-0.17392850421119407,1.6059555091177702,1.9017170712945077,-0.35733742786622386,1.3460161381875044,-0.36564217747662586,-0.858422988228104,1.5350914960170898,-1.7324321535489662,1.5291515843390944,1.9469954287407747,2.6534064266904465,1.8828770450489756,-1.567019339873891,-0.9940332968133404,1.4095978902658166,1.9990552929761845,3.004515800811462,-0.3624014087774654,-1.5472246553274673,1.5792160641147714,1.9208347767031473,1.6227259041017066,4.716752683580906,4.014696385956997,4.5154853808719775,3.2761687402449855,0.9305779692647735,-6.646912952238787,-5.309443756562217,-1.9192111204703992,2.881243749366196,1.9951965798379687,1.4858975756189179,1.2430956904888901,2.7177918260110556,-0.8040299195687822,-0.38944622436179716,-2.3259065880742025,1.135449710340091,-0.35234829593827044,1.524753107577853,-3.4106404522496048,2.362501822324185,3.500980085072574,1.6450148952801005,1.0206829261658263,2.977090351368154,2.7259219599515414,4.745303238059245,-0.21628132741149506,-0.8067340428602362,1.1644911150265504,0.6179363583429465,1.740524257403944,-0.37444073031957015,1.2680428196666553,2.3731127815408515,0.17141438968539413,1.9864517829421795,1.809226371756752,2.851131465988506,4.1053377557726245,-0.022695427938229294,1.652080709916487,0.7730969374400462,-1.5085284017845793,-2.7508756646318564,-3.3346060411615444,2.0149857675783474,-0.5732743613501585,1.6757255914610403,-2.2291105439671486,2.3472026219931625,1.488828615585355,-1.3629240006540844,0.06875402273779731,1.37628678281204,1.3103041730140688,1.954163352733692,1.3118999736005845,1.9632502735452417,1.2388275737794914,2.5319776561854086,-1.439805771076399,2.367214602627685,3.166511283301406,0.6106607239307382,1.1005993462383898,2.8354683570333106,-0.4769326384060209,-4.995527736192534,-3.759652314202878,2.405766649246488,1.2913139600862387,1.5549560366152182,-0.841965001763982,-0.9367782923662521,2.060570322062397,1.295590069334775,0.10953244134207948,4.2740855787091006,-0.7978025693174693,-2.3969033346206996,-6.296145239848755,2.113002547848231,1.6854620898412347,1.5705563288687674,-2.8437562762688016,-0.9420268486702608,4.0240370473667575,-0.8857407565085335,-2.0618912810634993,-0.9635018748852996,-0.15119977651198174,0.11944349594648225,-4.5469969494315965,1.7867570485627178,1.0325698490729491,4.478686643576684,0.15269370212915262,-0.8247954804858726,1.7114425015704642,-2.5245507890277805,-1.687325312962186,-4.21335214101649,-2.4733832443952686,2.1987195583653167,-2.345045576247545,2.011686906971875,2.135402676230998,2.9624149402768,0.7103320226222296,0.3147396974886559,1.5215562574215802,-1.119796733152734,-4.090656054203467,-0.902395803376376,-2.2843861017050324,-0.7641119293972568,-1.0495423698069708,2.522825751789532,1.0945211917159143,4.53380652507809,2.1226068170321364,1.5145454499544835,0.792475264611181,-0.8076515994189583,-3.825529220967775,-2.325923197403887,-5.048007974277771,-1.1829220555877549,-1.6812865287569616,1.7088544591904196,0.610839242027594,1.9580275823837592,1.7639738023967608,6.191944247888736,-0.46678931389965733,0.04132411015533493,-4.0347875475645925,-4.314901358652188,-2.565086153460132,0.029793492976762558,-1.372351071629105,2.4877119871338254,1.7434821137111247,5.408442928509398,5.453240810820763,3.3307552977830905,-0.33258795932249013,-1.5528941950989392,-1.3304390662857664,-3.5788840925037473,-1.3203376243193763,-2.937060538623492,1.324236651100086,2.0789433827373034,2.6126633143216917,1.205334481728411,-0.9189124279860121,2.519996498258668,-0.3469394161042139,0.4083971822855885,-2.840606700921558,1.4019289661503471,-4.355798777636781,-1.0764300254328782,1.7510873629912327,1.3449842650126755,1.3720156303923863,4.132335652609515,-0.47846456909387236,0.0687572385376448,-2.6488367832594424,-1.2571167040198536,-0.07762775629244559,0.3627368087583457,-3.005211719829379,1.9231601812660573,0.8897772371554717,1.6627932862218013,1.1218450810624416,1.1672504869432543,-1.8445887480387522,-2.0452922850963797,0.3117424533554022,3.8434299095400033,1.3099637099671602,-3.6887682270454256,-5.632758687895869,-2.9215995903898584,-2.0005592607704368,2.12696846472108,1.4295164929858655,6.4224695039700235,3.0901307052208344,1.9741028894823875,-3.764005210500697,-4.506371991113392,0.3040942742576705,-1.8201804722459238,-1.2029786589003473,-0.607820074154887,-1.0647041243694682,1.5504002599277138,0.12193725003231089,3.488416624947557,-3.4646317212504756,-0.7553327235946405,3.2664054484663825,0.5432511528922589,3.453917334575896,5.291477889846355,2.75239560926299,1.2671031034027824,1.1520420435158627,2.159308172156133,0.20413521791991937,4.083703882774481,-1.0945062312325082,-2.7422590223528545,-6.748160126418181,-0.28896292822761765,0.4064793785084961,-2.584417395428719,-7.452794646553723,-3.3101418769514104,0.4511123587570386,2.144324827748153,0.5053090274125194,3.221108572183459,2.7704055193616424,3.874384804375387,-2.513665895775252,1.268640571868271,-2.8086409246137105,-1.7245918808490395,-1.6154964710789974,-2.914829720105696,-0.13913388293461187,1.9407238461724157,0.2661348069084947,3.7691202686166814,0.49234920926435455,0.7001571707737639,1.6468355777296262,0.9848640546367148,-1.6052758836967855,-1.4945428217552892,-1.4595356621730797,3.8328022719738555,-0.5855267605033919,2.088023834448315,-1.0498885615950737,1.4771791581650568,-1.1249692401805569,1.9858741436913183,4.344728331063641,0.421864393628224,-4.492114767791648,1.4884911374864955,3.872371180739444,1.4330493730206812,-1.4018734639064936,2.381428550996532,1.426802410788361,1.0863048680952707,-1.8157631208608402,0.31786256495880527,-1.6188339430391336,2.5814888897471038,4.60133156718606,-2.487357269056841,-2.7454683328043257,-1.5390311476058285,-0.331826278461147,1.6500225139769658,0.38066380144312695,2.6613309878613114,-0.4936689451559563,0.9348018968767796,-0.01067349231882778,1.0697309304668372,-0.05165461011571922,0.5811373292537417,6.70389317674504,0.263924655826847,-0.048917700369653115,2.30135463691868,1.359016185066392,1.1789809928786434,-0.39549133131501835,4.518217344998651,1.7694429567767478,-1.0870505352222182,-1.4387071591394167,0.023490561147264024,0.6387943234553904,-1.741340521844176,-0.24154483282032266,1.9750538001123243,1.2593848417360234,3.6682686010140726,2.202271007520472,0.4057945622154286,-1.174709182622982,-3.9311382922474607,-3.1916811409594374,-0.4477158512460001,-2.352117552257631,-8.818804992368882,-2.1073557433031382,2.0236407840189385,1.6422452521892077,4.080065846064672,-0.3205922461040308,-2.3498774921999206,-0.6796718097646146,0.20064749127090725,2.626983681022283,8.717309547439148,-3.7646527322710495,-4.652935069387512,-6.650335434631282,1.6872165201906517,1.4603880472531117,3.814757074465208,1.7876888985167083,0.637688608078901,-3.1701635382051503,-1.5583045032601552,4.014464481032096,3.698225233309,0.05581873036027563,0.4257879146736782,0.26431226331560653,1.8625444824584856,1.5042857582998317,2.6080893656180844,0.2535999837619339,1.0305430149857346,0.38543366775520094,2.790635666731531,5.3522831430442395,5.0358860889392085,0.7739757130377058,-2.4925734667727983,-3.366517384250454,2.1789750723997443,1.7154205410233068,2.5250703125549934,0.19755707133696607,-0.24492664802338443,2.85452478232704,2.113496654255102,3.246050613081051,6.2386701823452135,-1.3806050866524031,-4.448845156393081,-4.720366053869096,2.1511096822028906,1.7543564985402518,5.436488092011211,-1.1174582143786134,2.327271870151229,1.3609162423975996,-6.551590149366598,-2.4783870184555226,-1.906827412435899,-2.4247695078902898,-1.964402461784757,-2.7428064929227656,1.7578763175586674,-0.5063980873665785,1.7584910363920985,-2.39611603274488,0.20039606494641832,1.1384307811364036,1.0119490243139069,2.716857929699635,4.072467092645206,4.54871383826957,1.4162503876214703,0.4558726355609585,1.691979036207135,1.1822806024530488,2.3935024864730647,3.116988383550037,2.6969631294381453,-2.275444052840985,-1.3990935668489752,1.6025201458384977,2.0146921077198336,3.904362751250557,-2.324801791030282,-1.769295287728585,1.9432089459779718,0.531256160776967,3.224557090027667,0.9192973772822688,0.6502311277153393,-3.2581757950003527,-2.8224519473142142,1.7361407379373277,-0.24344449080101943,0.855360464545931,-4.482106266340017,-3.902677581820871,2.145039198164534,-0.2119737013165214,0.416475274758654,0.8380819115814679,0.3274093513202521,-2.052036903837242,-0.8141682494817271,2.1121530271037625,4.927774709346529,-0.7257870797775652,2.3047163757922347,-3.3782326055046386,1.754570280103391,-0.3407302648695929,2.1906501136974605,1.8431308018951713,2.1814018563890216,2.8532972670002685,1.4667246626534283,-0.8289744007221701,-0.8363548004839043,3.592070546376678,1.5695984068772726,-2.520408191074269,1.988805551559089,2.5365098910387784,7.248149815635952,4.653146301389074,0.024267267857454887,2.408549749623556,0.038898177238494855,-5.5690366117848455,-6.111442576044096,-4.266992028569158,-1.9767157409816112,1.3288501517885258,1.8854161885026501,1.5180772826937277,4.674563376548606,-0.19539645479767492,0.2664476326556057,1.1893017781076147,2.4743157996944376,-1.0097620024698415,-0.025057595337448425,1.7574456839183716,-1.5323459898792116,-0.13766547705139295,1.7326096657549,-0.6878340004253132,3.4685811645822624,3.03498525801072,1.7265484842606265,-1.292554480226065,-3.820552542763234,-1.3915465171648365,-0.5625459869388797,-0.8181115826301512,0.8176401861984626,1.3258281514827792,2.024986944685314,1.373421882043063,2.8775237438525956,0.19727905917040528,1.093519128919489,0.26277417989207197,-3.5276816592441986,-10.283417935517022,1.4133199321779462,-2.2123274089241236,-2.3282481899374257,0.9891790691151323,1.372166457597078,-0.06500955108009186,1.6004982712686306,-0.5454063853340266,1.8900026437591997,2.0976610865612373,0.22991720791082584,-0.683662580141115,-0.9984648912871448,1.4029000918037324,-0.7228313416751003,-1.3924568052784503,1.5461086973331029,0.17009247622645543,2.9589985563520065,0.3124492479622947,-3.0101350656916637,-1.1529422105620115,4.8608077905042695,5.668650686021674,-1.0688314500748806,-3.3042667004601523,2.3019590343524174,-1.0829629075633997,2.3511562322248967,2.220305076743779,3.766659297249334,1.0589861901891615,3.0138437396693325,2.221321193260995,-0.8868591090594106,-0.18809463697824175,-0.4463591796202088,-1.760655717129976,2.8526930309137413,-0.8939607755636775,1.5656021492662318,1.628309656067154,3.4981940277611807,1.7682891365468878,1.3184428341365826,8.330353348526357,6.525728104547437,-0.2768341515287615,2.953705190563893,-1.4659588304803528,-3.2986431282021984,-2.1742432116217403,1.8500433426885403,0.6825717757880659,2.4876715042142963,0.010585206104307718,-2.5720740136403624,1.525676069445937,5.282310682886502,0.653167681812227,2.588392634060025,0.5986742747729911,1.4771229182561143,-0.6653507782219795,2.0184712869700103,1.1698833465481624,1.6703846347530902,-1.5676605296774981,1.7147165570643916,-0.2667502273992059,-2.66352671002508,-1.1580268652749952,1.2591315531637142,-0.45500808394320785,1.257628996600608,-5.299782416343269,1.878628860362596,0.3400116853795901,2.2673961613921545,2.977100909096257,1.0794287227736823,-2.8155354134825656,-0.038862514629363014,-2.2214713352019384,0.42673333342838177,3.347382223654622,-4.806689714086495,-2.5129758542799734,2.060888173676076,1.3027992212228114,3.4918146256846283,-2.2559913853243456,-2.2021505518767928,-0.6331794421738663,-0.2912733166568292,-6.308231269687145,-7.511116298363,-3.193788081265175,-8.67169531743715,-1.2355749590293268,2.3637937539698606,1.1417360026146954,4.503853337992365,0.7623874197122534,-1.4573867701738838,-1.1925010455275082,-3.641866371507077,-0.3382454557253579,-3.038008498388618,-3.708051485826529,0.28273911565375665,-0.9086394460185132,2.199000570447975,0.5826043546487313,0.9619530409383968,-0.006281638145359167,0.10715817066882821,-2.0559242775030446,1.1633937309300078,1.5279554865802991,3.5051920872824405,-1.4164908202907032,-0.8013401134129083,0.24360377397410626,1.4114116446475369,-0.27909076590507303,2.095118499334151,2.200882469912906,2.7241168260922066,0.06285489539947627,0.04734951386606424,3.3781956570203233,4.618760665091016,2.2325041103449568,-1.4317236499223818,-0.5323380605812946,2.3082895478183687,0.46264777103684096,0.30471173257412904,-1.7719161180269383,1.96721030320849,-1.3133169230114512,0.3186350266835455,-4.483474955837648,-2.341604826000279,-0.5996731947794671,-3.048046911928809,-2.6052136756477995,1.7349985971418302,1.539037167925623,2.06533634081101,-1.2708852091082752,1.6860815177018063,1.2878169168427864,-3.001277410213757,-4.064120979611256,-0.47970370692147724,-1.9616549553480582,0.4386670203474719,-1.3610256683168607,2.448205402772587,1.4268454850887056,3.928528833714221,0.27679218178328086,-0.7150814965283876,1.1104610152603933,1.328543896554629,-3.093308850649617,-1.626925940156912,-6.594976672779857,-4.168472774124276,-1.4542974332566125,1.9330542185398685,0.8384058109706404,4.670735545602648,-0.36394734313615684,-1.526174696359123,2.8179847150660806,3.3720653844538124,0.8110400174981689,1.0872643228346093,1.4187691841527144,-3.1996579837867722,-0.10437085825409312,1.9130681651423707,2.7842898587976332,5.632971795401838,-3.568419285736077,-4.475536230917386,4.468421887941173,3.257652954431074,0.8426455553472596,3.9948589413441917,-3.7315036641536823,2.7162791760063847,-0.35390634665104437,1.3321058325340707,1.071540979406344,4.171052367124019,-4.205956925697413,-4.032649266493745,4.872526582352572,1.7171446623422812,-3.707164375897143,4.635668348020186,-5.461560356136622,1.264798552931313,4.264414493261177,1.8035954997427834,-0.6699012132058796,2.3525727732630783,-1.7765361716196042,-5.620305861512404,4.821854031273184,-0.7732030871123463,-6.726112795319071,4.212855490729681,-4.576310006050443,-2.649068091135105,0.678519193647918,2.1477253433483794,0.15256313083714512,2.9243335921613105,-2.033512722956551,-7.157921069139439,3.1677514361527566,0.9306403134149135,-5.916530802817083,1.4484642011579347,-1.2206438913062096,-3.378136510722611,1.6575823608051823,1.9358005464721593,0.419062493085522,3.674448705299101,-2.0017856389538107,-5.917588861520955,1.1164280551764607,0.8468609792973233,-4.4409759721879585,2.320822734565197,1.456935525773114,-9.791087717605734,2.219830140531377,1.9940808858313073,0.36453072656941427,6.214279558167343,-1.2281726439333793,-6.448647871009071,0.468799661431624,-2.425354730265793,0.13976333803338103,5.053343433989207,1.9149955855485776,-7.012033384441839,-0.8784398056359428,2.0186513375846022,-0.47325037404580456,6.069233647891051,-0.872758174064597,-7.68702806932318,-1.6444301603051141,-0.09880874457117139,2.107667674982237,3.1262188054583415,-2.674888000792725,-4.593356498943172,-1.9221774979179618,1.9514165808346486,-0.3440899402562194,5.1141351722360735,-1.7046944802867632,-5.979360538355848,-0.4987371369703927,0.6466195049119412,-0.1345892828331648,1.7408938810479182,-5.022210994537629,-1.1800079393731917,-2.1025773375562036,1.8675698489033747,-1.199429427667971,5.346966061022635,-1.9225250940941332,-4.515979785616781,2.7132338595286973,0.07511587785983963,-3.3879585486914614,-1.75013458706342,-2.715585164452073,2.87801156090919,-3.8310824372068595,1.2523565611026646,-0.36573832221899694,7.644284007455932,-1.5157136516370526,-6.578270679407375,2.522919093284311,-0.3972370886893723,-4.168590145748765,-0.9327786143446763,-2.011301372139006,-2.7924167396573614,-4.830836551447874,0.6411984023443448,0.7400122033478383,8.17239373721119,-1.721075659445095,-4.1663114527638605,4.051809686281991,-5.333342260686015,-10.533778205734796,-2.292838132612376,-3.5555249117481535,-2.40623941771048,-2.765725515781499,0.4677841334531134,1.0995200669354317,7.076024856184976,-2.2306660009180073,-3.4721856286535377,3.5688983152702876,-6.31850999110187,-10.16723405332065,-2.3648091191026377,-8.379508589304422,-4.560462299699244,-0.5789453177520313,0.2175147676229128,3.358949384809505,6.2790266943736395,-0.6344496709254547,-0.5200191724451928,0.2891990221119752,-9.226605429363968,-7.694967306644889,-1.774133251354122,-8.550137448403584,-3.2671762866489047,-1.6094390594825825,0.041258258631780585,4.785331015973261,6.3235617484651225,-2.4821907383892805,-1.7731467757748438,-0.9491424979758151,-8.775783010503213,-3.772998321487828,-0.3026686130896763,-9.042472083520058,-4.346419283368129,-4.88832170265172,-0.13136370623674767,5.127069819377953,5.5473131532163835,0.5239521281286259,2.5635512500338704,-2.6600122088735976,-10.697915075221532,-6.444602595300926,-6.726217874700887,-8.93317220861093,-2.9356697120285973,-2.8211340411550623,0.04693264050616818,6.625441524534689,5.0429006704888195,-0.1702604504946567,2.168137805113411,-4.53246287637993,-7.68832739069778,-8.659392994718418,-10.407857868977262,-7.190605188319799,-0.5568811857691713,-4.354297020653825,0.5470448412131714,7.361430328551274,5.270165423941656,-3.797531809023594,1.5194240100386036,-1.5717873172579206,-9.573547460069149,-5.5130592225515285,-9.810473156930122,-7.410085395167269,-0.5095451092177722,-5.683890619042204,0.33814043099090074,8.748508279022772,7.0364136179296075,-2.792835987809618,0.065310971500441,-4.554983424133238,-8.193248603618166,-1.8874877547346909,-6.863691688374953,-9.99287481618891,-3.4150882504561615,-4.593425529870224,0.646710849451578,6.937567575102049,5.425948528452041,0.17685117394225125,0.3841058627491592,-1.631001795040928,-6.3644065701566435,-4.7414567790598054,-4.821861377249628,-7.5506748220814455,-2.7174402850336805,-2.456569331098702,0.6917783393583454,7.731121216068789,5.5785004758925485,-0.262123611063202,-3.1362294725914364,-2.257692117386802,-3.234109898864351,-9.319038672292553,-1.1376371794024496,-9.973956004309246,1.8961375158893992,1.056774984627916,0.3562937337666362,4.948926305291916,5.732515580088736,-1.4667166202701292,0.6452635522034355,-3.9221251052280675,2.004890331618644,0.37070054411988734,3.052855881779401,-0.010566747173502583,3.8221298298538784,0.584043676130695,0.4652100275869528,6.334539587568901,5.086324988844029,0.3803959401759569,0.2026966580970755,-2.144646051467375,4.340561822538397,-0.03700975727657637,1.2423034201122176,-4.680978634181998,2.8035358763999754,3.5561874838539653,1.3100242946095628,6.332287338029524,4.954015246266538,-3.0285052694229115,1.974822118104699,-3.004779163287514,3.461813938277723,-0.5832895711036024,0.19231665040166124,-6.699944309728397,1.5114587230856682,1.1284528180640387,1.7832618474704582,6.239552578539408,4.269080480581807,-2.4922678505012374,1.1852945282373313,-4.307278604565537,3.3472378881827707,-3.682084464433852,-0.731791556849434,-6.601369331114738,-1.94026873536664,-0.739889542246227,1.9067704754143797,5.617778133327478,6.155481041344257,0.3069623848501257,-0.5106145405215259,-5.428212826618079,2.833249682078126,-3.9267418650999053,3.2129465387665705,-0.34544835719161915,2.452503660684172,-0.38183362521618547,2.159018432891519,5.487291208934814,4.9062251011636615,2.1573270989804376,1.6751892159433526,-6.399869380441781,-3.4263146952873194,-3.5122981963051125,2.0660704270819834,-2.3481907733162313,-0.9026863594177376,0.25810730768405554,1.7889562054026795,2.412576776218692,4.556153828708264,2.89458644059855,3.3765349833200964,-1.539521594586185,-0.125933007884309,-2.2527511988747935,5.1396335991255055,3.005410813126406,1.7910161340471167,1.438211134734261,1.5029308928595222,3.465586225173795,4.8245060857449715,1.3296176565247435,0.6630886663018036,-1.3380068582975317,2.2094543992356406,2.0994566792261997,1.7455415359761388,-3.000202528958573,2.2221691992787767,1.6119811002922626,2.1067808303901248,2.5631230287224107,4.156517346970888,-1.0333469400721922,1.011807863222256,1.075678816768309,0.0478655370455724,-2.7066868585763895,1.074614887436215,-0.18021963069173344,4.5097448539729275,-3.9587879522951095,2.4661229081257416,2.9579031095466637,6.972924775583517,1.7034691854062203,0.3399978073738511,-0.9286140766675504,-0.9967258860467951,-3.884252395490691,-1.6140262016700562,-4.890465687498662,-0.20994219615274198,0.7217603607479692,2.312800757899031,4.068244290832851,6.83698706995905,-1.0609037223097177,-1.3625948398723036,-0.5776132780728577,-1.972820499041882,-3.2052731986117413,0.21840119971681668,-4.625770933483686,3.5062651864294914,2.2440251135888323,3.218373353528525,2.137744025262985,3.726578417718047,-0.12344629897520888,2.705378452384137,2.8070929451415325,-1.1958228896554721,-4.256982100797995,3.5719503752640893,-4.928822098890979,-1.2797227219619254,2.376789899540831,2.336095723599612,1.0423221077748885,4.09558497779388,1.1615367644843417,1.7154873735284588,4.133397204292226,3.4084931345067555,-0.5101817031795943,6.173052807037292,-1.8409837764596892,2.696322969930281,7.367995100374813,2.3460723790447284,1.537857655473455,4.275196468793226,-0.9928075445392501,0.49320182882363994,3.9510631722878973,3.985790387796102,-3.024552485734756,8.88671698806663,3.041293282780623,-0.9037984115092682,7.412286102690469,3.0432930345774936,2.2686382205642612,4.805846222989758,-2.05540308891086,1.8544862881815964,1.9272903053026895,0.3568251396234007,-7.407091352049799,5.222061448260273,3.010355005441615,-3.0603334346395115,4.527584513443375,3.320080255975243,1.4425652701993912,3.2964239138033515,0.08081004350852826,0.5385160048247744,0.8184824284070479,0.07301469623552524,-7.8815968531839085,4.2652605186100825,0.26101946334246223,-0.5883295043297536,4.020563209962754,3.039605196950986,2.6991544155718548,5.610236476060719,1.4764563519223093,-1.3313169831126181,-0.8691563468084506,-4.8475172865307075,-5.529420662023331,0.8088944688538761,0.896298761624733,5.735778338948269,6.2231172310393905,2.863417563671246,3.6173815465732266,3.5591851224984636,-1.1632617305384765,-0.42397225757355717,-5.567905731192173,-1.9588976909896563,-1.489164234680793,3.112279942215717,-1.9430792062414521,-0.06612134157126916,2.7430020926738656,2.6852954494953076,3.9198525655566634,5.492832053555212,-0.92122142062741,-3.287597309250298,-5.201750793264107,-4.68309370129028,3.1866582254125078,2.3369988882346817,0.8802978844289132,-0.1903023994043068,1.9017316110120919,2.5208194441249785,2.1130100760491084,5.499532136617387,0.19746008080272653,-1.4223728330781447,3.7702727240686382,-1.7152371703404625,-3.3616706636146554,2.642630412081962,-0.9016904226714686,-0.9578360538917671,-0.7417286798266076,2.2030183711253177,1.3263915958580266,4.0020380603939225,3.0399695825769726,0.8466886410834664,2.2409241774104816,0.03756087918187858,-3.3419676895383934,-3.6934612863374388,-5.841191856080074,-2.1129523426265338,-0.5535916512638263,2.2921812173336216,1.9103380693792928,2.1016066425182225,-0.04061964477610486,-4.127117026455562,-2.484420321533959,-7.2065623866407496,-5.419203149001605,-3.0161410851636403,-2.305148611073731,0.5973697019874339,-2.3536236898749743,1.3597070897902408,1.0160680149326475,1.7845295408733552,-1.0418970696512149,-3.0494807700755255,-1.0665556645711387,-0.9645075267269281,-1.6573344794919538,3.714322873422898,-1.6102214451379848,2.206307667561315,-3.7138674490816914,1.685643499572686,1.6110240320800215,4.0280232119337365,-2.343023787412506,-2.700225286883431,0.3468084931707931,3.376580782577283,3.344287876645186,2.183480393717677,0.09375755165394302,-2.866390022009837,-2.8874544020030743,2.0976860943617943,3.1742031443911225,2.033787199415419,-4.680663986403069,-0.5661968985187897,3.106058115266985,-1.5421717061012499,-3.527663101865667,2.0099749689005457,1.1128848794762756,2.593361231018664,-0.9007533035790667,1.9230416243318353,0.19416158784653167,-0.3189235820652285,-0.4678399521525074,0.9081723941812588,-1.555181625551246,0.5713083330330239,0.2577325014818477,2.413128551102224,-0.9713240953072447,-0.7590819571589882,-3.1735938397497074,1.7928612981877268,1.5435743583078203,3.78567080869367,0.6103457158191451,1.8750452946411185,3.796848432105212,1.003032217534205,-1.4690191590893196,3.4761013470546134,-3.661735951976784,1.4153201501749821,-1.9736459142541212,1.4283102028087462,-0.31396004152104073,0.4432325465651621,-2.6543073961910646,-3.0479905596068484,4.649232590245569,7.760522306097769,3.7478251141066186,5.669032067943798,1.3965063414463723,0.9064021673296815,-2.464040206983989,2.8047468784969323,2.9025036202673715,5.837910489668294,0.2508903818611567,-0.02604484653863638,-0.9909095511126326,-3.665021109313456,-5.1294824354242685,2.213358927993286,2.331673932281013,2.710455025146375,0.14342983637981405,1.8541795104340468,3.6411408327294854,5.077705066617188,-0.2698579940984729,-4.30955570436673,-3.97632656207079,0.6420466199698991,-6.3707936271278,6.450559868041287,-5.2554986122041685,-1.722238330666612,0.3543246619625441,1.8613496852792888,3.477732499631683,6.051503644973468,-1.2830327840360618,2.129672327826525,-2.4449127422723196,-5.441492403179194,-10.221268935079095,7.6557752548395355,-11.42639327252927,-0.015512711445266116,-3.2495379059735585,1.8202046635262836,3.5841485080743394,6.294230014200016,-2.3363962286622897,-0.9599682991258972,-2.325127706800381,-3.4630247797769154,-8.809201852938532,3.1765790895339374,-11.105875801540558,0.9380001834539354,-3.6912671172492066,1.9344254356058992,2.3519219562138867,6.652291991906712,-2.6428176411609052,-5.2942128526712535,-2.7079492556228932,-2.7696805982629096,-1.1284291911342712,8.641692045992336,-12.365743335489718,-2.469857844718752,-5.3055480127734045,1.7980495047718918,2.6318356169221633,4.473923325939573,-2.532319424292157,0.1905896649708202,-1.2256436884838005,-7.184155999264797,-2.5955138626643977,10.897045103997902,-6.228935788010268,-0.07597369559558505,-2.7516712986592884,1.949154529665269,1.808827106338304,3.9491397986973737,-3.23190052165083,-3.3086547740000585,0.7949874258359964,-2.13383106894089,-6.348176348836054,2.1413197670971784,-4.931131758076506,0.19434759266079035,-1.4568136541229895,1.891873844290688,0.31758646805814766,5.2665283187320355,-1.9245978239095358,1.236151557024326,0.6780120912208772,0.5695386064811164,-1.2474265499690544,6.9224620499069225,-4.556580626037558,0.2528394710634878,-0.1311285644490871,2.0590889929883813,3.0481564985215606,5.183690395075879,-0.880286136567567,-0.6731764008186567,0.07294018692819652,-0.8293880681239051,-4.069087460038452,6.168957848616512,-4.7250752525174775,0.6530838773956594,0.9549055622540936,1.4460317387039114,3.5520803620360013,5.099341615751586,-5.283923361580502,0.4468227882948025,-0.07872878759459136,-1.0567303378382331,-3.141650689720709,7.177991563948541,-5.614529428353999,-3.1266035195587722,-0.5195926546919534,1.0284896320160648,3.4506099718676624,4.140383052660313,-4.483755184072723,1.1675691018328862,-5.869317332873579,1.5187364174724103,-6.09073131971315,4.765902874200243,-8.287231750143679,-1.4421682512237264,-2.4733025913555693,-0.133118503225359,3.939145701359238,3.1487264097302865,-4.317350274098668,5.612501476580213,-5.077005110330529,2.1336119127156614,-2.781102660060317,9.358816038973824,-2.352117459076321,1.8391840572798903,-5.922507866066047,0.4795266090536709,4.768640571188156,5.266317862604124,-5.784516594482548,3.9528304258130142,-4.901055462542807,3.7364205325043804,-6.420122733888992,-0.3406692126921922,-3.4189835112648064,3.7259128445388043,-4.541664711344591,0.8051918146788537,4.4562497297665855,4.484069616947807,-7.120221264099456,4.27413884065431,-4.500936792352169,-1.0170741044251892,-3.299435956138973,-0.30317058439713696,-4.290898215784382,0.41348962299772185,-1.4940493980517646,0.4761290865331404,3.2186417886334224,5.289928703314331,-6.679592907090609,-0.46729692131876777,-3.898344479780187,2.9432559619217358,2.603103700862161,3.819109641824367,0.7821043415277802,4.233992117510853,2.5831288224498596,1.5224671018147486,3.511280891835648,3.096601554680043,-4.38357463611314,3.5608636342268642,-4.186249799824374,0.3216667877706825,0.951390712225845,-0.7454098653908131,-2.2011835419410644,1.1884930682619603,-3.5851290947001266,1.660233512435996,2.1787800286860888,4.545129137958268,-3.4108389642827075,4.292124697779722,-0.05013691552617612,-0.5007226759130121,1.0385288081295683,5.648844755224279,-1.0111361087326847,-4.520699429063909,-4.522164245706901,1.9874006088355134,2.81702836405266,5.026554800300155,1.9698608949663292,4.7841294311290445,-4.652759625506003,-5.806432105322758,-1.9919803495940698,1.5393981541240815,-1.4076268682339799,-2.671079915410377,-4.699972157769285,1.8286521321613782,3.5190074971705223,2.1509786386494065,-0.617704204556076,5.151745338641019,-2.946162712865218,1.5044731901248563,3.2825406393934786,-1.512155703620845,-7.3071378767030115,3.0459300660669406,-1.020222471315702,1.7205103553826835,1.4460090024800838,2.6355901675340605,0.295841039162159,0.7760073955176313,-2.147646697663116,-2.953872268074428,-3.594561266057742,1.782079948534078,-0.6880141521479779,3.900874875235296,-2.0864721596066724,1.8428264814247446,1.193880426844233,1.9130014572998066,0.3392725487280577,4.085616807104686,4.001926450188927,1.6762005874672934,-2.4388272687444306,0.7287818456573782,0.9641578758932529,0.9694784313646266,-0.2810756600054896,2.021987567358396,1.0889001642524092,3.6434954166217697,0.8122988381813172,-0.9202008611380185,0.9825438377812467,0.11940599444083218,-3.358374976307612,1.377943840829195,-0.6499757978942147,-4.237998421662936,-3.3599705687363515,1.3957852745258228,1.7990043368725415,3.4732502471189246,1.9675783389103214,0.13975795489987317,-3.524978102007879,-1.3551556533504368,-1.969619719025499,4.579825297157687,-3.011258309886342,1.0655456220965458,-0.18053118769761295,1.6937936456368787,0.09318529383098494,3.623014377309252,-0.14852035794795782,2.514615302648592,2.2921605934062814,-1.819138853831233,2.5960385775549457,8.447585912934198,-0.11538427782868345,-3.286446605780584,-1.8751877160198356,1.8590904987115904,2.7324827158363534,5.174214486419839,-0.25102347532037506,1.780964902782567,-3.0121750521009876,-4.140138344748409,3.1675539122300673,4.968101514040857,-2.62285465729679,0.6451422375532335,-2.4628041566454293,2.1236315612570875,2.350701031484753,4.926479680796882,2.6746404317125676,-1.7596607722689888,1.9294249787641728,3.352514126967505,-0.16607809763986653,2.437542845957628,-0.906226525605065,-4.133530702167236,-0.9358292732795055,1.8086377602788426,1.6221789450271349,3.439591179153137,2.034041321104452,4.085154176204182,4.0423400818499875,-2.057783609417798,0.4005863232020409,4.395722568096392,-0.9480104263921021,-2.501385705044043,0.903926177873283,1.8078011101717446,0.4067393908493702,3.5010983508075624,1.5050501900479145,-0.5840985218746683,2.306683048821087,1.9617219767454646,-0.12166727659355372,5.227365141592719,2.4940362323824283,0.011923358595154651,-2.739973144854835,2.276167275709772,1.3162783107756395,3.75848443829688,-2.064172487356341,-1.6633071002284023,2.074751256859446,1.5000940888641838,-0.1971723289160047,-0.884934913724292,-3.117981754795733,-0.9553327919976511,4.628637923556562,2.1405689110734585,1.9450434141067436,3.438479145099019,-1.131172836478428,0.45376939106502906,0.649508217722288,-2.4222846283995634,-5.796986269664484,2.7594750475824736,-1.6895329552371878,0.1075179380164098,-1.949071182134775,1.0412340821390675,1.0173158186736697,4.119968246809599,0.5806358280279845,0.5926022090818257,-0.7712688051494493,-3.227141497098954,-1.8876031070313615,1.7912182817388682,-0.6446411125843519,3.209846060325388,-4.155592813722432,1.8657198839825486,1.214063007651154,4.989442795283327,-0.07271986743287275,-0.681959900634363,1.0213289342418579,-5.515096093882178,-6.518373680690914,3.9063073608414935,-2.1225907292994615,5.013637170890953,-0.9022163433578898,1.2512599664407897,0.9107060958845938,5.347261855840501,-3.755774685492054,-6.931870744392841,-1.642957342887585,-9.000946771262923,-9.407856345401402,14.470841172682032,-3.7525728231588933,6.535995348293411,0.7126089351740393,1.1612966725588076,0.48006946785108556,4.44479335873954,-2.7468594347773325,-8.079782409974877,0.8651222087718127,-6.758990500810645,-12.967199801868913,10.409636683648008,-5.140339603313253,8.471816493661786,5.29269689320579,0.6992910540060617,-1.4306229538528954,5.457925288507242,-1.9837210095013593,-5.565786223628468,6.6603641993153255,-3.5249041028607944,-8.341968300769453,8.601945228776144,-2.8602386258604633,3.1685192800905777,3.8742046744578125,0.6072983814165399,-2.34587348780014,2.3520347900096255,-2.540067937606661,-3.8323003685323003,6.207473907605139,3.9982147093262066,-8.246140740733065,4.448100203790825,-3.94799356140156,1.622811569306192,1.5227964395053775,1.3842856634063754,-2.4560029081802326,1.5764942711289265,-1.2312646899841069,-5.096538387570623,6.244178995484591,6.853466537483207,-9.44154827012805,4.1858610983083455,-3.9137360671486987,3.3704062474756613,1.1751658280131896,1.0924617345881746,-3.0252658289870413,1.2454048930897714,-0.7685147593643482,-5.421514454124223,2.4957997079139638,7.007061562495222,-11.524503994552093,3.4125006444893784,-4.077635103057485,4.120164511078355,3.327845759605804,0.6776215293565885,-3.0893843639527434,2.02204742104085,3.9659247272083404,-1.9942242222463344,4.685208445781983,9.214523061537845,-15.205436656121599,-1.1848376640697798,-5.909726738184481,4.449976737677876,4.142232563561103,0.6969240240108011,-3.969901400216486,1.0195620648091912,2.9648505723376486,-2.801637930022047,3.7443420835684944,10.346888793606217,-13.483891996482814,1.3061121743711666,-3.276502301628154,7.007735694035894,1.4616590666876326,0.834092148219917,-3.736533979038341,2.3859366078057374,3.4485310915819465,-2.208064147116219,3.244446835441947,10.474894586542362,-12.69703321516113,-2.562081610113128,-5.396990715788659,3.8060199655841287,0.4451262361301864,0.8817740397742743,-4.4785229534754825,1.797678469485304,3.1460175267704336,-3.198984467401358,3.208355215681611,9.53231484635396,-10.534188778736397,-0.6681754340383327,-5.236758385995045,2.3753531716191443,0.5035668463026615,0.7374769304437677,-5.291980680638288,0.4319979277940413,2.8810675459148722,-0.7907486194028026,2.3282080932994926,7.182225799010278,-13.411062034238904,-3.6281960137425564,-0.587618493969334,3.3400682216862903,5.745624246928474,1.1862211037697936,-3.8678034844272315,-0.3444909913315058,0.33125340065464964,1.1673662288177875,3.453195093776482,4.231185107073788,-14.405702223961889,-1.932047461794976,-0.3804015130202004,3.557353520523337,3.3819207841196643,0.8563831935292505,-4.952875269665817,0.3711358864906525,0.02580357525936513,1.1534001159357246,4.760828065159603,6.45217649916278,-13.438864066963706,-1.9221849215308915,0.10787452131292195,0.548046132427612,1.3629970610066933,0.7977901974670495,-5.6573904898385425,0.8441134582644602,0.5566717990420645,-3.0444130145300448,3.875580458910646,7.303098301085876,-10.803800628618925,0.5268198945988034,0.7264448592958055,2.9546370637145536,1.4450207207333816,0.9307464813772521,-5.012559113089497,2.4780361959814474,0.9865516680374976,-2.1777478976832545,3.4547685266225416,6.852198788579263,-11.444653427833954,-0.6373336599128393,-2.5424136460122293,1.5506234395292167,2.386755693482277,0.5025450988197401,-5.65211931167531,2.689603929688677,0.4243941947980748,-1.1167177039625158,5.261377192058955,8.060324374461779,-11.410664156054132,2.6678745064918337,-4.667410187689633,2.485418646333337,3.943424577078672,0.5747973838738828,-5.1565705665201715,4.101434813510791,-1.9154309546800503,-3.5901229657311107,4.490060165425803,4.6462580070988,-9.912560971582216,0.46741013277838,-5.026923083914192,-2.556603522106203,6.00339186994976,0.7420037715068428,-4.809409239200037,3.6147892623542273,-2.2198006272051116,0.681770918184701,10.21371030211988,7.480090240884304,-9.710243447123819,1.0131554811364976,-5.345284537730203,0.209646718451365,4.099685608417158,0.8202534038585364,-3.711110978383659,2.929406113796443,-5.222027336422122,-1.147227958235336,8.780523160752649,6.617869984386834,-8.659608891158934,4.996784355549356,-6.907454747366965,1.6859248414485781,1.4476152437416787,0.6853820186913872,-1.2947284335126281,4.326052576362388,-5.194912283500145,0.7915533266398551,2.770778496191938,4.837245761860481,-4.743989866168184,5.018487461740134,-8.670073335473965,3.1608148726120695,2.675310568412405,,,,,,,,,,,,,,,,,,,,,,,,,,,,,,,,,,,,,,,,,,,,,,,,,,,,,,,,,,,,,,,,,,,,,,,,,,,,,,,,,,,,,,,,,,,,,,,,,,,,,,,,,,,,,,,,,,,,,,,,,,,,,,,,,,,,,,,,,,,,,,,,,,,,,,,,,,,,,,,,,,,,,,,,,,,,,,,,,,,,,,,,,,,,,,,,,,,,,,,,,,,,,,,,,,,,,,,,,,,,,,,,,,,,,,,,,,,,,,,,,,,,,,,,,,,,,,,,,,,,,,,,,,,,,,,,,,,,,,,,,,,,,,,,,,,,,,,,,,,,,,,,,,,,,,,,,,,,,,,,,,,,,,,,,,,,,,,,,,,,,,,,,,,,,,,,,,,,,,,,,,,,,,,,,,,,,,,,,,,,,,,,,,,,,,,,,,,,,,,,,,,,,,,,,,,,,,,,,,,,,,,,,,,,,,,,,,,,,,,,,,,,,,,,,,,,,,,,,,,,,,,,,,,,,,,,,,,,,,,,,,,,,,,,,,,,,,,,,,,,,,,,,,,,,,,,,,,,,,,,,,,,,,,,,,,,,,,,,,,,,,,,,,,,,,,,,,,,,,,,,,,,,,,,,,,,,,,,,,,,,,,,,,,,,,,,,,,,,,,,,,,,,,,,,,,,,,,,,,,,,,,,,,,,,,,,,,,,,,,,,,,,,,,,,,,,,,,,,,,,,,,,,,,,,,,,,,,,,,,,,,,,,,,,,,,,,,,,,,,,,,,,,,,,,,,,,,,,,,,,,,,,,,,,,,,,,,,,,,,,,,,,,,,,,,,,,,,,,,,,,,,,,,,,,,,,,,,,,,,,,,,,,,,,,,,,,,,,,,,,,,,,,,,,,,,,,,,,,,,,,,,,,,,,,,,,,,,,,,,,,,,,,,,,,,,,,,,,,,,,,,,,,,,,,,,,,,,,,,,,,,,,,,,,,,,,,,,,,,,,,,,,,,,,,,,,,,,,,,,,,,,,,,,,,,,,,,,,,,,,,,,,,,,,,,,,,,,,,,,,,,,,,,,,,,,,,,,,,,,,,,,,,,,,,,,,,,,,,,,,,,,,,,,,,,,,,,,,,,,,,,,,,,,,,,,,,,,,,,,,,,,,,,,,,,,,,,,,,,,,,,,,,,,,,,,,,,,,,,,,,,,,,,,,,,,,,,,,,,,,,,,,,,,,,,,,,,,,,,,,,,,,,,,,,,,,,,,,,,,,,,,,,,,,,,,,,,,,,,,,,,,,,,,,,,,,,,,,,,,,,,,,,,,,,,,,,,,,,,,,,,,,,,,,,,,,,,,,,,,,,,,,,,,,,,,,,,,,,,,,,,,,,,,,,,,,,,,,,,,,,,,,,,,,,,,,,,,,,,,,,,,,,,,,,,,,,,,,,,,,,,,,,,,,,,,,,,,,,,,,,,,,,,,,,,,,,,,,,,,,,,,,,,,,,,,,,,,,,,,,,,,,,,,,,,,,,,,,,,,,,,,,,,,,,,,,,,,,,,,,,,,,,,,,,,,,,,,,,,,,,,,,,,,,,,,,,,,,,,,,,,,,,,,,,,,,,,,,,,,,,,,,,,,,,,,,,,,,,,,,,,,,,,,,,,,,,,,,,,,,,,,,,,,,,,,,,,,,,,,,,,,,,,,,,,,,,,,,,,,,,,,,,,,,,,,,,,,,,,,,,,,,,,,,,,,,,,,,,,,,,,,,,,,,,,,,,,,,,,,,,,,,,,,,,,,,,,,,,,,,,,,,,,,,,,,,,,,,,,,,,,,,,,,,,,,,,,,,,,,,,,,,,,,,,,,,,,,,,,,,,,,,,,,,,,,,,,,,,,,,,,,,,,,,,,,,,,,,,,,,,,,,,,,,,,,,,,,,,,,,,,,,,,,,,,,,,,,,,,,,,,,,,,,,,,,,,,,,,,,,,,,,,,,,,,,,,,,,,,,,,,,,,,,,,,,,,,,,,,,,,,,,,,,,,,,,,,,,,,,,,,,,,,,,,,,,,,,,,,,,,,,,,,,,,,,,,,,,,,,,,,,,,,,,,,,,,,,,,,,,,,,,,,,,,,,,,,,,,,,,,,,,,,,,,,,,,,,,,,,,,,,,,,,,,,,,,,,,,,,,,,,,,,,,,,,,,,,,,,,,,,,,,,,,,,,,,,,,,,,,,,,,,,,,,,,,,,,,,,,,,,,,,,,,,,,,,,,,,,,,,,,,,,,,,,,,,,,,,,,,,,,,,,,,,,,,,,,,,,,,,,,,,,,,,,,,,,,,,,,,,,,,,,,,,,,,,,,,,,,,,,,,,,,,,,,,,,,,,,,,,,,,,,,,,,,,,,,,,,,,,,,,,,,,,,,,,,,,,,,,,,,,,,,,,,,,,,,,,,,,,,,,,,,,,,,,,,,,,,,,,,,,,,,,,,,,,,,,,,,,,,,,,,,,,,,,,,,,,,,,,,,,,,,,,,,,,,,,,,,,,,,,,,,,,,,,,,,,,,,,,,,,,,,,,,,,,,,,,,,,,,,,,,,,,,,,,,,,,,,,,,,,,,,,,,,,,,,,,,,,,,,,,,,,,,,,,,,,,,,,,,,,,,,,,,,,,,,,,,,,,,,,,,,,,,,,,,,,,,,,,,,,,,,,,,,,,,,,,,,,,,,,,,,,,,,,,,,,,,,,,,,,,,,,,,,,,,,,,,,,,,,,,,,,,,,,,,,,,,,,,,,,,,,,,,,,,,,,,,,,,,,,,,,,,,,,,,,,,,,,,,,,,,,,,,,,,,,,,,,,,,,,,,,,,,,,,,,,,,,,,,,,,,,,,,,,,,,,,,,,,,,,,,,,,,,,,,,,,,,,,,,,,,,,,,,,,,,,,,,,,,,,,,,,,,,,,,,,,,,,,,,,,,,,,,,,,,,,,,,,,,,,,,,,,,,,,,,,,,,,,,,,,,,,,,,,,,,,,,,,,,,,,,,,,,,,,,,,,,,,,,,,,,,,,,,,,,,,,,,,,,,,,,,,,,,,,,,,,,,,,,,,,,,,,,,,,,,,,,,,,,,,,,,,,,,,,,,,,,,,,,,,,,,,,,,,,,,,,,,,,,,,,,,,,,,,,,,,,,,,,,,,,,,,,,,,,,,,,,,,,,,,,,,,,,,,,,,,,,,,,,,,,,,,,,,,,,,,,,,,,,,,,,,,,,,,,,,,,,,,,,,,,,,,,,,,,,,,,,,,,,,,,,,,,,,,,,,,,,,,,,,,,,,,,,,,,,,,,,,,,,,,,,,,,,,,,,,,,,,,,,,,,,,,,,,,,,,,,,,,,,,,,,,,,,,,,,,,,,,,,,,,,,,,,,,,,,,,,,,,,,,,,,,,,,,,,,,,,,,,,,,,,,,,,,,,,,,,,,,,,,,,,,,,,,,,,,,,,,,,,,,,,,,,,,,,,,,,,,,,,,,,,,,,,,,,,,,,,,,,,,,,,,,,,,,,,,,,,,,,,,,,,,,,,,,,,,,,,,,,,,,,,,,,,,,,,,,,,,,,
5,1.0,2.183699386694853,-0.446611841934186,1.2414075941373208,-0.41788877289096943,-2.177032423475169,1.209334025860853,4.066260222794232,4.049767139991768,0.7055357184028958,0.04218358916676772,-1.2862599524700402,-2.286335638204835,1.7363583767183646,-0.04153707669031525,4.006643919141587,1.3923792914954307,-1.7283455023895848,-0.46437797959166055,0.040599371647803396,-3.7730702478032283,-1.0745089954184233,1.424770572914545,0.9170117765208531,0.8495936429751831,1.5811666019998059,0.993944116337955,7.027414039040895,-0.7916008461616737,-1.36474986257196,-0.790493232952053,-4.068161987345568,1.1468638723569122,-1.9071747027491852,-3.250562627636475,-7.012797674377613,3.8269589635808887,1.9373975762822937,-0.31202842222558896,0.4540218129453998,-0.4593241890634043,-0.09966385357235052,4.631044067697394,1.2365033219849182,0.3659063674469774,6.594992130623793,1.233288986873017,-0.7202408914600682,-0.2837094001740751,2.1644745356974515,0.07164953324420663,3.711542533899986,2.2573500800033264,-0.7786996414775708,-0.7822694157247121,-2.665633214991214,-2.4698319207381196,0.5773278370545956,3.619455954609394,-3.7775721985205957,-5.05202777606689,2.103457303546145,0.7539442374803758,3.425193370591872,2.3542105058643794,0.44111013814777433,-2.634482888576033,-1.319528405838472,-3.654575758450747,-6.21285104776933,-1.3794140157012136,-0.906059759842766,-5.1280616404177035,1.8635460822948031,-0.8462848923522293,3.3424840724977702,3.0759059238907835,-0.18441797464837884,-0.9983077416223014,1.1438792962238171,-2.831698894431891,0.05712940030532794,-3.0164023998193903,-2.244409400083163,-1.020733313636915,2.3769302124385785,1.586333692171163,1.7120217261003825,3.6368572996056487,3.685596140037763,2.2610101683765764,0.8234064817705864,-2.4715107681231783,4.213832478075327,1.01099190845132,-2.8417995245034633,-0.5094301320727659,1.9813238260391812,1.22809855711517,4.738599367100601,1.5629822358599519,-1.8261590257454519,1.033986590197362,-0.49800765166906696,-2.574956261424855,2.445321023463148,1.5909873453967398,-0.3408375386562774,-1.808922899202709,1.922368721575838,0.4110909299358329,3.3137077395559764,1.0373104794989634,-2.760185601956711,-3.8304697272332513,0.6329210334836122,0.4164121018791666,-4.782966105709684,0.35663029347591874,2.0647800549530957,-0.2042926387301742,1.9658875949406864,2.6027711864703216,3.534079839422454,0.0165214303324313,1.4023409464411478,-0.7848561360610427,1.7870106851965557,0.6679451227699599,-0.03333584621973655,-0.4942341086558172,2.814657268248516,1.6407850907623525,2.0863294720387207,2.313405123435874,0.45762357443902996,3.9439409706237742,4.927432420500072,-2.7884084449969415,-3.68287734854318,-5.700070475033442,0.3028550382738099,0.13686809007806777,0.9028819221348756,-2.884102499898965,1.7548303486812502,0.9023319235111906,3.1018050650575013,3.9107700102277354,2.7367162617319827,2.044997042092574,-5.134274259544976,-0.8712801282816276,0.37470815767179383,0.16765244322431827,2.0302659455049032,-0.17287558106052422,1.8845469545127662,0.7117961273726102,0.47633684492012757,0.39972946686868943,0.39318665566505717,1.228050252881385,4.02557144272524,-1.4369138961841463,-2.6263545259056267,-2.285450975616638,0.6312232985677453,-0.6439491315020438,1.5900047021798238,1.2118639946825023,3.166124931950115,-0.6693725817465014,-1.464396240911586,-0.9962119136062523,0.876259810665297,3.910768060538911,6.036792400383586,0.6974825377796711,-3.1663610958863875,-2.3889247042327706,2.320747218409669,1.511367370641321,4.390238556054008,0.6898949068499891,0.7308903129284503,-4.093330680341576,-4.893479627377585,-0.9062396553463455,0.7573699516091132,-1.6184770900775032,-6.7874179013179194,-1.3124402758598304,2.105978095691799,1.4042630507959786,2.8152729843151474,1.7106229898268128,-1.3683161403292659,-1.7519755579124618,1.2051707334369626,-0.4455999713077195,6.414810924825059,3.0130028761848475,-4.026625249463974,-3.9244989122899216,2.007813522129994,2.603835939189307,4.37928191486845,-3.0331066404006717,-1.0883219012712053,2.830717699959324,5.583490196863009,-0.5155090622277037,-1.3881426780791664,-0.04956580506387132,-4.086600781136415,-0.06183291366319891,1.7872418861724109,0.5848219206115115,2.4054487203856088,-2.8985888115658685,0.23911516997235635,0.5204079891587183,6.0904176834893375,4.561586951997135,-1.3771858937398005,-3.0641526837683952,0.09431085914431919,-3.2529556194870515,1.525062294969303,-1.215829755283483,2.4979022934366104,2.955050142506614,0.3064181112090606,-3.390457484813946,-3.6578477055665495,-1.6251391327336775,5.194732308229862,0.5284605612431201,0.28258902239724576,-5.420418790493561,1.3777989021730976,0.5201280677100346,4.132086709334134,1.2888104717676003,1.363976021982202,5.218435625119332,0.44211067317881786,-1.03962160378417,-2.0232178801004674,-0.8732978133895108,-5.30926365016236,-1.8957049364688103,1.909556029425267,0.3721880983995363,4.321101042032101,0.288410623606578,-3.0990728379512547,1.9831034633973843,1.2252374420777192,-1.7238175618049465,0.3182970759513598,-2.2014219646546027,-4.28208284616971,-3.1872369744860327,1.7098563516060448,0.559874862907421,4.279379678149599,-0.4035093364138758,-1.2841179472578421,-3.172854417641434,1.9877401896601132,-2.228498631492416,3.7588590127307864,2.1477255843030063,-4.0946874434659515,-1.8822538596578946,1.8740913961153003,2.6111157982081434,5.657752314928176,-0.14318036829286834,-1.6969108684101417,-2.6177361875102667,-0.3264981527119266,-1.7589971120572645,0.024256312824805882,-5.052300117314873,-2.137389535739298,-1.0637796976816765,1.8089490722116732,1.2109365963848253,3.0262923459309725,1.4726902174128091,1.561157965186797,2.11927553879219,0.9885325396442232,0.5866237561178193,-2.0464036152589493,-0.6705866352586448,0.3308665177521771,-3.07481193138496,1.9498690955536617,0.2975278806714719,1.2687666943838782,0.31253310179156485,-0.35753555509928414,-3.122535039322803,-2.6271086231120946,-3.5902798727835967,0.6167681962151842,4.12777312767974,-1.0754369830227855,0.1929016416653211,2.0989085121818105,0.2266450163842039,1.0861724006890585,-1.6034920539195363,-3.7796575170291344,-3.4442426337682983,-1.8086064630314282,-2.450550484033972,0.7931529845375945,-6.008658954711983,-6.13541570883558,-0.5635449231774384,1.6208994018519771,0.30304783066485247,3.768416474114146,1.0523710024180963,0.7260189086753625,0.7232836989288627,-0.1005902354197646,-3.4486565115057695,0.6857007494021423,0.4680919119453433,-1.5120890904966429,0.9297924352455256,2.4077098020976018,1.3077245265092992,2.8951892654272426,0.9486403196598908,-2.1425527475739483,-0.5171428952853778,2.5928449996253637,-2.1352311237526025,0.9725952038585883,-1.3389413797008842,-0.1335433050350604,-0.8636130358003185,2.052094907498272,0.8957364957517971,4.630309508630181,1.274060542829462,-5.072622833375718,-4.725942813125417,1.9677550479186934,-0.32554077969242773,-1.6673562027361317,-0.8576562652745447,0.8730370859490458,-1.730641781891265,1.6263916268900624,0.4935187360159226,2.126603118297106,1.1553614614977752,1.2108992267458236,1.7169391646365244,1.1442387254471593,1.5161531859765018,1.318906928952813,2.915706282229277,0.3131905357496139,0.14457423497125813,2.264661736863732,-0.3842463774752664,3.6862974174798704,-0.6217704683608554,2.246155596763127,2.2698797318359776,-1.1633823245930681,5.149401640576805,2.210327384652004,0.5104389565212006,0.983676398624709,1.808731099004615,1.88308816201749,1.766118949099369,3.212065125929458,0.03238449184089578,-1.3234504340539526,0.8423285509523318,1.2189298335094048,-0.02199690573726802,0.03633181983166845,-4.7550839345105445,-1.2732101816961876,0.26610467436660534,1.5857715617460106,3.016131963607193,4.401858913023344,-3.4573541389109557,-3.2101329975831705,-0.8599837424923275,4.448477477784078,7.965461293843334,4.877414462177549,-3.4772857962106345,-3.9518566869822584,0.9294112334175697,1.699287055762958,0.9063656901185968,3.931995806702616,0.8932314635527452,-1.9170808651669669,-6.888540214519445,-2.2454275762200604,2.2157516840067433,-2.5330484901301764,-9.85926141476155,-5.791739661039839,-1.2704027984747401,2.1835951491761163,1.7630083824389438,3.88746179761004,1.08475100160556,3.801754007055087,3.98757379794002,3.914217651814929,4.734978756375348,4.420749817535105,-0.38357721799857675,-4.5439563896334985,-2.181905477881492,2.171051455259513,2.7924325386723745,4.38315391348259,0.8398635597739361,3.389227103852674,0.07526028058962772,-6.469797555013721,-1.9338615513129405,2.872611587621978,-4.066284868174824,4.231490349298536,2.4565316006787534,1.93564819925709,1.8658530351953713,3.4560779126598002,0.6011311657243621,1.7529640014593235,0.1760132491838875,1.437458191491196,-0.9210563964018055,-0.80574172813617,3.666262434487597,-1.6085377249138322,-5.42513361170043,1.9400249621242207,2.2501962737720325,5.044447464168393,4.429344261184284,-3.8736135236610174,-3.0201245604797227,0.8071826595299154,-0.8969448360945066,-0.9701168105773449,-3.5062923044294045,-3.1832790739342736,-5.393714657783069,1.1514741011206877,0.8403606221037411,3.0048161076968487,0.4532680566493411,-0.972960181310577,-3.6094117486238075,-4.898549120239406,-4.31314827880035,4.260867679342645,-0.015300033108599303,-0.43118746600773394,-1.6627365547729234,1.884434970043392,0.6703255889459666,0.42099505301844986,-1.3256226264332769,1.450501318978374,0.23520794284657562,2.566694311153449,-3.0877599410214294,4.635294550581129,0.056615346102109707,1.3272245609264408,2.4468399132838665,1.971090786859248,0.12100984000336291,3.1048060035932097,0.3136655805366189,0.12568266386062332,0.21306753641246798,1.6083930009152954,0.5339895648048293,2.406538563165088,2.1246894149552977,-1.2404791278965712,1.672143755006911,2.1450731600475605,1.044369286413463,2.638789553272508,-2.692845361302108,-2.2004840327622968,-0.3231049759866323,0.5061698870793344,-2.9021186829921692,-0.5515710024647397,0.24057319524262866,-4.8890058469201865,0.8340996242065519,2.1333822560891984,1.45943657444526,3.7250455556710413,1.442396064791682,1.0888123859208594,1.2702293461770333,2.0864663861276713,-2.2682311535388764,1.653533169447019,-2.2899841556101035,-4.492503029996619,-0.8633026237625372,2.4854278073237555,0.9958018445795019,2.2842610526593212,-1.130646451004779,-2.558147760996521,0.2674253566272684,5.318709138111636,3.738783543873794,-0.17362856187130749,-1.8371842452727736,-2.348300082131978,-0.5395163227394877,2.259367805602363,1.775928998008023,2.522191584018225,-1.1894186217210456,-4.486008470432715,-1.8789415253495265,0.04635749338806482,0.5837493134634336,0.6537561202116925,-6.650830841300085,-3.97271356650688,-1.4886294077048863,2.718295536507272,2.420454486580774,4.650618959970945,2.645066965462841,-0.08673373132057736,0.6328858794109916,-0.7125905577446253,-4.350621889732735,0.28413342943186265,-1.7012798569861056,-2.11459107278799,-0.09956109715617481,2.0569933497783586,-1.239671558111614,1.3649925444503754,1.845537322542272,-0.550871207507641,3.3744790098476516,1.668844382825846,-2.389395840863346,0.6233360594536139,-0.7053310932018247,-4.01587672462662,-3.995707234872577,1.2697387170005423,-0.3505305493696074,5.634915440705507,4.549526647073471,1.856310460592121,-1.6978348915440211,1.2534638446468773,0.7330795887282602,0.06775253927039374,-0.6882517286093438,-2.737864587580012,0.43399146241270914,2.2393324188240538,0.9673569561974329,1.8039184264207322,-0.9015002688297615,1.16154227048565,3.0628206904552635,0.8342457621129598,-2.468565320722764,-2.4568398430343383,3.236461135614013,3.4365341088325856,-4.170238754530038,1.4147516025205344,1.1366798868119343,4.925538099434454,0.640741236573152,0.9680870329788264,1.8183395020920778,-5.020841972986633,-6.5871541086321885,3.0622086818956347,3.9475733781879216,-0.5705324968235624,-1.1525250223187553,1.8164386441742524,0.7849439853949828,2.4503444177524916,1.039992609310671,2.9891537710640916,3.5585109611828747,-4.409575685108394,-2.372346729547144,2.1406835701485605,-2.853566179016723,-1.4139085092934924,-0.44053590128899933,2.133359716600946,0.3441998002725336,1.9402697760346752,0.07808110468668834,1.1810303606130121,2.135399795726812,1.4563549511729768,1.4214357460849012,1.168081395529691,2.2769361884334987,2.966644810991028,-1.667405708904595,2.090352478806514,1.1062319097196018,1.5910933496573962,2.6950884483495257,6.050932425595893,0.8868061937303162,1.7199722838363045,-4.378107762311175,1.065079586932039,-4.201658431954861,-0.5972720726585536,0.6775412446810896,1.4921508317614744,1.990685182783913,2.4205553863301437,-2.2904578708867525,-1.800466886382749,1.0623922286956748,0.8220499654419301,3.0387632605125874,6.607818642047302,1.4221226238304971,-1.1753531526991727,-1.0131902951685792,1.7314359920057834,0.871085212483609,4.424719498188928,-0.009748480567679194,-3.166421259044252,-0.47633525768566953,1.8328600553525147,-1.2575125594485326,-4.51903027250916,-0.2843584245814786,-1.5358342836020806,-1.5128668552919138,1.9618239226924814,0.42119592773489145,2.532964467935829,-0.746318074502698,-0.8238341017639891,3.2464675716945166,4.157547388911258,0.8175806322930739,-3.309958430549883,-1.2298655747719598,2.4414149261874702,-0.8774384899314909,1.6366372419032307,0.05442277221110894,3.238044383370554,-0.2383193210877374,-1.1641555501615724,2.3333605035011127,1.4572251013157607,-0.2702370273814096,2.100485444300513,2.978583979975438,1.5989552979665775,-2.0236436637503235,2.3241803727520685,1.5111072117310813,2.3197930760579393,0.5236209698066386,2.923882900286979,0.06543473749756196,-3.105331610909309,0.3176361004292783,2.085412443838278,-6.328704406613736,-2.6754066237696015,-3.2047906994975053,1.9850462322419578,1.302019249649429,3.640402931417669,1.1936333814805626,-0.2683958972983183,2.884806280790178,2.53482778903272,-2.8468393855777907,-0.6380952441627744,-0.3510677230487969,-4.498389575179569,3.0912173699176524,2.228688028323571,0.04216767451955522,2.494524702200188,1.7727747155046096,-0.14072473972406602,2.1614894043826394,1.4661363037764386,1.1136210728767948,1.5013156739106395,-0.9343857731598817,-1.7293832126252664,-0.1892989509719224,1.6930355724624226,1.9806873132438092,7.205079678366819,0.19142970779911594,-1.5234916752168188,-0.46411278354053864,-0.015013993016500502,-0.3556123045779567,-0.5351236922082955,0.059931861837188925,-4.894198744535574,-0.09194490566040261,2.140728361891685,1.5761415478000282,3.9232262912686284,0.02809675342354927,0.33930635465331765,0.00018473806697495113,3.4593778106467226,0.20353225099486283,1.2420450261131184,3.029724706807932,-1.1181276562984088,-3.713360207865012,2.071731047849629,-0.5738620278484144,3.6122534340969596,-2.6692219800047163,-0.9279678904928078,-1.134562367723209,1.7238050967012009,1.4155161004783627,-1.6880066309401616,-3.432286577894714,-2.2396323968545344,-1.802513774687123,2.656378537491373,1.8267453847552906,3.5006837734236105,0.0625178958859943,-0.04784219858294709,0.7734083292896752,0.430425021546536,0.8569837943745015,2.0952891143741046,3.7356290390951568,0.08841339037862678,-5.1138755104578655,1.8474254221770088,2.324041610104957,3.4397810136812437,1.3765266103097455,-1.430463106909837,2.5241209875929025,2.675576718818854,-0.7004720300967516,0.6885285787835386,-5.996907998279903,-4.206410398006711,-1.2324314447988878,2.0163912821874392,1.0429359637913516,2.4337668470696094,2.141356321918877,2.003574794574913,-0.6617853083912896,0.704409635840519,-4.770196038187134,-2.237272428904062,-2.8857880307004744,2.6193191962523033,0.7033531985716411,2.227363071675421,-0.4628180444236071,1.46662618396291,1.8666461239462808,3.2102875218286044,1.7210873424553716,2.631454444615475,0.3832331842936974,0.8754675727562252,4.4774378963513435,-0.447541624729045,3.300453274230647,2.4280865839745727,0.8312846646761236,1.010504726899319,-1.1792592410426013,0.4403954718425592,1.7300838870395892,0.37995396909020834,-1.4809756691147344,1.1705308797636056,2.808677596342997,0.08538035573249082,-3.2625954406757396,2.0818321853243416,0.7780846556154434,1.5556217592178596,0.32680402419740995,5.353850707541354,3.6716572254926816,3.4402212774703247,5.015690182338694,1.104331974724378,-1.802825627895057,2.0105380968754885,-0.4095728966989758,2.008071853172855,0.7586493968610989,1.6266037745186035,-2.0382447270314423,0.07583147752307705,-1.734886354584212,4.372256275253136,3.731863223854257,-1.4636324010813364,-2.7831159857110377,0.18512500372268373,-2.9806556957761523,2.764751012997624,1.8889287522251323,3.0103890619206894,-0.6153401657418964,2.1407249379567284,2.446796280061079,-4.565384848915749,-5.477058881836862,-0.04139959392361533,-1.3342914945421684,-1.4487386271188147,-5.042199749267602,2.5174251001443166,2.437317339346549,4.78900584850789,0.5114282017431683,1.3185373030676615,-0.9858514947907181,-1.4298471728550115,-1.2720049411470846,0.4322129671934509,-1.1365393596489914,-4.896716033818809,-1.2571575768062226,2.1793943520145627,0.7104690588537665,4.430223556751071,0.6950324648529403,1.4186456101248248,0.8958437409968676,5.113924348642448,3.067060937949691,-1.9080266935875345,-2.5914126102950363,-5.112934779219844,-0.8643613826421975,2.315905274785431,2.4444634369243383,3.59767695317443,1.470499383808694,0.6258442739763015,-0.47682192561966164,0.8726775182704462,-2.371761103173163,-3.5633471990351793,-5.6243630864752,-3.165207961501497,-1.0312965286694915,2.2465649519142423,1.2062178020118304,2.8200046878432703,3.330533113767885,3.7363981245009112,0.7154212189687792,3.0552411925654854,-1.947008146792634,-5.035071196428412,-4.169310004720854,-3.1861771805410823,1.0726210564420844,1.8515399054530512,1.4312113350880111,5.600888053045383,2.919936831803429,0.11691727099660301,-3.3001049986118494,-1.8516921180855277,1.7879220100486728,0.4190408149089699,-3.3417125021113048,-2.907090057883259,-0.035985113806803345,1.794934644499054,-0.14168067235795762,2.317081059268642,0.8668204660297961,1.9397361596053946,1.5676547035168886,-0.014004786546460708,-3.969257161174507,-3.6344299038803825,0.9459499461804979,2.5540636098701435,1.5687748356136397,1.8745370252331557,1.88508047508798,4.683435035573415,0.40047678748343857,-1.5986005347417724,-1.8740525060304976,-0.8836868444163909,-3.291438009468298,-1.7024940377060223,0.8608184872139079,1.1026948540667136,-1.0188814095288674,2.3740826505189627,3.0504548789099486,4.680662764877431,2.2149507772361723,1.2039054703811092,-1.8587789004235078,-1.158584453534194,-0.9228688473025821,-1.498252681116796,-2.393242065421588,-5.7645722264101344,0.9758943110295639,1.9851326083897787,3.0207485646405465,4.8403892139153495,2.615142410036506,2.120897929816262,-4.408600568306413,-5.3182193910821685,-3.872951967491903,-0.7571661782489499,-1.3368612348065407,-1.6718398191581314,0.2479614369399948,1.426724139510356,-0.9133342347914246,4.212508533179506,0.7581058625329817,-2.1494258661540484,0.9306190314935192,2.6889053379890973,1.8104680655873695,2.255379321812211,0.3337030231677119,-2.039635623498229,-2.0287133506857677,1.9850501592812166,0.5574878605578628,3.2989638535097714,0.28600508399587243,-3.111997884879021,1.4240604984652276,0.025150460881251873,-0.005643884950144612,2.4729441189145667,-0.943626311414535,-1.4694914825117098,-3.4753342426018508,2.009197371258646,1.7862504026617858,2.7836491240394934,-2.801274516708574,-1.034750731994917,-0.3383730286511899,1.774319284592104,-1.485327047015144,-2.3132261695660064,-2.933016455349929,-1.532816251841199,-1.8775698069357478,1.2709712806933686,0.9286447074064365,4.078215918634002,1.8218785808525764,-2.357904567119953,-0.5005025535127788,2.9095401362822395,-0.9570006768249468,-2.5170860294253234,-2.3921060621656363,-1.3299117185453961,-8.377025133966495,1.7254798165139944,0.24524980846574296,0.8230349632736904,0.6141030754677556,0.3293961780603505,3.034493757897957,1.4359565669819783,0.24797138411149094,4.399675723482613,-3.245762184836182,0.795955186251866,-0.1190993273750523,2.247734669889321,0.8379882811672074,1.5753814923076992,0.07621434235883075,-0.2516864229484834,4.1592080590845395,2.809745714201114,-2.0618847071472017,0.3044440126882334,-1.9421469114957555,-2.07384598533487,-1.668445534587841,1.9583969985276797,0.7043840064713779,2.6266986941978265,4.344414819574826,3.693513500357778,3.950320824297325,1.3461459600015693,-7.281101618551498,-5.249318641563571,-1.18167669489928,1.0356801583946997,2.547892756878014,1.4413116721275183,1.194613775154412,5.298523624032314,2.8047177851448835,5.058712949744897,-2.3565678445555074,-0.3342592102714693,-1.8301759519701963,0.5466780595632019,-2.3617583688558876,-0.18376662509872943,-3.8580874130222393,2.1473054521295794,0.8156459700645068,3.3784429440096004,0.9950122657966513,-0.8828252588364792,-3.456846260848837,-1.2387832932902847,-4.092109668994883,-4.266848262890377,-3.2771442036362677,1.4562875008406526,-2.1987447687287442,1.745218682216475,1.6639261925660531,4.959156200028369,1.5156556692086696,-0.3192426268814873,1.1532155520288705,2.5134060286898876,-0.33242335318692856,2.2681209094145367,-3.9545647264684827,-1.1101900109575797,-0.5327532878703295,1.8957635934285428,1.5015206035693482,3.9880355515162065,3.3508106608509367,4.481995007797471,2.5079918049162337,-0.6324206641145685,-0.27695124808200317,2.2890257773912976,-3.5060883001783965,-4.475543859534063,-1.5938977148329507,1.8055271829454398,-0.20955822051787668,0.4269142804046959,-0.8059011465914353,0.20654215080991573,2.578373304792839,2.0780123331884823,-3.7863735203094433,3.148492912982283,4.458602370707569,-0.8339282903473013,-2.5368575189733757,1.9987581891125965,1.0232535945430299,1.3426330838096079,0.1552816438268243,2.278701257588479,3.6226265072936252,1.809094925337225,1.9560199358516206,5.339194900244583,1.9169581609602282,1.0517067131696562,-0.04208082412910547,2.2220120480691206,1.4472590567642156,2.8208846115496353,-0.18668080787043673,-1.9865058243057119,-1.564813691583419,1.982923315652482,3.145068049147094,2.729582145449749,0.9925944061497938,-0.45892485254294835,0.08008402031072202,1.7338983302630802,-0.22152090805306587,1.7607356420297828,-1.643409108471218,1.9872199756620805,-0.5601930363324271,-1.2572950612200966,-4.126053079152508,1.4643908434185218,0.4064601486269991,1.1425466529083115,0.5955629626156266,1.582906127857197,0.22589804638328645,1.3073103176546057,-0.3186989442585127,-0.3069631216153591,-4.217086426781435,-2.9728535872558903,-4.290631500643975,-3.872801541148729,-1.9725562590017023,-0.7041080637053665,0.7983416736572228,2.6501432014881137,1.5664485874699399,3.2636637626160363,1.0749345205601972,2.5361051564631483,2.9331171819179924,1.4953978338799223,-6.576941915992565,-3.0364150114030064,-1.5829592907991732,-1.3666223632341996,1.3567040874089185,3.0234972915037805,3.763763489093224,1.6620228650357862,-2.3976781822223066,2.80330502453987,-3.8955679572726907,-0.09754772562760519,-5.234762623907289,4.619611749068602,-1.0683612838468515,5.9048726618293275,5.964224906821892,2.778195946151932,6.007908661289594,4.998105178743369,-3.814955568650044,0.04479492832491787,-1.194290233991834,1.8025184829493368,-0.9359475518799543,-0.6927344586290525,-1.7596910446145568,11.440440523794258,2.930228361092853,1.862675544118787,4.674442553614094,5.736971913613188,-2.4221981906698136,3.6724898600161295,-2.750463883927707,3.3239029120621875,3.085152108705019,2.309853027959377,-3.85221558526245,1.5026223272197243,2.221395987672765,2.1977010381555964,4.315444277790138,5.068490019893215,-3.7785100935725815,1.1745028472914172,-2.1245435760596774,2.306003277163011,1.5223920257840893,0.30774273383023737,-0.29676601516496637,0.32017352385569164,-3.217670955274727,2.79733803060338,2.931561341045182,3.9655827471621383,0.7181220589288482,-0.31079910542393085,-8.623029701791125,-4.996352189870799,-5.877841892038779,-2.9374313339855522,-4.258160435092892,-0.07161811078571918,-1.0345423968584186,2.3292874227426967,0.806270605184827,3.68171125189374,-0.5606155777251187,-3.631409096063396,-0.6240069541063444,-0.9130973214802003,1.3069108790520323,1.6730083683125156,3.003493866889539,1.9115779030044444,-1.249241225812359,1.9032993640700109,2.741711526349965,4.1237803807697135,-2.875176258369432,-0.3073755232206223,-0.8319031051893444,-0.7769983886033147,4.1400464109640245,-2.529463161462223,3.8395148318449244,-0.07287280163060304,-1.3145070228113065,2.2607290481975335,2.5672754835674363,3.2259342566399614,1.6743362264326158,1.238770351159022,-4.1621677694332,-3.6738946054556103,-1.634581584063346,0.8609283508823012,-0.9597530306090185,-3.60727047020786,-3.4217312060420424,1.3945479311449167,1.7540325320450485,4.014461889358906,-1.1574758737469215,1.9005993999763522,-1.6867535681439008,-7.1998762461071895,-3.983490347780909,-2.447363382370662,-0.39765659686734595,3.427929329101766,-4.5495810869557305,1.2381345883773471,2.890092846365979,1.2093616947101913,-3.14178713707602,2.160993015059154,-1.391588484819463,-2.9263566141937405,-2.8526978444816145,3.7098480300468184,-6.202157216557644,0.9188591293187293,-3.025360665580058,1.784193007098565,2.4361087290095393,2.45223857388203,-3.8256397693486446,2.3066728191841617,4.733176996782137,0.9424780577904619,-0.5252200949969049,1.3069173205281766,-1.6197280557949112,-1.1280876102446928,1.0283805950480132,2.3942065300148054,2.126028594501263,4.9751129444427855,1.0433466418041164,-1.8031910929723958,-0.7439940514344655,2.718453976479105,2.6772475191341663,0.150561946000268,-4.662058472931698,-3.63733261887618,-0.17005354985184942,2.1185043650427913,2.000699579831347,3.3758462513874528,-0.26230123862704846,-2.580224967404069,0.00496172483208807,1.3202743411150017,-3.038941167347318,-2.6640042869333254,-0.19502820940201898,3.191136387501813,-0.5992276683690211,1.3113188559620752,1.2313385337393503,3.160356227474896,-0.3346387126739734,-3.796493636696605,0.060953854914989725,-2.2509814166550695,-5.1631146477617955,-0.8970059616071889,-5.237088850864319,-4.574008884837488,-5.409168583921592,2.3121867064179127,1.626745527488522,1.9446368285751465,1.3583493388780725,0.678150241167958,-0.9137978369506616,-2.6836143143201245,-5.450992998999957,-2.7538814684291837,-0.1273230988062008,-0.09109517919300172,-3.213497047183748,0.5569303360890934,3.773909854103005,2.8049012144499237,-1.5648903820537934,0.4890132457912356,-2.897763164165146,6.383872513664221,-8.75895394232602,4.843667253254697,-6.0464392214493206,3.4178464227811345,-1.0700064043876671,0.8410997793964043,3.066568615642742,1.903244373995941,1.8294813155261813,-1.3485709730861732,-3.655452937404597,8.56432247859349,-3.6710854629777065,5.161691171739937,-8.168686232040912,-0.5396554892646671,1.8919872525713048,0.23658820748387158,4.442250636173705,0.5033352647690532,1.2944929259454152,-1.9353758913300028,-1.6265951959885925,-0.3135123652862016,-3.4781651558904367,3.08581516635189,-6.877528487839357,2.551528788404026,-1.0010108504462736,0.7441664889915546,3.1165725602810057,0.443313858990543,-3.159691311828186,-2.927288670247833,-2.221042362627943,2.5271364684268685,-6.098733171407584,4.305001217169023,-1.0949939564992337,4.920745916126884,-2.21733310643649,0.27957683400258276,2.962656320863853,0.025830224635481073,-1.048670590029532,-0.5223546527525428,-2.563521804064165,4.6350176420711495,-2.5868138232180833,6.689402453576232,-1.524156148871494,1.953773078518111,-0.9094182560348403,-0.9288887562856905,0.6812557835632701,1.0334277667689185,0.13449885808497905,4.697187286770586,-0.7578658508205154,3.631550262683797,2.173947736859376,1.5716683964706881,0.9176326352671046,1.585509771317514,-3.004043264172238,-0.2351637852157921,1.541605080050148,3.565236968882556,-0.9502828511307613,6.466665832232723,-4.226639564408368,-2.0623477663332546,-1.481504376119689,2.9676678821651405,-1.3058039115590934,-2.3961469473868617,-1.994929557194203,0.631956199396798,0.6972228609677851,1.6524847727791059,-0.547833803096049,5.816842037490402,7.662430741558284,1.1105604206506359,-4.618918815907207,4.7577809554654715,-2.682259758707347,4.481578960575637,3.731802006930045,0.8925619834762387,-1.3379939668904937,1.74982286290314,2.7621209111691845,4.6607551448215165,2.1659791301263334,4.677821995112404,-1.6293976043311509,8.263245449616694,-2.97172577189909,3.431882056769634,2.1482470230821913,1.1562239596482027,-2.7157776765904424,3.680535177535908,3.831285682372362,6.585720156847655,1.2972524977377962,4.833979041841825,-2.582419695400194,3.817737283126992,-0.9858065441455653,5.2376985385555175,0.6913764917822869,0.792005782904871,-3.223887583132229,2.653365127078693,-1.8026867477154083,1.3035282805755295,1.5183592376097788,-0.05155379298322049,-6.380359089774563,7.385130106956035,-1.0737247367326521,7.1664150686723405,-1.9412155129758104,0.12115990491140315,-3.682681065329571,2.819884403895192,-0.19394831271598825,4.205919382135574,5.146383649269773,-0.6957403723486795,-4.634669449872876,5.5036657209944355,-6.001793805826662,11.158189846253814,5.488028718077855,-0.3188855771741052,-2.9537192510921435,3.3190388303289264,-2.1100884752419353,2.420431149740889,3.0066653754923487,-3.1482292891650423,-2.6187030160805933,8.27424709053888,-4.784554819817019,10.14835904446133,7.420229896490854,-0.5618446536777062,-3.4197881762797913,1.5194533445799896,-3.7575090896442473,-0.8425885813806941,0.04086993763261762,-2.8959279190267186,-5.71639952035775,8.014214867271363,-6.00249128849587,4.923677894687902,5.823828180979374,-0.12188766256409124,-3.0620525349542955,0.02709409807011694,-2.5863967516721442,-0.11813931650008705,0.4758079521401932,-2.296348660746788,-4.66051623571739,13.693629157070587,-10.015671352025528,5.1316265141823,8.259886496135712,0.7677180505307469,-2.6436798099549215,1.4482010299406511,-3.501756890044957,-1.7486605653799252,3.059282540799246,-3.189310445454224,-6.720849653297265,9.868908410828213,-7.287092609172167,8.4849995531635,6.657834155620403,0.8061280142954387,-2.5853474774147935,2.7620574771397903,-2.3384511068955334,-4.537968175957126,-1.3410257065623097,1.1562882361203513,-9.566529876706419,5.982027609902293,0.06751023223429735,7.107490811378473,8.385479606352181,1.7030033415892054,-1.2221408458340963,0.5779807489067319,-5.523210133180325,0.6020749367179292,0.8168176433700487,-4.116209682990982,-6.810060342276948,1.0512132972895838,-5.370326371286025,8.25969548874322,5.153188715391805,1.2872049768647114,-2.659885824837462,-0.2632099861240907,-4.737533060417779,-1.2600144609635544,-2.172022576850366,-3.6150123865788957,-4.931678070911627,4.079338757195226,-6.971234638296313,5.558486919487709,5.631990533428846,0.9787731406873331,-3.7886384811452847,0.4407820373483859,0.24290418583540158,3.496972350685897,3.111823755574764,1.1917838227475646,-4.46362012308533,0.3131617272162168,-8.73597177044991,2.6007173159635744,3.133861889969111,1.7857001916929673,-1.5907989957747868,0.3245618440435538,-1.1568976132254998,4.623621518511993,3.6763782478928766,2.283281943831768,-2.612850224147655,3.7394113941622713,-6.975885732282312,3.645800038660502,5.447037360480958,1.6662975145830627,-1.5549786016669664,3.392526521643378,-0.9350524290070379,1.7643474148435687,0.7705183078248458,-2.8823025672198272,-2.2428396684907588,3.5142578981212305,-3.047338394660536,0.021523259915909112,1.7388248363635976,2.3309812859313466,-0.7131465743597346,1.2221487648360243,-3.354150411326598,1.2971625137338127,7.433613325542126,1.5445247575250023,-4.881166977643557,2.1426876498478715,-0.9391874015931405,2.6591604951652568,3.419515181633022,2.047971057380537,-1.2839675930410073,0.9959064382315711,2.7214178969207317,3.531456556627492,4.515678777976796,-0.5496260091877583,-6.903962134304753,0.7212788659814526,-10.693106176150375,-3.012594569879963,1.1471408194903938,1.8062623366162975,-0.4291009223164304,2.01002113671928,0.9389645668327593,1.439769098501247,3.504392443885925,0.935127677418861,-0.22891329050477974,1.5093603605368575,-5.8952345798437324,-5.892060994388469,6.0114953652829906,1.7351954915915029,0.5948118090880734,2.0882099189736323,-0.9468083311041632,-0.709085421666641,0.14097166835042485,2.392912212743593,1.5157044159653708,8.04006783088713,-1.3137274757976245,-5.743970022274638,-0.4815413058410347,2.2734260920593186,0.12376397470588298,3.4694008240198446,1.1054174895392077,0.8201963523914159,0.9969680223937779,-1.4058067944161539,-1.3211157116833747,-0.8898074075283654,-0.16516121901840128,-0.20561116552510625,-0.820586672620301,2.267929498995633,0.31452074879798264,0.23046989505015208,-1.623413873679146,0.7642314744868091,3.9769498601704663,-0.5182173222930115,-2.327723131598464,-0.2034232602779907,-0.23040561053978295,-1.3495677266347126,0.27216247325040027,1.5075762211250594,0.6049193784049993,0.29940147164150344,0.11015642428539572,-2.826846095372795,-2.838613993857249,-2.9775415079641445,0.15105840257634903,8.56760796503981,-4.603485948649915,-0.5139785193030711,1.9960311519919705,1.8250632638317135,1.5815845007751734,4.668448449565789,1.2795056051108589,-1.1155665684626053,2.0805657675174687,-1.5698266819997584,-6.381398790805095,-0.07141705375044151,-5.378353595428131,0.0620536278733735,0.3159106435137564,1.2543743035586945,3.2140315612941537,6.827522507326941,-2.6092212266629766,-3.152216465723881,-1.056999732248282,-3.076838923500006,-1.9240506843032528,7.611965607539164,-8.329607860122373,6.9992598297257205,-2.4256136491114133,1.4663625592528102,3.9835898678683908,6.118267190536718,-3.642872667932416,-4.942787157550483,-1.3865861424593713,-4.542607262619559,-5.0328485948265955,3.086669400029652,-11.485295897604935,2.228614821259826,-4.981886247132138,1.2526781357893244,4.345854824859558,5.4704909174722856,-6.975445126775767,-0.7314254095575151,5.225663837296286,-8.959100302146421,-7.0742845549685756,3.8821081572844562,-12.003932859556235,5.132204212658178,-3.658078442923222,1.221315945694346,3.1690234981207452,0.6631342749429346,-6.968485315047572,-5.074726816271892,2.429066304956099,-3.6664530540425377,-3.937399113325611,11.869542521438726,-9.100018005466556,3.5550012969745692,-3.12824627147297,0.9330233869115164,2.254957075331931,1.70334236937484,-9.983132096995766,-5.237167005273565,1.0708380584910056,-4.971744388405049,-0.7903659530111617,6.113059747455719,-7.448559509402857,4.983319406746881,0.4408658023985489,0.9469770978344824,2.3086641647267503,2.0512535617066763,-7.88144941010848,-6.825457663460742,-0.15894869342180448,-5.615032902884036,-3.3948670261125966,7.5766501905683645,-7.415983277611318,8.316980721249392,-0.2623849612882949,1.3471770644578553,3.661102188281195,4.067876931748529,-9.73718953518601,-8.568998026174796,0.40290111794543276,-7.283041671203204,-3.657901837379543,5.792703564191428,-2.029369552630239,12.573629125046136,2.9105253145769825,1.9926527768360458,3.43877944116114,2.9974472948477846,-7.19013063292053,-5.073310192935177,-3.368038126914181,-11.350586251721888,-4.280742742253312,8.514565811603298,-1.604355504643194,9.931038730041125,1.3646853704403126,1.8856699341530692,3.159296269954208,0.8523693817450732,-8.33591219261336,-2.1871000993214547,-1.5259280546408467,-14.894935801008907,-8.908526043691818,5.886177625071883,1.124860013795602,12.062050728228789,3.6274626628366824,2.011369180226277,3.2532643388443305,2.356458323309247,-7.896134671285125,-0.3098583139404017,0.5794908967380565,-13.118837108447478,-15.027354721681874,4.646301347806008,0.8839042187260931,15.654786901330025,1.2539067424444126,2.073236374257815,2.7388272920889682,0.14116023896993785,-6.828883052863637,-1.0263181163214334,1.6350138523684234,-8.958909280456611,-12.251953445305709,5.216980968336013,0.07401234713934828,10.427330504663045,3.1076814961725505,1.6227681564674046,1.8977547779366748,3.289612527801431,-2.8551773353459615,5.98764844142582,2.395486349240342,-0.7948344483637683,-4.5847735758398125,4.5064608672285065,1.491057325175552,3.019527974244951,-0.957710363215242,2.6907181613688405,2.0913822511909,2.9880331403414977,-0.9014253988946459,3.465650262326255,-1.8953396635481523,-3.66505700846468,-9.522037218687169,4.897402835202733,-1.5221272046526244,2.9482915217731875,1.3015480451476473,3.1946581179735345,2.230105484915728,0.9666598980727824,-1.5711287158662082,4.430925635117773,-6.2996212314769044,-5.662912835713427,-7.693186823589492,3.8794340103975524,-1.3391346689798784,6.749853748898189,2.2501975995313868,3.0863150132160944,2.4803421123626115,1.739383831284637,-1.6363550155001514,4.779054179834468,-0.3710698100096205,-3.122757580121986,-10.785477477012208,2.83715966675654,1.194674634403989,6.282280150504075,0.397817610825329,2.8260504741970385,2.044804694260577,-0.4108489435487881,1.0141987191198367,6.4754177792258165,-2.4366061684784546,-3.046985780870063,-11.220679661963018,3.5853241939940403,-0.5298612524119535,3.9033407427853253,4.511824378969073,2.5435773743032004,2.432586602303836,4.603721158985453,-1.155834357342348,3.9057155108923873,2.5198595712199228,0.20432939149204277,-9.725338311988647,0.5361662468866979,0.9815360731725836,2.732760051939011,2.7221937062761405,2.880599397216227,2.457191406774768,3.3958479772390344,1.4509950714802324,5.85173255499822,4.165360242489335,-0.6337383983611948,-10.737281000102943,-0.9084054843306715,4.034691251383226,4.2462920865037574,2.581111182482389,3.216480039104236,3.2952305061380045,4.577265528316076,-1.5139725395648613,2.6962629978367647,3.8835875913001394,3.8398470599791996,-2.8561144825748723,-2.926471175789575,-0.25751754892765677,-1.607266348087682,-1.7432626063048744,2.9144612020119136,1.8257310819448545,4.912795966859813,-0.2152524713624301,-0.0035188357395494513,2.7846450069551083,7.727034348626322,1.934646823571923,-2.3894570640832034,-4.570716729261174,-1.9576394750972976,-2.187009177738533,3.284538567081193,1.6134041966382613,4.261963752839081,3.203768980417752,-0.6078887443293635,-2.3841313527196673,-0.7623239086135914,-3.855637730447266,-5.380329648396828,-3.3276263407157667,5.788411732187745,2.584020437673118,2.534297231511594,1.6340450004129587,3.866933928731146,1.168422755032695,1.447576026122437,-2.0699587118208163,-2.8671289016891595,-3.1907858125012174,-0.7321479306061658,0.725125479374303,3.2181894616099984,1.9831086479366529,2.5343502145644186,0.9375472314922646,2.0844029275675218,3.5690505559770727,4.01831027551472,3.418016873548108,-0.2839347357598646,-0.3366459288833678,-1.4078799118152234,0.34857447038628214,-3.9225640445020424,0.7627578526202459,2.477951715374299,0.7501579246009161,1.7228341777783933,0.19219403338407529,1.4508204988764295,2.777083718280537,-3.1769882967116727,-4.1560653968129175,-3.591046941265098,-0.2592525497302336,-0.08933963365686767,2.441862598677365,2.423420855918096,2.4041310044170214,3.7386949620184398,-1.1339241215453555,0.233147191561848,-3.2163936128588793,-3.172522996178546,-2.7528869406744696,4.153843470619169,0.3775369970487854,-0.9006864083940451,-3.5576696645452683,1.6921923388514908,1.885788245884015,6.592966441520337,4.085483994284885,4.894077685526608,2.727578852645398,-0.36891231680851755,1.4910867007186046,-1.5159381118600312,-3.169012180833182,-3.7947505491149665,-1.8789223434253122,2.359144202880985,1.156765454571546,3.2674680549481305,1.2796959570773716,3.084689889415033,0.24647508016567507,1.172307243796176,3.2238711814332848,3.7246265377411625,-0.09862923832036856,2.4250000265146854,-0.09654123899190209,2.763534369286224,1.1578085805620613,3.286665870254101,-0.787962182611931,-0.09120403711737592,3.033727199772431,0.5821658116810873,-3.0473919656397546,-1.0008006410663226,-0.31338643875502536,-1.2464900162593324,-3.224426872193342,2.2549018622211223,1.7898878021694924,3.0432885988437692,1.9335659584340699,2.214483702017136,0.5685304583934111,-2.2743239000586764,-2.5646478378814206,-1.5882807041099722,-0.12742544617780846,-2.998658679277214,-1.238163818295998,2.673455469886894,-0.14699829455453042,1.8564991223266376,2.66046157256117,0.8558746616842133,-1.2713160630182128,1.0826251238882258,-6.424023083183236,-1.5928550060404754,-0.7883630447958047,-1.8111285115116358,-0.008589161334621906,2.2912842005477447,0.6220018923213607,3.372238303531765,2.5419766598853397,-5.164832129490247,-0.5607115923157049,-3.1728696884486642,-6.7063743714728155,2.7984427640814054,3.1032605957891795,3.1087377611584524,0.23528109259631244,1.9770499655339742,1.7776437506045792,6.18352533440025,-1.0128312983877616,-8.151002918780824,-1.6215419166478104,-4.787134959537403,-6.205636847238955,6.23153549637248,3.58782025989104,-1.6019289031261583,3.268227643555326,1.4840623309334458,3.5768761798268005,7.239081004497379,-3.354719444310621,-9.661756070308428,-2.1040585396653153,-5.321360512775171,-11.222187410539568,6.327874735538314,3.969535458408122,9.308241666152414,3.2112567617135284,1.797103482458652,2.3635370433410414,4.669709505374639,-3.4340034997672753,-5.416738629371482,-4.694466739771702,-5.058464514362374,-8.062057766563198,7.986472169332,-2.5197909434813965,8.573272787481667,1.9911020490759537,1.4462525801832231,2.4371597101600426,6.658609049583377,-3.6454239378159725,-5.527907931818488,-2.192947985961723,-3.533915511997546,-5.5748960024983525,8.808553080308718,-4.322857516376893,3.887670823245318,2.91797700332344,1.6097694117470276,2.4068847138972798,4.640777042863555,-5.630293714971241,-4.538155635070242,-2.1502681616002537,-1.1972489015316559,-6.783845564217853,6.951811327650546,-4.72984704055398,4.077364363813924,4.967033385968135,2.0050270865140956,2.2911086601813997,5.214098586312924,-3.744333430062278,-6.629538590126762,-2.6807783309214575,-3.383854146890062,-4.677715910558996,8.985272824142905,-7.851183525159694,-2.343180522157835,2.9295238425825185,2.5656796034551554,2.364119689763564,3.3635083749604804,-1.1986258559980283,-4.862374909523897,-2.484586765587051,-5.609811639889532,1.302115579233534,4.673486915888335,-2.2070728017743275,-0.4445989564601389,5.295961178874054,2.5404582904097666,1.317698431281195,3.2197411569580185,-4.3660289337719025,-2.089105484324297,2.0713125482909236,-0.1862596163841842,1.922352885886009,-1.4939044931443244,-1.3658073408213354,-3.1668334855893314,0.00012692254364927093,2.160757227442735,2.714669251525371,3.600727565491286,-3.86001077454722,-5.12201803299705,-0.23862509612552282,2.577695607023447,0.7060529002830817,0.03969732526602175,-4.3308650420719825,3.789252412657247,-1.0956405526219726,2.773880104124898,2.055168064280246,1.829298814102279,-0.7676270922097106,-0.26873948343634424,-2.476827243669548,0.09279818944832385,1.0417586914560704,-0.7297513139020164,-1.3247237121381543,-1.2932319405642403,-1.8506576596752244,1.8916045204844505,0.9145735338009212,1.866349498138799,1.285341516396436,1.2193002741882923,-1.8570116937667984,-3.279029927060004,2.632292596978913,1.3108047342303784,-1.5855392155467949,0.5218588581103841,-0.2972618863262153,1.8493076250681817,0.9423019826398265,3.6021918383975713,0.3176241104054794,-2.800009761724325,-2.58127770019116,-4.370991346025492,-0.8319646937465788,-0.5538743712766546,-4.898513104854943,0.8262406332669766,-0.7733865993345277,2.1189963913744045,2.1946861698810087,1.8213900640170164,1.2141494696487283,0.24285634023620303,-0.15312462607843078,-2.3364871610084608,-0.5539905926207768,1.9505441883045973,-0.5816858107663587,0.045110154120235904,-2.0807329584267547,2.3690330890377025,2.494279610860321,4.498460589484364,1.8581026110914243,-0.7638045676148216,0.18998091459496022,0.3056374154875288,0.4556722203488932,-1.93755226341723,-3.9233181802882755,2.475615130424975,1.5134140368628413,2.560106412337725,3.6432854476899506,2.9167864933150067,-1.0355185442939303,-0.6758010599782899,1.7996586844352844,-3.326020525897708,-2.6253991175479605,-2.017155657577797,0.46722296958622267,-0.6516809991220237,-1.8110075215691819,2.435500386047411,3.1355287916530705,3.088226570504271,-1.4298289319911128,-1.2960401421603032,-1.0759768861507517,-2.2191903815180094,-1.9184370187995974,1.5391637584876423,-3.9779939574654253,-2.346816669682943,0.6144113666450756,0.7311673589336148,-0.19904399859106728,3.4887911040959194,-2.2287872819378913,-4.487120230455577,-0.6364292650593972,3.5742002517883704,-2.746648280054334,-0.2082489459461775,-1.9520129055508568,-5.582818285676653,0.5516259673776449,1.8363592169547585,0.3878461933994108,2.803685519018131,-1.8286580873019418,0.98017065367329,0.09850897376661333,-0.04013020602823229,-1.8551262369800237,0.23881238627612508,-0.049555171164078454,-5.502205106887565,-0.400412985526155,1.8242995496229706,2.1882999556702516,7.097168784098299,2.20499898098898,1.0108008307752339,-1.2891144004735415,-1.8779668661544127,-2.7901213731506997,-0.37954600056856913,2.9179235492891054,-3.497258764844674,-1.566917155257078,2.0778325942409186,1.0925713284716985,4.929669252903114,1.3732538386367332,0.6099158068134605,2.4058171682823692,0.07323868660977087,-3.999529441102731,-2.462418270440364,-1.1503413370819071,-5.122816349611007,1.2235842615362067,1.936766923530802,1.8755516721014913,5.899550991016637,0.2669716935672443,-0.20699533355611666,1.2171084020396514,0.36703316595789615,-2.105820754047945,-3.449533425985414,-1.4178410890923445,2.106562682475514,1.2602837705033083,2.430557230392484,2.193085726490097,5.714714122995504,-1.2101977514186826,-1.932341887571752,1.0433556726451823,-0.9187466305564714,-7.805398920876884,-1.6596827053283032,1.7226535391095719,-0.7124036887702246,0.9185248072668244,2.4507626223572174,0.989546421811666,3.449012137435966,4.0932012774596025,3.0706571283290707,1.5111840849374256,2.2704236241028113,-2.019429648570994,3.355991975804889,-0.33071367103885263,0.04833163459658894,1.0325790596078894,2.186718248598266,5.103689799977794,5.371223271903828,2.214408116925134,-0.9235659895753469,-7.554669628814709,3.212569724545096,-4.3411883982644595,3.11412117116854,-7.123680636059038,1.0337546216970384,-1.8930913782037997,1.7164141629900165,5.8688783521269015,4.549056527533695,-4.823755524557902,3.5826250460212403,-4.922089917017774,0.520203149076906,-2.419455798909293,2.251190814056077,-5.4363649937847365,-0.8665768210474173,-6.046146063075986,0.28348648535620025,3.818049324181222,0.9747237831335485,-5.015850859142352,3.8429696732933203,-5.145431217888487,1.5729757381530964,1.7508670604332905,0.5753006453056951,-2.6588787691798865,3.327248223375249,0.1617361626717751,0.5011516646604987,5.146817605283861,1.2160281356117375,-8.1626582709577,0.8324123956388328,-1.7955256610837032,0.4042813036581567,-1.2153996553758046,-0.6783472600574851,-2.565348926629222,-0.669081801748577,-1.7138197343866053,1.5396803053482742,5.71936239665838,0.42605929931531145,-6.073317420811203,2.041487616588698,-2.254504700875342,3.279183917829986,-5.4648134406906035,0.6693476096531104,0.28883617110020793,1.6613792609097051,-4.37378160266957,1.6011880978146624,6.296191268008985,3.846198732432039,-3.363762949669377,-1.6523672520000658,-10.09607918800777,-0.05723217913007204,-1.723550017018205,4.6302925275765165,-4.055844330450938,1.6105169405991302,-1.7553263383831834,1.8279286380334638,4.911974738671138,3.3150730438716742,-4.941963615801365,1.722424108468849,-4.606267675443756,2.4808870545654282,1.6987457130698511,-1.2685614106005196,-0.7765040317304558,2.303216945499209,-1.470535004410082,2.221112921540906,2.8141083922942944,3.699298481480841,-0.23399447765143733,3.3782514087802507,-1.4078183382966063,-0.9256707607607768,-4.075932574056342,-1.2486921698297668,-0.41837718679552505,2.4506227971188252,1.4995333641903046,2.816188341379787,3.500508660130964,2.135775497728273,-1.458472031877764,0.7327865254206378,-3.043949859827534,-0.30372323460074796,-5.877976405875917,2.4328408088152083,0.06869413596183842,2.8253830688425596,0.15774573074257303,2.863323388072393,3.290940035400288,3.4674920142060146,-0.16706451223028876,2.9043225982727274,-2.4364541115830116,1.5571830367659707,-7.2325826843334875,-0.6982174386977998,3.109384192261893,-0.2180744818577053,-1.147078932655124,3.0159145202276765,2.8882320600047753,2.959880376676111,0.1416307620475937,8.488872952111874,-3.1457394380248815,0.23379961670354543,-5.291815515961505,-1.2557953577588081,3.311898980879682,-0.07489924724731066,-3.212216660721867,2.770021159761609,3.135736277434619,4.223310019179497,0.8745970467813818,3.0452393064343575,-2.44249569801242,1.297318213830049,-9.556499895443695,2.2363227924754474,4.20734244804238,-2.2161771506557857,0.4727306628962723,2.9738666512033816,0.997543360297459,1.5682274406044743,2.071136742534586,7.036686173093005,-3.5481664102729473,-2.6745691170178922,-6.896131999258946,0.8892883471922232,2.2785588535297694,2.727161133433957,2.918218059983384,2.800200959855637,2.234169028656788,-0.08365743887032663,-2.4169620233542597,2.088997028366863,-2.4460685456377127,-8.53922554986318,-10.738329006318715,6.856510490219445,-0.6586083414289607,7.181942137299536,0.25588277026987233,2.953254939978456,3.4995660592089095,2.4497909655770753,-2.9841555051531605,-3.6374978454827422,-4.894814261284475,-5.227309945513067,-7.068116692276177,0.44335839362308194,1.5263532997149638,11.505082886437886,5.236241017376118,2.3744729142410574,1.6142524762599106,3.3467855628410037,-1.1290940518943289,0.8590586431679391,-2.4952993459461337,-2.514902086599073,-4.428644762364357,-0.4243756287665057,2.8492791191796507,5.110208459131312,0.4065602899560722,2.705693509440921,1.5048624145104141,2.227172573825555,-2.577990452635404,-2.546258808025287,-1.022829145630608,-0.14337650283571865,-1.3859001846227517,2.501322085458229,1.1254150215322445,7.002149725280254,1.190877110608911,2.6739255713525205,1.4365216404217414,1.6635165612899645,-5.5601730878197495,-5.199127171005817,1.9598822288361408,-0.39579078527953204,1.6251635773322357,4.4189358517074,-0.8754083644119975,3.5414393799243093,-0.19072967773876398,2.776698413275167,2.4238194169598155,2.7804016726717196,-5.362740268712845,0.015618997759547643,-1.4700444041793483,-0.9229979490260358,-0.08264723912289214,2.6445296234713447,-1.0565172186517002,4.689188764458013,-2.2804301628156107,2.2933152702816604,1.4247204291714621,3.838283366311671,-3.863610447771913,-1.9839655591793104,0.42992236914251675,-3.651646618280209,-2.020278372976718,3.8304265834145252,-1.6566884013928542,1.4883613400463478,-2.122389837296572,1.454173848027671,1.9245696091462634,1.1828130376919117,-8.896322804377663,-1.3399076468257876,3.622462383923761,-4.995553004442965,-5.061742643411882,6.4430705104386785,-2.129425673120453,8.478494777402018,-1.92813826549841,2.1668451516685616,1.826242177859937,1.2227205559019583,-4.250268453778403,0.18072080700930776,-0.23229130442914703,-7.1153732923829205,-3.625399085255397,3.9770624869893316,-4.75092277717058,4.353383830213592,-3.0238525474028126,2.4262506649997824,1.1049595139398851,3.0253370676394646,-3.7562949944647657,-0.674632603061441,5.134032412493924,-2.270556269058305,-3.347544442409253,1.2338901250224703,-1.4421465625865704,6.374191175493175,-1.57520434006446,2.3876779105516883,2.2283957449874996,2.406032648365118,-3.6971476964283294,-1.5025188617393852,5.6001801703158485,2.025012509893344,-4.646805954408982,0.2947645064792449,-2.1996113048204022,2.3349099594202265,-1.912064943958255,2.6502434119650875,1.6197826303984215,2.7743507755960946,-2.113369488199927,2.3063418277042147,2.2305672101695686,1.254465485644033,-7.899435051529088,2.2939894473694715,-1.3084132041871115,-0.5254337464573872,-0.7418083310893286,2.8021306526042986,2.8786366733963535,3.2091131743641297,1.1259797313500257,6.40117513477176,2.2696808471649117,-0.921204985178895,-11.602407628974262,1.2062901279159428,-1.527131252187469,-6.419415822241353,0.5049817784880866,2.6109266104751905,2.798806111207469,2.6467283939145068,-4.600733542015797,-0.30827283000512,1.8698127655431374,3.743015418502913,-5.933074193661147,-0.2815868804945518,-1.3440589755551169,2.795614968586624,-1.0975288790269868,2.6256278977734016,0.4742547919454775,2.505302676196285,-1.8690505865649893,3.63324805544881,-0.38070205383683764,-2.0774266713442806,-9.985807147634636,2.495125846648918,-1.9747823937215958,-1.5971003598198836,1.1279740305510781,3.0738435344507584,1.9058891972005896,4.52040514106879,-3.7930998477285938,-2.530364051404,1.81997027363853,-5.515546180564719,-4.444606801241835,5.292161662422464,-4.888444509835189,-2.143418733868995,1.1838346648873508,3.0182963495663615,-0.5770601032152604,0.10379284144665173,-5.916727119652049,-1.785757294876352,2.855571960630433,0.32483150765407715,-0.6142069208464511,3.229595371736425,-2.9662772437196065,2.3486142437628375,1.0038064376040414,2.157292425879169,0.04189735127156035,1.5826512434770115,-3.64975894125945,5.113524229257078,7.002042189351862,-3.1301932572111766,-0.3740098800466924,-0.8443884673328326,-11.117749862068388,-3.7067607187640546,-1.4808256208788027,1.7604535419583716,1.0833876796092217,0.68176827980707,-3.5403986620108947,1.0231855145886024,3.3469881065836944,0.2785936722905654,-0.3990460981818883,7.05364380956305,-8.858068457039696,3.7080808584358995,-2.1184245193137468,1.1548151323284974,0.4026430319222013,1.9369255362154203,-6.108372205182088,2.7397183435447525,8.638642780516793,-0.9485602720745031,-2.8790649203242387,0.7844804779401975,-3.3294192556145,8.653311518438327,-1.3429820729884545,1.421013613462449,1.3579288143665196,3.4055851383377624,-2.275319454465057,1.758942943624333,5.277809621864019,1.7092387398873563,2.517886852771641,1.190245035081404,-4.472461308330231,3.924265176864533,-4.406317199346313,1.3516436078010343,0.3709175212426246,3.649654169600242,-4.294584917748599,1.5397365632058722,8.120170624571697,-2.1218153949504286,-3.834957051843204,-0.2045910944497662,-4.778118012170939,0.7738163124067302,-4.114151458069107,1.5759531076607483,-0.8227221397332153,1.5268321083944902,-1.9101038914812085,2.8240976007052034,8.961004592871666,3.672175879831426,-4.872279725288019,2.408527967430554,-6.5947117371736255,2.618224084320178,-2.695806108625793,1.2784340180008937,-0.34945094381900293,3.26802037114595,-2.10585022929215,3.405747653997651,7.836138848160545,-2.9493182176465127,-0.4639439568720471,-1.5405860974624446,-11.598312091463812,1.4476527828912495,-2.429044239341941,1.6175414484058384,0.8918484386605015,2.0687556783650063,-1.104729166703556,2.5849598650560224,7.676451222926899,-0.8954478391440358,-2.157986311716525,2.4211290515483874,-8.752309453466697,2.139731650292646,-1.1216810381143025,1.633822278459041,0.010901535726402676,4.423280946957655,-1.8163859019625253,3.225757534883325,6.580069524530888,-8.294848943057001,-3.742120995392803,-1.0707411047181543,-4.9435485294001085,5.4490959832942405,0.176565117516247,1.5812217117122418,-1.9970292027338645,3.382062885443195,-3.019349647952284,0.8341046092731788,2.866125363936405,-3.7096924011150407,0.41385616653298835,3.208277058187443,-3.0194349280356705,2.429732944209733,0.379906365394737,1.6346554027472582,-2.8891705907063914,3.4321711628802762,-3.771415233391426,-0.802638413269364,8.841538817480435,5.331366818696441,2.265496165480807,1.0468937078319591,-9.404157436357796,0.5729385716383611,3.0879563500982226,0.6785583587452161,-2.562001452123216,3.2193494292029015,-8.112806455645146,-0.7454522859763157,4.336797538423149,0.651963627543877,0.2521605254625539,3.4538118011975283,-9.746649772225979,1.7460924312474608,1.1965392348441848,0.24564795776757045,-3.139503339646151,1.8514937456773326,-6.425833766028291,0.18727347092597477,4.5748184629368085,-1.8171003613329255,-3.211587304997539,7.138876294741997,-9.8785126994442,3.6675866482072026,-2.4430225392897538,0.050623973925114335,-2.525208642081346,1.703108327392392,-6.312757204558094,-1.911841765259499,2.9974098367628796,-1.5430033177857734,-4.03023640841474,5.346831784324964,-5.031234004126834,5.8571554412933695,-0.6203477244724334,0.09541718300181305,-1.4156239082457678,1.5699331170347992,-4.81877980101737,2.399367229757679,6.260791191228791,-4.386379879944849,-6.3261753963013065,3.7193345418240615,-2.2434953283335126,3.6791757859053846,-0.10549247717200969,0.3691948137844614,-1.3247216336331802,0.21222573687532945,-2.2115802716623323,4.27482735864663,4.154796333069377,-7.833232523654281,-7.696758472231138,2.3918583539203957,-5.629282423286019,8.266363121140627,1.1107671362672626,0.6349260394785772,-0.31734856820366875,-0.1263500910354265,-2.5822447741856243,4.859932932347949,1.293588094518183,-4.15678337468985,-6.363567552615201,0.07443774135473813,-1.8259825640484602,9.893779897973031,-0.5047152416188749,-0.2559381894680653,0.21098071444953231,-0.16615018827739933,-1.9583752904853338,2.7870562204434957,-0.5398215955969965,-6.605146481375877,-5.764108871361443,1.7594249491881517,-1.3425725731796525,7.875451640231585,3.610257227866712,0.02791398042113231,3.1205878271132224,1.8110061601842662,-2.7290753150979814,-1.0347984283821328,-7.321486006575829,-7.913354882088093,0.8682406873544802,3.5787976912750654,2.077978875636529,6.6159975334830925,-2.164733158200372,0.6581930321031435,3.564789931813463,1.2348101926568618,-6.060409913495925,-0.3558076118600729,-3.1497694308480964,-6.170236437510019,-0.6840667729777922,-2.854386078840067,-2.561708240855496,6.778871539485692,-0.4725616792260431,0.427938232998797,4.294404624387974,2.7503748652846975,-5.954706394831804,-1.2655623683410937,-1.4514248634299136,-0.715778042923802,3.372930617459495,-2.3588609594746712,-5.8750996182183135,3.040051449740547,0.03394273079687188,0.6554421725448235,3.9686048206380957,-0.43880982289245185,-7.551279037908334,1.3155846504143802,1.1717125575844494,2.850479702339106,3.79194232141262,-3.22995750359902,-5.600279371125186,1.9375044716323258,-1.7165840682726032,1.1188098536718452,4.762745133272176,2.1164981215352214,-6.819429181969201,-1.02298654880048,1.2955404225452571,6.523309362905919,6.681154261837293,-3.1173815414396238,-4.545114241233026,-3.394738238272487,-0.5274082908365371,1.5928106013472847,4.03177765946178,0.7407663318677198,-3.7172762846542815,0.8556196710557178,-1.9189014982569066,0.6292993303777562,-0.3314629682350491,-0.7211133440671481,-3.5422237546335564,-2.4914289811525547,0.43396333974800805,1.1083876472228078,4.632250025147226,5.185156817580954,-2.3659780423113475,-3.862804659467076,-4.474555177599103,-1.861889003889919,0.20746202018243895,-2.893208985285846,-2.271906572567646,4.172643876767024,6.743240476631891,1.1462679005523764,3.000858386461385,4.109891685471504,0.5445314921529435,-0.3705600116493169,0.09473867225345715,4.989712400850047,-0.6549974950141465,-0.049946227160710406,-1.224388396979604,-0.9261490916511772,1.7085900556153324,1.500032964408458,2.9585019416515808,2.8036229477731274,1.520663213164984,4.103747073450794,1.6742817655695317,1.7326399065601843,-0.8498139677260959,-1.7896505190392245,-0.15267063655309265,-0.26673599511190155,-1.250786412429597,1.9607262106850225,2.218557263312002,4.8663894276237984,-1.2632882837356478,0.38991493457425447,-2.7239639836011187,-0.5321153165487782,1.1275312453157942,-1.6856976976521423,0.9090660539681098,0.16004745401124512,1.844721063013081,2.3084237490236,4.5541916032417,4.745075123356071,2.2190595863024316,-1.8149444411964977,-3.2278533844260724,-0.10784180988704792,0.509892364350932,0.8731093976162051,2.1838089988292015,4.691102587630712,-2.01276859901034,1.9110794911324378,2.0086477489068533,2.9205536510279244,2.261742300715606,1.095550604742581,-0.26752437834275117,1.435085362784031,0.19415786258204606,1.2433861233214845,1.9429589838239338,0.3179252130588417,-3.386756458316745,2.1732135710209106,2.9821640098639706,4.714456961103341,0.8933754871607817,-0.4195031676143875,-0.7998016476845784,-0.4555611308394644,0.11758517780194126,-0.054553949207134626,0.45694700125186744,-1.1143850715389751,-1.9684810228239291,2.38512333648845,3.5112626502491104,1.848257142120668,-1.7193838025042674,-1.1668313452995804,-5.771131704204497,-0.768728458967354,-2.7118317350811987,-0.2644955046407081,-2.8379809731796835,-2.1672474481586232,0.9898304676108385,2.4918816948386,3.1118187963285107,2.457567385241265,-2.093080634114346,-2.1489830899148386,-7.653301419582141,-2.653387396793464,-1.1997598398969962,1.5996068690187468,-1.2037694068564677,5.214069914396618,1.2892649436883865,1.3079068518454373,3.058448440400811,1.5914586733904263,-3.1600426141114126,-2.24186342858987,-9.693786661924525,-9.538659580190727,-1.9912356827109046,5.805548583326622,1.9316549288348075,-0.07549857519644267,-4.315042223364837,1.1083315518550072,4.776076711865712,2.113504167796682,-5.977321101581204,1.7010998086922637,-4.812477712338703,-7.344128218872353,-2.5207710854412655,6.265978380611218,4.546376929875579,4.980709325682897,1.533798062653579,1.7214239227619903,2.498988440538305,2.4071680891863014,-4.334215683359612,2.7311303236462443,-3.5812322614044096,-4.256964417373569,-1.4280469967508433,0.6023654145999823,4.776016239438217,1.7799292663004807,-3.6883367286929216,1.5579442959771608,4.064096792765436,1.8066997927529709,-7.361120825021505,-3.2657210962785115,-5.1024029539966005,-3.077092026045487,-1.624157304232617,5.308261246295227,-1.4672627357662433,3.402955428000489,-1.6946300841679314,1.3622226129232162,3.9072938880827794,1.8604415173048938,-5.890577823749196,-0.22724649514367903,-0.9455317400384985,-4.205297070701682,-9.057857306363754,2.120836475801012,-5.042540211050532,7.589742669342037,1.4127029010030077,2.3168709493496227,3.1784279759006364,2.687158611002785,-2.702789407125395,-0.5159445523964563,-0.09514959401976775,0.5845221108927698,-2.7034156747302283,0.3375625029726801,0.712514592898922,3.1742373405432756,-3.838505015428975,2.4054150925218596,2.750043107267795,2.3097765217641575,-0.107381535095351,-0.7005430702291444,-0.5785510597258011,1.6766802468729363,-0.6734951441117168,3.1696771403937016,2.475875340497744,2.2229133756150428,-0.15359928930028904,1.8773469900891395,2.215501806128093,2.9711624276060555,-3.1633341801248482,3.6515875228496877,-0.0189833355545312,0.416500021217572,1.9896327793337982,-0.2092562676807524,-2.8394933262034674,1.8139362471715161,-0.13617066887121657,2.2089123471245036,2.104874676338439,3.0565929729525094,-2.7427268589278597,-0.723347314103423,-1.5305628020010293,0.5690549164577455,2.652504615161588,2.443942508503936,3.1166650573812222,1.9513786275363447,1.0435238501901472,2.498153433979734,1.3294718765977205,1.5941517388763453,-0.505542575178234,1.575801012941856,3.6496483469219014,-2.47029719233106,-0.612561186198738,3.4449842354289717,-1.8110467575299753,-1.4798172398983838,-1.4717646598355891,1.8501745102179254,0.6278446689829645,2.716845385187997,0.3336862515215859,2.4743446301390755,-2.1211962677745553,-1.379880422993673,-2.651393436532292,5.3650259555387585,-1.992932534186351,-0.5434539509631247,-3.7711273545051442,2.055984461640056,1.460891151178824,1.1186188915801232,-0.3339339450698184,-0.9857839713022815,0.6764497550070463,4.565901469189719,0.8043734131813897,3.228259260395946,-3.595627664886796,-0.1413709784016885,-1.106915699347266,2.43462629988142,0.8753319514130801,0.46079578296688534,-1.8249746756491718,-2.1188227783854643,3.269026157420898,2.730476671281359,0.011788655336440138,4.6309900657220515,-0.28657901588509044,2.0611228025261465,6.596762463090729,1.876175733175831,1.9546440717709088,6.125786923063203,3.2436384612128317,-0.701631556842478,0.6962938848614906,1.6534548032968763,-1.869355371920494,3.1008482573837655,1.0776328136688706,3.137319182178527,2.481562524540937,1.9367610828643218,0.9340488802863569,2.309642696037013,2.150225867147791,2.347086532310665,1.4409851017862951,1.2175442661071025,-1.9903770417514224,4.565519433663532,-4.011179900727109,0.6484486929353604,0.8106983559903542,2.3416026161126076,1.168403831876624,1.6758942304101616,2.419262013297432,2.968793344100467,-0.6901169581708773,1.0711993177535692,-3.1394647803669824,-2.2688993488579636,2.126790659013347,2.7290837435476436,0.26568384638634585,2.0595511597342466,1.0140694820286842,5.551030567875093,-0.32780648187930506,-0.060997691497917665,2.4381866615373537,0.23721923280063328,-3.7824759537012858,-2.198184349298286,-0.39358336083917284,1.28630881086341,1.8716451952461772,2.063341429781471,0.8128525144822667,3.079193757700201,1.143245790917405,1.958478876197041,-3.3517931635710583,1.3582156887366188,-1.442155959726513,-1.0061309172873132,-2.414712471041452,-1.6191316279911554,0.36985454722138655,2.292924827237349,-0.3290179043481594,2.0130971900083,2.3609079000723527,-1.360333855804558,-2.161930532705992,-1.018679556746469,0.23327115672093857,0.10579433225760668,1.169668782109846,0.6763492202296577,-1.046859617858321,2.4116825158078687,1.2101358706231942,2.1197074002513174,-2.373834887641582,-0.46391274831579343,5.352191463925116,2.244070129018011,1.1167831309553162,0.5431165012741334,2.2820002178089887,-1.7503426418313788,-2.9953857452445343,2.332519618333451,1.0827277191980929,0.7243231809257535,-1.2184391818714286,0.9685962114266337,3.54484168783381,1.184502014602469,-2.2438855386358925,-4.908328834825633,-0.8604726668515473,-2.1798000734001644,-4.7071830209609296,1.7371934367754414,-0.7249401453584201,3.41058860055018,0.4722785253266895,0.30850776491693144,0.21859827690469025,2.979301520816029,4.570849698673584,0.0363957877528475,-3.638264030484149,-5.2477019198729495,-1.4084632318501322,2.3215049315528695,0.9953956142219155,4.13174051635501,-0.25595760488024866,0.8784946670482577,5.190353844752307,-0.08236096524473832,-1.2515964560968278,-5.525916279070926,-3.2564980083232222,-0.6026340096083829,-1.5011076939761119,2.2448461985080663,1.1199184540071956,3.864810790543995,-2.1982083705715714,-4.945146534787033,0.4416487191186648,2.2998081070308998,5.4509429063094,-1.6296711600424147,-1.9133888550873646,-2.473859487237114,-3.4274876893115103,2.0708628352773792,-0.11513511537588647,5.097469443287317,1.7189996278606532,-4.01878239037598,-2.1441631252537214,-5.638393628089666,-3.3171588176726674,-0.2677980916833513,-5.17782433146902,-5.41438802684761,-3.7783946015363385,2.263093686884737,2.2702761811479,2.326589843951732,0.6901061347456146,0.42569001046717975,-0.7399195502842087,2.989886332934907,1.2812903700471496,-2.9711050262996976,-1.844569564555033,-3.2120633576151523,-5.711264082448931,1.8262165045077672,1.47558377443814,3.9708907007423475,3.4831911410837275,-2.0578117485606535,3.727396457222957,0.1736648602050762,-0.6787222870107856,-4.182114007526016,-6.019001861202735,-3.8459074715711963,1.3306601385679702,2.1127386269851267,2.6201793509947486,3.6887121456482403,1.3442185700881168,3.2593187908596746,2.0942251918152253,1.421539476177288,-9.551781928287493,1.4481028631245698,-1.755852134905258,-1.9499105874511067,1.4466687392471513,2.1351596470425713,2.4255237278457122,1.509184506359709,0.39805090634671336,-2.1924386073308435,-0.385146076770115,3.741153022182084,-3.4384508220186247,-0.3199877308944818,-10.11244747141932,-7.283617344616486,0.6364644403339539,1.6845804455335023,-0.9506237465044083,-0.9805179439991252,2.644191945611209,2.987736001524777,2.198409883279709,4.737897682470392,1.1733909504266948,4.3811188612865495,3.164817708195642,-3.7493411117491813,-1.8230188498563424,,,,,,,,,,,,,,,,,,,,,,,,,,,,,,,,,,,,,,,,,,,,,,,,,,,,,,,,,,,,,,,,,,,,,,,,,,,,,,,,,,,,,,,,,,,,,,,,,,,,,,,,,,,,,,,,,,,,,,,,,,,,,,,,,,,,,,,,,,,,,,,,,,,,,,,,,,,,,,,,,,,,,,,,,,,,,,,,,,,,,,,,,,,,,,,,,,,,,,,,,,,,,,,,,,,,,,,,,,,,,,,,,,,,,,,,,,,,,,,,,,,,,,,,,,,,,,,,,,,,,,,,,,,,,,,,,,,,,,,,,,,,,,,,,,,,,,,,,,,,,,,,,,,,,,,,,,,,,,,,,,,,,,,,,,,,,,,,,,,,,,,,,,,,,,,,,,,,,,,,,,,,,,,,,,,,,,,,,,,,,,,,,,,,,,,,,,,,,,,,,,,,,,,,,,,,,,,,,,,,,,,,,,,,,,,,,,,,,,,,,,,,,,,,,,,,,,,,,,,,,,,,,,,,,,,,,,,,,,,,,,,,,,,,,,,,,,,,,,,,,,,,,,,,,,,,,,,,,,,,,,,,,,,,,,,,,,,,,,,,,,,,,,,,,,,,,,,,,,,,,,,,,,,,,,,,,,,,,,,,,,,,,,,,,,,,,,,,,,,,,,,,,,,,,,,,,,,,,,,,,,,,,,,,,,,,,,,,,,,,,,,,,,,,,,,,,,,,,,,,,,,,,,,,,,,,,,,,,,,,,,,,,,,,,,,,,,,,,,,,,,,,,,,,,,,,,,,,,,,,,,,,,,,,,,,,,,,,,,,,,,,,,,,,,,,,,,,,,,,,,,,,,,,,,,,,,,,,,,,,,,,,,,,,,,,,,,,,,,,,,,,,,,,,,,,,,,,,,,,,,,,,,,,,,,,,,,,,,,,,,,,,,,,,,,,,,,,,,,,,,,,,,,,,,,,,,,,,,,,,,,,,,,,,,,,,,,,,,,,,,,,,,,,,,,,,,,,,,,,,,,,,,,,,,,,,,,,,,,,,,,,,,,,,,,,,,,,,,,,,,,,,,,,,,,,,,,,,,,,,,,,,,,,,,,,,,,,,,,,,,,,,,,,,,,,,,,,,,,,,,,,,,,,,,,,,,,,,,,,,,,,,,,,,,,,,,,,,,,,,,,,,,,,,,,,,,,,,,,,,,,,,,,,,,,,,,,,,,,,,,,,,,,,,,,,,,,,,,,,,,,,,,,,,,,,,,,,,,,,,,,,,,,,,,,,,,,,,,,,,,,,,,,,,,,,,,,,,,,,,,,,,,,,,,,,,,,,,,,,,,,,,,,,,,,,,,,,,,,,,,,,,,,,,,,,,,,,,,,,,,,,,,,,,,,,,,,,,,,,,,,,,,,,,,,,,,,,,,,,,,,,,,,,,,,,,,,,,,,,,,,,,,,,,,,,,,,,,,,,,,,,,,,,,,,,,,,,,,,,,,,,,,,,,,,,,,,,,,,,,,,,,,,,,,,,,,,,,,,,,,,,,,,,,,,,,,,,,,,,,,,,,,,,,,,,,,,,,,,,,,,,,,,,,,,,,,,,,,,,,,,,,,,,,,,,,,,,,,,,,,,,,,,,,,,,,,,,,,,,,,,,,,,,,,,,,,,,,,,,,,,,,,,,,,,,,,,,,,,,,,,,,,,,,,,,,,,,,,,,,,,,,,,,,,,,,,,,,,,,,,,,,,,,,,,,,,,,,,,,,,,,,,,,,,,,,,,,,,,,,,,,,,,,,,,,,,,,,,,,,,,,,,,,,,,,,,,,,,,,,,,,,,,,,,,,,,,,,,,,,,,,,,,,,,,,,,,,,,,,,,,,,,,,,,,,,,,,,,,,,,,,,
6,0.0,1.8992645595830218,-0.19796891561968383,3.7000177523405156,1.048270775991187,1.7777997743102998,2.884454256461707,1.607187651311132,-5.632396416981818,-3.1269762360244417,-0.22834182241930703,-0.7427517421578906,-3.7579412497516733,1.520249883052628,0.7824367883133292,4.047341236564106,-2.139452362239942,-2.807073602551621,3.428754131869552,3.797461067171355,-4.113521040400449,-2.3500951629424525,2.187115344129309,-1.092056948115245,0.3109003386260594,2.512371372645755,1.688091563074324,3.4737412865770847,-1.3070840770723995,-3.931900225281451,1.608290845978733,5.313242259539084,3.049159539806845,-1.552349780184491,-5.256750619822993,-4.051797452279602,0.030386083923265705,2.505714014504818,1.2214238133739181,4.54536346154691,0.8813649720021528,-1.5999479649940078,-3.0251326161013856,-4.23374007736112,-4.659754869309925,-1.8183994262738565,0.6703672813568201,-0.20514018372310422,-2.4020699179663674,2.2162934986238447,0.45018382936421575,1.9604684907170928,3.3775246447580747,1.2628741123235891,-0.09338641343381421,0.09948020271639219,-2.415777617840304,1.3330542173580042,-4.268663344934056,-2.9322320687959023,1.3142035958072393,1.967588540948764,1.5144953896226907,3.4956000302326844,0.8943143175420049,-0.8278764833673324,-1.4184745257112736,-2.660477176840187,-3.2616277659255957,-3.3466148680322623,-1.9630464190695518,-2.443873935199036,-0.3700790820348376,1.9139619097858578,1.1177665416367935,4.957314651312351,1.860045320238248,-2.8209991825849197,1.7814133875198555,-0.06775622767604637,-0.46392923729337704,4.4507618722209985,1.8704822899587958,-2.690150310506258,-3.2761769446745648,1.7535738695341603,1.3562771872748487,4.779590666211407,0.3139992312388617,0.0799103280012728,1.460662084279847,-3.8845473510081843,-2.1648033148968584,0.04558111932420751,0.7901678627548474,-3.3907378604450416,-1.025595724930761,1.6391757187312457,2.012857592272294,5.373240383411766,1.009495567890933,3.641885546530454,1.4952509275310104,1.0925227019738717,-1.1235518335223598,1.4814004352190382,1.7667996160809736,0.2042408574448392,-2.0678967924250604,2.700151198834114,1.0549492901358235,2.0489956409960843,-1.5779482297884864,-0.740343413383269,-2.718447641312011,-0.9915379150058047,-4.42681345855119,-1.9888056638588782,0.11454231347359004,1.1367955315809766,1.927858737126689,2.2973642244689314,1.193890786929513,1.6015174241927943,-1.0841760428114746,1.6985073148230736,-0.8292072455861864,-0.8074714833033958,1.7020752925652267,0.4232777011792198,-2.8191662340004395,1.2859053738938502,0.6833401082029695,1.4853922310399215,1.2091380367457547,2.573318409614117,-1.6741516159202436,0.010150256890931571,0.35317501466107365,-0.7407812413094395,-2.901685358459066,-1.6765820943594931,-2.970486815369285,-2.964349671610821,-0.2377532637888011,1.7976357369319609,0.6894704623818197,4.274407365745498,0.3175066928460244,1.8185928017071966,-0.6774309880650203,-6.138253466612337,-5.672698190447976,2.1416431689893463,0.7716154015557108,-2.7756100594067323,0.4011407508582758,2.0268960331682577,2.1189970664280424,0.7416691009557809,-1.8978416053509974,0.7274961400306673,1.447957270375968,4.9473519069864365,2.4184148547089674,-1.8819227459615049,-1.749164289197093,-2.942159414463367,-0.2789415724473838,1.9119622397089613,0.7892694245533662,1.8749556395366584,0.32213254300135596,1.9493495776134169,1.4155361914862978,-2.6726384802668925,-1.2985017195078532,-1.2904676939085065,-0.788925489805117,-1.3857107021526538,1.262397469287686,1.7185456215064958,1.5227855371765713,5.874219365158756,4.358906058222901,1.03535500211433,-3.2569191445749706,-7.3477356184197955,-5.2816316821698885,0.8781261309703822,3.0253279331239327,3.6987165652963996,-0.3989508775836306,1.9026798028869225,0.8687024615364498,2.8651968084377604,-0.022428363858750258,-2.898000460211602,0.6436945928528411,1.3527941556818395,-1.817193295808712,1.1755407472656052,-0.9757414031217121,0.8958327680221693,-2.6385917975888344,1.5774614736258412,0.18170367414359098,0.8375620518263788,-0.05805928280032434,-0.5865154372961519,-3.2578353310988186,-1.4362844202365306,-2.823035123789033,-4.646752423989296,-3.2768810207892485,0.3810039584902881,-2.2310723592472392,1.3645356662883892,0.7915262557062984,2.612485659016139,2.40138642667519,-1.2986278730925438,-3.308047458128574,-1.6297487800110273,-0.6717566777432095,-0.6725883767878381,0.5128208977683965,-1.850746167018882,3.096771951388371,1.791697211051026,1.8906437582519209,3.154227829451839,0.6857358654506645,-0.6650519772693676,-2.1328809861890052,-4.220584947640693,-6.12692291513323,0.15883699253555897,1.4358836355691778,0.03460969641001665,-0.758466139625978,1.7549740669046519,1.477803804892749,3.970547318692079,0.45775110785214707,1.7008413455084783,-0.8711228891767042,-1.2392947149150768,-5.40869353181001,-1.183735267306925,-5.164277765035151,-5.260271613956302,0.7611005534502387,2.3997061853740287,0.8087349001012857,3.2072220759879975,0.05532418912886392,1.9184356720149824,2.2732754722201927,0.8248694206962806,-0.6786856606354299,-1.3203097514793245,-2.4162162171138446,-2.4054727806538643,-1.822325730063724,2.134488823636199,2.4130683998182225,3.7688752977947444,1.2538391647444755,3.565566404406516,1.697212000821387,-1.8479878414221724,-5.483620568336578,-0.922044761741247,-0.7428356269173346,-1.32186572137917,1.325201387247501,1.0816770194067447,0.28180889732125375,3.2923207141795814,-1.1981602423852982,-1.3297817536775396,0.6887217276265858,-2.051817345167741,-4.5451558924306905,-0.9992969706684102,-1.210586209872263,4.541627233766906,2.7648859777758865,0.8745956730148918,-0.054992540570877144,5.499901272862938,-0.07702433248474942,-2.2744200013604954,0.05316964158056391,1.6687725982755253,-5.220994008111097,-2.995225092553454,-1.004920604064397,-0.7811822533551379,3.740107838720232,1.2567364131632135,4.106209559739119,3.172409140529191,3.7286959821066508,-1.229827355894204,-4.903015691512106,-2.5024701298067504,-4.108810597101758,2.8107013774580096,-5.602494851285709,-2.4422774228984157,2.4776335349584833,1.8525669346620286,2.110430657131577,3.7469220455028376,3.0452849423025414,-0.06604084203228923,0.4752329124972151,3.1432482647907554,-2.982342583648576,0.4064793711254284,0.8135464769026263,-5.372564460963218,-3.4767514379532,2.4301691652169914,0.29792858166395525,0.49663531118156007,2.7292439931111687,0.2807324897074789,1.4242671903452915,2.3604264157384827,-0.3883228280683828,0.4336187183519039,-3.1866995699823515,-3.611487982498602,-3.9489600233627247,1.560200259708895,1.132614596389099,1.7934011200148625,-0.6728712523015267,-0.5739290031524785,-1.131459407595621,-7.052525869751859,-4.062533467386547,0.9232927208600344,-1.0813313699030977,2.195887050004817,0.8595190671506097,1.84469277861577,-0.037655584741403125,2.4033975503944762,-0.012684591596607947,0.4802429396300202,-1.2400968177030258,0.5335481454513478,-0.20487507722863213,-3.8698729687634392,1.5751077961989195,2.9814455031827203,-0.16617876660206707,1.9082739385737328,-0.09096556342406027,1.7332611572322403,1.4572730570229906,4.943640189512177,0.5941067139471449,1.5277132058344265,-0.3315438632205636,-2.7677260096812097,2.3840362397189305,2.7725173409900212,2.2689104025050533,1.677444467418148,0.9420113166264509,3.3785398373965982,-0.6720241126598642,-0.23993937260875364,1.403227287252265,3.5418842621003277,4.724187128406183,2.881956059783239,-3.496981881492765,0.7530143595612268,4.5666307365563075,1.4511386998661522,0.9176117161402628,3.032120411284136,1.4533788338899376,0.7160156357019376,-2.31239464096002,-2.192827922995408,0.7406650077235792,1.2801679045085252,-0.7710963672092928,-0.270878846961039,2.5798802056772234,1.782292838083139,1.2527670891689977,1.8180793676651494,-1.7221055035394228,-0.08033606480794112,0.7905801609364803,1.309011175985419,0.4595715313570718,1.452220446985093,-2.5325324524349053,-6.120811492725879,-0.99934217800999,1.6476808370567406,0.357368292099153,1.7515831925261007,0.4276117037529782,4.246951515678943,3.9414236540847942,-0.48676106186198,-2.8669042170987966,4.530831604341913,-2.3283212265504485,-4.46669596904942,0.5060063241355749,1.9014373416176162,1.4519303940901291,2.091333098337531,1.6268442570104633,0.669583093215334,-5.3920506201144285,-1.0583988172214436,1.4975365216153826,-2.6817630949805347,2.629373790322003,0.42651208239067295,-2.520300984416341,2.714058260557361,1.1784841773566215,2.590303177397542,1.2231343174987457,-2.839064375945167,-4.18257332192854,0.19545452498411683,1.7100472486443994,2.333871110855178,-2.4628961104868767,-2.0844156034569203,4.796298941228327,2.1067234990782646,1.7548451444795585,3.139588238120098,0.2600066663859651,0.6286334559140598,-1.4147038200439155,-4.014903505240464,1.3604279531324113,2.815468519188184,-4.8647402256291485,-1.1162618065433807,1.6398773445463874,1.7150116342863884,1.5738728038653598,5.341518556595594,-1.0122067602513207,0.614724746197885,-0.8652303532605445,-1.475679122950777,2.610613059669703,4.179505194215829,1.642067862974393,-2.383174238201248,-2.7927306877412748,1.6276750330658292,0.1661914447480048,5.068856442172439,2.0798944216304376,0.23921721882725117,-0.7616354640612203,2.898655887430171,1.729802640940409,1.9749388043561549,-0.17714062455482493,-0.22599642294213373,-0.9524128673929155,1.7886820518675732,2.49443867953935,1.83654374728799,-2.852748847600022,-0.48897739728338424,0.1056874688754685,0.5174893980633606,3.5152786546009804,-0.8098173812577855,-1.7461513871992496,-0.6646151458207529,-1.386029706170771,2.0892445076524555,1.8558233315268746,6.513776935365622,-0.2696547032448648,-2.3471611237821,0.23112586580114663,-1.5377752063832988,2.1419353237506034,0.08625686381605939,-0.40489578792380637,-2.4542778875356066,-3.0226050210224447,1.9688667244861138,2.129263566522469,2.169226142730754,-2.321890247756358,0.811972033787556,1.3115856147366938,-0.08000354900507992,-1.9158539405218016,2.2248361021534584,3.851851423992633,0.3575456052202292,0.48131756977951506,2.058808273097504,1.2725062110458512,2.6528103119012805,0.43911840619851533,-0.7438714976982741,-2.835115578746488,-3.779528144660804,-1.0260426233192113,2.6134352689075437,-1.2130637839708265,-1.864630307642796,-2.836115910319588,1.8921527414224224,1.6789939640648481,3.8411095484263793,1.6236618359230761,2.476211298871489,3.9901690395370077,-0.17869052523789605,-8.00199329304032,1.8147663519755115,-5.294282942265704,-1.2968372933195706,0.8403393079373289,1.8147261884933337,2.6943234230061526,3.7307372805307653,1.6141208975444008,0.6798099066164263,0.7412652584171645,0.30435725920165346,-1.7327394603344546,0.05090178481492398,-4.475916866045511,-5.497693317187695,-4.659553284760178,1.3350946910929211,0.3842277759403835,4.23771328427848,2.850714300921651,0.5402933209548739,-2.8047428408476316,1.832313155329209,1.7199806488032126,1.4682325398880258,0.024082525197067946,-0.9183572768529205,2.314269104742676,1.677215322349366,0.28010190816704206,4.040325343000767,0.3135135169849569,0.1729588662532629,-2.9442616476329135,-1.3521483870146898,-5.2010991366178585,-0.1546736483985171,-1.1754510839770251,-2.06828721837181,0.9430956937893349,1.7349975259002253,1.6069503148055369,3.7657640471506757,2.621730702570366,1.2754852563308243,-3.564920999574016,-4.590617910470025,-7.733972291084613,-1.6423344368761426,2.1154305555344894,-1.4812858500918482,-2.0487081966051313,1.5854624487363684,1.1341717712541632,4.793489661325548,-0.5352657652718015,0.5564845377961587,1.758094132206704,-1.387524059396953,-7.414637493375158,-4.3163838154636105,-1.903408488705315,-0.5389492347866232,-1.218709032172589,2.124147666833514,1.4485542590099052,5.082663548785546,-1.7940792906448588,-2.494452630583983,-4.715275516875974,5.518464164572033,-2.2806462359832635,-2.337109968930756,-6.123057183675635,0.791326488389261,0.7505352901820789,1.8276814664976542,1.4509741027219287,2.534715730031587,1.0986443272097706,-0.46609644141463374,-7.70469587937301,-1.512879484047536,3.618919521434944,-0.40523809406196354,-4.52424134207148,-2.844201987464525,-0.8858181430119315,2.21598615545369,1.6823329359436832,1.7588689626374094,1.3296843052017677,3.966703061660971,4.098801920870802,-0.7341238872778068,-2.2492117780738177,0.5232489420791752,-1.3788426309231396,-1.8905605999984398,-3.3275127890184115,1.2192103181009244,0.2657810319651179,2.7966534534700913,1.6625803788550697,-0.01305747163187988,-2.273001273965834,-1.8224123195059896,-2.92892418611114,-0.19263296908371982,-1.1935252123261846,-4.911049540358135,-0.8814892618216883,2.1093421885384855,0.3927100155833962,0.4916517087073243,-1.8458360773259193,1.091246166206299,-0.6695820826848474,-2.89327921762196,-3.5424042546746546,1.141830972431377,-4.381379503829307,-3.0711561303517008,2.8840049763240527,2.0340443114984157,1.0064143236976784,1.9069319122659345,-0.6994792460491552,-2.1975534204686316,-0.04570712730418115,4.5098159687329415,-3.040061826814247,-2.6857719375760074,-1.5988800784636519,-3.6402877996314307,1.4605246448611524,1.8860244696242858,0.4242880725537825,3.117271691514446,-0.4969186182390268,2.3596608750437262,0.21252755976729684,2.1419164260845522,-1.4908468753797162,-1.4288856776730703,2.3215426703822115,-2.592865741509762,-0.532742848902764,1.9937460869775705,1.158104753019886,0.2210594891222977,0.38994057466781923,4.31514947989867,-3.3165401031633586,-2.639039356214661,-5.359537299351089,-3.8735009568293943,1.3099998305324418,2.7059982678141328,-2.4644881465286232,1.969236904816862,1.850605353254432,4.646789963970431,0.8765180017572949,-2.5900523674254936,-0.27595369225012073,1.8110978134205165,-3.817022941313163,-7.955595117206524,-3.1869895415466845,-1.328109556176537,0.06983681144070632,1.5391672408894157,0.07725622803857435,3.8244005118281477,-1.3812351782324677,0.9494082840514104,2.908931755395559,-1.3117739331282823,-1.8024033756852011,-5.63853838835712,1.5629637201672357,-2.2274037514223544,0.29035125028121594,1.9868075050744196,1.9773812990791593,2.9989485588135065,0.7846412863542719,2.424957122319615,-0.02130960203244501,-0.7046034353890493,2.7045264121688697,-1.463316170099821,-2.484627755655001,-0.29936374035922986,-0.5602474500690894,2.277307246092463,0.049455802503090694,2.8470050317231848,0.44282436808207176,-0.7403925950368032,-1.7747316932089923,-2.530253416963158,-6.49743922097032,-2.230039100559957,-0.7857568124476924,-1.3132555205927607,0.19553219776490247,1.5925938728982596,2.0288640750343543,1.0042722692856392,-0.0421611466339893,3.3361433464963715,0.6819276312531602,0.6863912306154815,0.24567080086515372,-0.39614136769237335,-0.07405144604712458,-2.087212647842837,-0.4881181188475327,1.8583032652941407,1.4773422185941385,2.0771829330198726,-1.6907166079391023,1.230854324486008,0.6018705386570451,-3.3026836264132884,4.9895431903422995,2.6730980388540573,0.39757705360188383,3.1876534842975355,-0.45035406126352884,1.3503441393202202,0.564434353811384,2.59718738242644,-4.769372577342281,-2.374535812486315,-0.9419079219373049,0.26799186949488984,4.277644784508142,-0.6066512049693586,-2.5946872485961436,0.8602040545095249,-1.3974111586532212,1.576511579275248,-0.028314971192988456,1.7294509943743979,-1.946002912484742,1.153797598496444,1.2270643483874915,1.6985188090789256,-4.98843919127034,-2.8920110678104165,1.8513421986722194,-2.8466776913654686,-4.8740110564111125,1.2884144092404404,-1.7567484707075693,2.79759728438194,2.0305374809090604,1.5524864392481554,1.8511610152493125,-0.6183172255298236,1.287468484930749,-0.04460697686337883,1.8716316943680928,-3.2733765032126927,1.2661802844725392,2.4156124225636226,2.3262651949180917,3.94804159162656,1.969211265960994,-2.9147830814778257,2.148208076452666,1.2217576417517633,-2.5941514167696273,-8.158254889370674,-0.4007726964729468,3.686049409152655,-0.014230608019852185,1.4248827268268929,0.9326354240565735,4.017767050426645,0.35030969120687394,-0.2055209981364076,1.5089030776644237,0.346601848296274,-0.03543628236832783,0.049835826232567874,-7.451756187250138,-1.0396606754478324,0.08242402724443275,1.6220964857124884,0.806624707044341,2.93165328847853,0.13223302728107356,1.4138287737627067,2.7942070803127557,-2.5502409169760005,3.789104353172215,6.584766193473761,-2.190957424464434,4.224449871939694,3.5014996765353463,1.1158460045174419,0.6095853956884074,2.8406478939528923,1.6102221315405294,3.6035257635502878,-0.04662797521689047,-4.0621499689183995,-1.0119267013191344,4.367768090244611,4.203651865362124,-0.06913991182113226,-3.890119865916757,1.1671530489783424,-0.6216463190002637,2.469219384317635,-0.4596358640907079,1.4508656007108145,0.45816137755033143,-0.15892133236145442,6.238486768203753,2.298259382544699,-1.4879980379931868,-0.8003786050078986,0.362674893399784,1.5342994820114004,-0.6413538280599371,2.640844509327156,-0.42638695597464227,4.365668231199051,1.801916838755878,-0.19048642516611844,0.012265564972244122,1.440244569751748,-2.1423910829615425,-2.2653069234368224,0.27046163431628506,1.2293394168160607,0.7874328534540787,3.9538310841957953,0.1169217489269102,0.7058456557005751,2.5028465514683758,0.8003999120714896,-3.691380364113668,0.190547560160777,1.562112534340056,2.123087157243184,-1.5259826933153215,1.426207552645132,1.732141319085738,5.723154731517261,0.4807710167043867,-0.848254056972389,4.679541847197202,-0.30372279309166367,-1.2848490655438165,-1.0217546897646563,-0.37627313320345995,4.102887081672022,0.41749789974495055,2.329403463933004,1.2117941703167632,3.0480450513767896,1.5057921612623526,1.591869691397852,1.721056573869757,-3.233528933651866,1.8004448389996262,-2.334468727542657,0.15653202752449602,-3.8531894496088928,0.6183573744735963,1.54783749676991,1.9877709874522145,5.25957880288178,2.6545267413531843,0.6528412587085787,-1.0292399274466824,1.0620421809143905,-1.6522332414883083,1.7639407843661348,-0.49796284062565593,-1.6123019097517013,-6.2612937814084955,1.7114310007315083,1.6248803749096916,3.520377125876736,0.003790490353910737,1.6914755222115436,-0.5435758637474372,-3.256341145211342,2.7984773399851344,4.616362316213325,-3.3806793768699013,-3.028593802770724,-0.7108211638417223,1.3163134269845258,2.2486446351581053,6.013149065811399,0.5636530499248531,-0.4840287495019377,-0.034678695794324185,-1.643996162074178,-0.20768359556533014,0.4136424763480911,0.997514678605,-1.684124681544612,-1.717136166053492,1.4606516956291162,-0.24895988970241514,3.253816962979206,-1.2508273146922602,-0.631878934135583,4.049872695647155,0.9694981145676403,-0.8336957558762219,-3.6386758044736887,-1.1754279554585494,0.8984785838733448,0.5385081790625528,1.9819862636716539,0.369073808908975,4.286465263183284,-3.8248651645899576,-2.033543044894123,2.1978636560813714,0.13315646993171365,-1.4274501750094795,-0.9359495160864846,-4.968894227772017,-1.9897966619952796,-0.15575575767677782,2.1304801706260705,2.0423269936053545,4.774177757496749,-2.2211884322906066,-0.8411729632785576,-0.2820631249566296,1.2461553593184338,-0.5303205204926982,-0.4229847171806776,1.6235090359134903,-0.06977263540316918,-4.322530893980013,1.486795191165304,0.7147705460777554,3.620754817975001,0.7248674543579633,1.7382956228815798,1.8721503739931673,-5.53727599127723,-1.398928538063599,4.305211645378515,2.6429340115307416,3.8266604612147677,2.92580170453848,2.221237986966695,0.609194834619054,2.708416743238271,-0.3229580688815367,-0.0210083071646834,-2.807015320282899,-5.639556134966828,-2.8368063095444915,0.47923224943913634,1.2418043553098113,0.005525965797782022,-0.755546420083079,2.7141782029837738,2.2814583196161013,2.2670325862200165,3.3561036909418243,2.9505001572017493,-2.479071278511065,0.7612500663975919,-0.99691163246164,0.051498781305477234,-0.5046981874193631,-2.0068448647068124,3.1124492971670223,2.0845027879258153,-0.7853728518176901,2.055286379169755,-0.25624971610079955,-1.2104761402436512,0.5301211508953142,-1.5039385583948168,-0.7885674272414622,0.49197309708570486,-2.558180794430285,-0.33762447164325443,0.0465854019515749,2.3231891786295185,1.8988288566549594,1.8114506138519864,-3.270965124339177,-2.991107004071566,-1.821181747548153,-0.03139409385607787,-1.9435132796227483,0.5404463268031635,-1.4023750710001648,0.42118405094415073,1.3738353205365974,2.2677619689890407,1.3242970435835832,3.72489507786195,4.537203155693173,-0.002168482785320785,-3.307607437720779,-2.1255280292044723,-0.7669012804290606,-0.2848375991461705,2.7706806021560193,-1.536589170032915,2.93667382021121,1.8975299047379162,1.3016086625901864,4.135596061191242,2.0343330631748744,-1.3786131205123873,-3.0841421942753318,0.5935252483810188,2.9583042754602915,1.5696129176345213,-0.0698008378445097,-4.267314937242595,-0.3340541154330911,1.794406075421928,-0.7791021384275798,2.282731466741397,0.25919598228241075,0.9117704629088513,0.28632899517277827,1.4616446754205654,-0.09451993478735887,-0.6505354175152652,-3.9254080963507127,-2.8082515624601365,-3.5949929182614375,1.7303832323158352,0.5886145043530703,5.664227978643531,3.203747713077708,0.6876929986710313,-3.0089698139952588,-3.8395102706772706,2.2223672603401305,3.413249513327713,-2.5137013308501235,-0.036405866938594614,2.463471600805933,2.1932293400071936,2.080443131124852,4.80342114886436,0.5176491526377431,-1.1897556490696832,-5.574917320123634,-1.0030055360390844,-1.2527983218282213,-2.4960910016554148,-4.509013966277517,-5.389702347418396,0.6791313856789141,1.8283379445207337,0.6268794621474265,2.991120712277181,0.036007973012809856,-0.7716904640248139,-5.066562983101366,-2.352615549231278,-0.17709565471202657,2.4332983410391655,-2.4003327413554296,-7.563204171338859,0.6447711095755637,1.8979914632983632,1.126863282192052,0.75184227318732,-3.8494166837506296,-3.6638417646782866,-0.8564696395744299,2.3661123795609327,-2.3845772072149773,-0.7719244351024751,-2.4276826194925603,1.1817800419350353,-0.2922243266353952,1.7370355530192068,-0.6110174766418625,2.850729410080804,-0.8533978365513969,-0.36366661779152015,-0.16060691456432508,2.13300227572748,-2.0892857504151654,2.9932606537319564,4.305089339102454,-4.081527933047633,-2.7522846607239524,1.5954115294612192,1.8354179663718195,4.137537459338599,1.6139234661220518,0.37947670653653803,-3.6339262791936933,-5.512166518739666,-1.8117979982322387,3.6619263664035318,0.90444345609152,-2.5552805428451606,-4.040293354850609,1.6887674867695015,1.5973196059581845,4.197066259151166,2.710884041589937,-0.670456878296224,2.4571826903895553,1.9117025320688212,-2.0861570992480964,5.307766112967399,3.5517741071171147,1.637971506854829,1.382686158391262,1.5985774686344623,1.0285379310894605,3.349368738791609,2.144406146690474,1.2942067066986152,-0.6070738418770422,-0.7926306773411413,-4.801316450718316,-3.0804177126841803,2.1613158478339436,-4.506309216776979,-2.369126122259909,2.1070696285821464,1.2723511923694097,5.695884670830311,-1.1953483286897624,-0.793523564914176,0.9100290077302335,1.0556682449370796,-4.55414820508035,-2.3042762417060274,-0.988811729191433,-5.569413354041227,0.40076020697290304,2.1592883644558536,1.5647540030048563,2.605475983836005,-0.10720956789134294,-3.3890248700118684,-1.9567583912394468,0.9356108932715552,-3.6845631761397164,-1.0246577424125383,2.071730973747691,0.8787024800264289,0.417529005257791,1.1896818907137423,0.15157117158302638,2.408263316394596,-0.9796990422096691,0.9798630368256739,4.4811596940275535,1.863651133664068,-0.8620712508128228,2.3287470103587764,1.8004679507905565,-3.8942267960933408,-4.023003125761289,1.5183687857347166,1.453016005592212,5.8076993182607515,2.8450260105724765,-0.0163690637354884,3.2128144178364475,3.046613625943607,-0.8332526786394739,-0.24187043741574896,0.8088432086349816,0.8957067634647328,0.3435651683015854,1.5824436283078105,0.8553684729351839,2.3159111300655884,-0.2449516629275536,1.2990561513355632,3.9490656832816176,0.12885027728854068,0.550215046188215,-2.939934844235033,-0.322051728624113,1.7250822773352594,-0.4884377360970179,1.817616968993058,0.025593532004480227,2.1088474342776333,-3.2870541728956018,-4.115245741183092,0.3458123546248978,0.5057341022151705,-4.226352849106816,-5.241212508772437,4.55408139170064,0.5661723879141509,-4.50693859036689,1.6584060761389081,1.0910679699227577,3.2028134935992387,0.3215545809336928,0.7349921931595101,-1.8711844464134488,-3.0589208805240804,0.5412738964118851,-2.2087085798646178,-2.37734203856401,0.7585163577796025,-0.4733193017494518,1.6619825732392832,0.3350473785528332,3.538759325600234,3.0596821049814613,4.007032807789117,4.989456462789159,2.7744655278803854,-3.9025094334524075,4.380788570435174,0.66296939833722,-4.024197922680826,2.080504554846808,0.931807180083797,-0.5653273728437801,3.4761745829279382,0.5729307626714321,1.6983831156505729,5.927889979388405,2.570712066240335,-4.404457429415821,-1.622918145432899,1.3663048717670945,2.9881520587573625,-0.1206319768774013,1.9023089811537957,0.7694377715613486,2.412829809746595,2.3167668594174544,-2.452855519080576,-4.3161905085462555,-4.924165372023535,1.1566882057466557,3.4284138323730367,2.727860887669178,-2.6498168990527957,-4.229341714490432,1.608855874279802,0.6916037929081427,3.0002261607930647,3.474410949054392,4.652945108972379,-1.0981049119187845,-1.5552508507254952,2.204507147347863,0.7419696792982712,-6.974764218425735,-0.7795720694176578,2.4306830346877524,1.9486566164505124,-2.341752452477494,0.6291427452921666,-3.621029027527799,0.4054972824934515,1.4691643566118453,3.6371762462539343,2.5103790505106653,7.693760114856029,-1.7592216055460361,0.4003226184717217,-0.03805675069466914,1.996191351174704,-4.121126761616632,-0.551380442516232,-4.357700484493764,0.4901781331973599,3.4412544445099553,2.5473287361575943,4.31895926634443,7.984101031473484,-0.456278348990307,3.6300099558000576,-1.075808028901238,1.9297418439888174,-4.401965949773695,1.5647101361086602,-3.5099422449666435,0.9491818772438815,2.838406026184142,-3.0764978808910644,6.0811328781791225,6.766723385503505,-2.4410568551931076,-0.3138838659490999,0.6203327429244476,0.8499514604137706,-2.7724400224232517,2.0464372980324694,-4.549191376228276,1.4095440314362513,3.6831162424478703,0.045748927554453,4.733790172304173,9.409537929683324,-1.2746915611331233,1.8818551439861628,-1.3759884954372117,1.4506481359511438,-2.0417966303541313,2.203347482094208,-4.120183076413395,0.3388221797369727,-1.4855397646335278,-0.6449636847255107,5.962415822193439,8.20621012130687,1.2062600301035993,-0.9708736858847996,-5.25583576508447,1.6421589992820447,-2.0451599374326794,2.041561066223716,-3.131914417633199,1.1159009926686454,4.150978468443983,1.6869445845912538,4.3033115068209735,5.774780784540517,-3.679305499925151,3.596709156384324,-1.102898553295108,1.1453411931230444,-1.3751814045006232,4.117355051344602,-4.23711439175048,1.0243263143315067,1.9676847208303052,4.048166605541618,14.500016769230532,2.2432373990118193,-3.3314933153855337,3.659932301680422,2.6302318538963365,0.911348563142852,-1.8048898061446055,5.469187099151697,1.8374737458677644,3.1070443840858513,-0.2080200708860026,7.448660274691703,12.230847806189232,-3.7670949873150077,-3.2935520465671404,1.5089624612783534,-0.26133969250419564,0.8778779152526351,-0.04178157917400764,0.7088299029851419,1.3838320125012207,3.2890612463292697,3.2443276553285205,8.959438725220629,12.997342018913567,-1.3921766033932883,-3.6356391468106253,4.875904249574033,2.852425411098958,0.37931125030755686,1.2793569530145732,1.5782338575316868,3.054170604885078,3.512973894030658,5.099139173069335,11.599933861748992,8.874497101908414,3.789132193138397,-0.7011707381817517,-4.275839128841047,1.2303534647907317,0.05368596028351298,1.8522652794647183,2.748397308607647,4.186779451617715,3.7397858880749806,3.7216820173147545,2.0933470374311236,8.016414838757598,4.831422633624794,3.3288601698290723,0.519752595058083,1.2784820170521645,0.7401278639470769,-0.3373520478482622,1.951037356645232,5.216295669181009,0.5123516336797007,3.1684741876006455,5.981707297737142,13.655626358919752,-1.3040125477174351,-0.6077969033045408,4.681644971903416,0.7469875498531318,0.7233910085668716,-0.853452724065263,0.020753384938650494,-1.473478899345384,1.5338862649593996,-1.035407809669756,2.3180868821518983,11.360552503739237,1.616181632438259,0.36779511712566115,-0.29065734004945115,-0.19547378455590217,0.11305319221561011,-0.14188097729412041,0.9441909826459736,-4.685581272819076,1.9631518523139235,-1.9293605540026693,0.19250798056325652,8.429033030617422,-1.1626355502201382,0.24436491905090432,3.295621858062034,1.4136360436646493,1.0600509441731694,1.2135982741231686,2.166151210849574,-7.011688825905792,3.2388290835128406,-0.5589690121749499,0.8586467696803904,4.449133871513916,-2.6015253446409172,-2.9042582400690518,0.6826667724386137,0.06679009431567137,0.6042192878472961,0.6714321178610092,-0.6493219240779953,-2.606217150813386,6.146522617835968,-2.7814837435697424,4.0778452593570975,4.4339736954961815,-3.080847367849284,-3.799202464825563,-1.5061303843591767,-5.600676238615067,1.2539290016711582,0.7999500382798611,-1.0089567887019315,-2.0777247541547643,5.279879558796073,-3.032479581157786,5.098271356593779,3.917160617272247,-2.3064609725603282,-1.5238982524974243,-1.6625069874824665,-2.5817491497798457,0.8053242054375823,0.7864533221856016,2.6822471663844465,-2.73265709906879,2.4836370024370744,-7.416121175089133,1.6424526736738714,3.5098727520448114,-1.701081376682345,1.1984881316039382,3.6614074109203654,-3.3427032700859813,1.1312555428648239,1.4942456267163218,1.037455423761652,-8.085456552497424,2.744199145828401,-6.949689245708306,4.330565221913838,2.210619004388,0.2335488951182088,-1.1160581371420422,2.4747358754003463,-1.3879260328510115,1.3359031209707963,1.171621529244727,1.038160981415134,-1.674535406421131,1.7848326758494366,-7.051799196231343,2.5548116454350134,5.282287764741341,7.198234360852634,-3.503442990816983,-0.33348269479732545,-1.1264635780867,1.3804275848904752,2.076025747805902,5.924797683483641,-0.454056989779308,2.914200831626834,-4.1303312425382925,1.5570928679239904,7.37848214255008,2.6948698085120735,-5.304642359448887,-2.6223547803023517,0.9833021847851693,1.8438444697929854,0.7666124472028865,4.2725220011015175,2.2102856414202097,2.791287965252272,-0.7533092003861314,1.1627802662797202,0.38191344836335556,-1.073139690954325,-1.27194299496704,-4.173427929544372,-4.120072063830037,2.395302761896033,1.892458777336457,2.383632077605636,-1.8105227952336278,-0.36154543677611517,-0.8372099728517073,4.976294164530145,6.260677787531366,0.05185828276550216,-2.7593412537422437,-6.404075482568933,-1.6501129318940517,2.0311817596771062,1.3579112832231224,3.489418021239219,-1.6144323688166853,-1.4131210090875608,-3.886612138122263,-0.4619179873842464,-1.9560541391100015,1.7005279029512224,-4.8531233455642875,-3.6985828153204743,0.3795971845427083,1.9955971746962233,0.6945009937828421,3.8448360176557452,3.0544642819391834,1.9971989999918762,-0.7588891030798487,-2.195968624532312,1.5853556860563736,2.16089057086753,-2.782652946969652,-3.586663107217442,1.1156132351458303,2.507802141638186,0.43832056320086216,2.9827324026720174,-0.8269335850389793,2.9101542196756087,0.9954722778887566,0.25423757487662624,-0.9641560224927236,-3.198043594592747,-4.065789777148238,-0.13889877542574108,-1.5545247776754028,1.952346984166519,1.839502751810086,3.520718028332494,0.27655699616548135,1.9936503430489902,0.9377162395446363,6.264074698838018,1.4100924130766905,-3.1285150683588676,-4.6615943207103445,-3.4545948769357318,-3.517225459922432,2.249685964265854,1.0111299060547123,1.712711723230614,-1.095246304373022,3.586871728430664,-0.46479696661617986,-1.300101973952152,-0.1525914852116821,-4.073866026018656,-2.1617444707095967,-0.7996893271646223,-0.7612930748804887,1.6053913487030833,0.8573630133044103,3.8189877590553434,4.078207690600576,3.6623008285864804,0.07685692422730275,0.18669394478982237,-0.9728776515464163,-0.6286384366092683,-4.39576091652666,-3.836043719371812,0.14537437924682323,1.4041747922537873,0.541161913860073,4.917816746974852,4.0733885671419365,0.5231589413765797,0.7642511626216788,-4.29181986943914,1.0714376433065047,-0.802365293278755,1.2000026225262181,-2.9735085674306116,-4.711865150049743,1.640815630034005,2.264763056667768,3.1749152134676755,2.8466083079726787,-1.8989854999340896,1.1425904601920829,-3.3431586194727787,-1.695158994591571,-1.3246488803787442,-4.412725515654921,-2.10548387893711,2.337550937276609,2.1621522005401332,0.8083305068064235,0.5860389316888007,0.9433980862169198,-4.347555221104463,0.12989044904363606,-2.3977985250540654,1.7678598008188566,0.8759560859424924,-2.4825854338728277,-6.642114463285776,2.2169803192974715,1.0021869459585921,3.0284682163920915,3.5427901748275836,1.8714202074637785,-4.678339774279862,3.6886937729977025,-2.2881504597845614,-0.6968194534481781,-3.4565869346907347,-1.4316215211044658,-0.39405768168103045,1.917551959275122,0.9424526490883576,1.6933590230901339,1.3923117557316673,2.4415790883280857,-0.8591561963670723,0.8063432995586431,-7.51305671878769,-4.862924629684699,-9.048488617091177,4.018822852988563,2.5046963507573237,0.5248752662024123,0.8033606437928626,3.807652815041968,2.9803863938503103,1.7839597089665158,-1.562845735982359,2.1134844827663213,-3.4311522747969097,-2.125873469522169,-4.213888732296151,6.718236714193468,0.8660067891965298,-1.5385294001816159,-0.34095605090883846,2.881169594230148,1.10257770368852,1.8950661554959165,-2.5385753204913915,0.5942032042899964,-1.3405334631674635,1.4190464289867988,3.868267044018284,-2.0578646173039514,-3.636738812819445,2.516308355048504,0.324645867001946,4.639466922296541,-1.4297921595278191,3.9471174574183205,3.806063114139498,3.4882806370856607,2.446064104494267,-4.262422504310647,-3.7086671787612038,-3.118292736257259,0.6998996964462836,5.070803284566845,0.15497328320520457,5.452920996557161,-0.880823206842924,2.4577637746626975,2.758001646238274,1.192500678890199,-1.2975814829251389,-1.7418221029254817,-2.6384662964624526,-2.8556042383621723,1.2316465411175828,4.58532347618616,0.3512938943068592,4.868922754478498,-2.238055017446144,2.961461337183942,-1.1556240912630216,3.5138552191087076,2.961393531035463,3.1715362205493927,-2.0832628882070403,-4.650815303246879,-6.888595151803389,-0.9847308410293415,-0.10762905318740093,4.144031714263301,-1.5362558114683948,0.9311235877304219,0.019997789753438053,3.898576882574145,-0.3268022316832318,0.492481221162291,-1.5061797295084478,0.9596657772096058,0.03994860106402792,-1.1146095606335518,-0.0995232618022053,4.257757006427084,-0.39864873248742405,2.2122994581386277,-3.105119299107101,1.2782088678813917,-0.49972989357951586,-6.318906753730903,-9.026426926944653,1.103157423189288,-5.433892338344631,-1.715089055135635,-0.4955449362425717,5.648780205186889,1.8491031901275505,3.73376659729226,-6.386561577870687,-2.8277944401231645,-3.3135696293823194,-1.3512513488561666,1.411634590690883,-1.3905606428804484,-4.335478745562666,4.247658088581459,-0.6073726211039762,4.668763914756893,-1.7597212466475503,3.1484488678544325,-0.6407482112051212,0.8939871256944669,-4.9594302906854235,-0.9890648728725019,-1.3545011282153745,-1.262410141935208,-2.121832891771862,7.360944462603822,-0.02927790804357947,3.254088864179672,-0.9680716470982328,6.170553540097841,-4.368919057195392,-2.5231444763184365,-4.035255416384851,0.0925385875307078,-1.18184365802036,-1.029340802614476,-5.166288224616573,5.319151943004675,-0.4256619874730151,3.0981881813932155,0.4981538311258284,4.781534190489836,-0.5036118005428742,4.3942502532502115,-1.328864062729417,0.4114612135649316,0.6053267058084861,0.1495199004492608,0.5428254652071813,3.4830080306490023,0.6858809920560152,4.133764599545579,0.2772208607880222,3.4117836140197935,-2.1244689121917855,1.795219542998044,-2.9727997034342266,4.0155465277996845,0.8704582315379495,2.7515219795825527,-0.5042639199971313,2.532477858384678,-0.34333442433041367,4.435201843205905,2.1782089169564243,-0.17239164520914085,0.30550034500128725,2.2987147778084585,-1.1065489054311255,1.4020619376317438,-2.266680951956323,-0.4930031917171679,0.12334003545348211,3.4114176323753425,0.17296955378380408,4.302957674933881,0.3328707891625309,0.02397485883143186,3.3404440696993603,-1.1319574701466328,-5.695236016324783,-0.19031403009279238,5.0084167248994085,-4.788975813410332,0.21705221215205558,-1.0020676913035067,0.6567414784316838,2.20280776975724,1.7581906747216272,-3.07551807613629,2.0678056236516755,3.4831096728561626,-2.8397651131106456,4.6379841679358345,-0.5331112457167897,2.786072393891719,-2.78908387602162,-0.49706145998904605,0.8348692571632628,2.0296486027183707,5.34646878235182,-8.260318700720894,-3.964119543545676,-0.4532369560299267,-1.569568624000161,10.922124787997424,0.17142882752968056,4.093383935833694,3.0051437782275814,0.43502827196437066,1.7401472394706097,-0.019158379151155848,3.25463195885042,-10.295609796458871,-4.4620267231342865,-5.072097978011378,-10.858237789498284,5.681215841659641,-0.7008523150408915,3.0799995442887638,0.4261561184758838,0.2688510059576006,2.000168862429548,-0.026455899530269316,3.27303848260173,-12.256340628540263,-6.604516287880203,-6.023695322600843,-4.405883900090536,3.1942387430526704,-1.1409696979833681,4.135851334657529,1.6216006651691766,3.6345680394611817,1.3752472549739032,-0.25229902396386295,4.9797695939335975,-12.91688182889457,-8.250826298938977,-6.302637456492134,-4.2965348075513035,8.778485774825828,2.891110450765833,0.7359767327413679,2.663049425006212,7.894133915842781,1.366012792776072,-0.6248648492776557,5.008710821004001,-11.578353620500465,-6.872878947269224,-2.937085430203373,-5.378576694569126,3.5452295931480418,4.1318370865012675,4.379868856711956,2.5264177476495178,9.460043187503656,1.474199203284229,-1.2032094792772827,5.0612620249715174,-9.730119041099755,-3.5339588725230615,-2.5742531662741657,-10.569775368677334,-0.37920107865684677,5.283734212977924,3.9844750977279015,5.963638639338262,6.336150450879158,2.107358623374498,-1.4690332255867922,4.047583658261952,-8.114230814461083,-4.2142333088516,-2.2466128160319636,-4.4867307479160035,-0.03926123694666144,2.9733223875825803,1.5571845859380382,5.741610805157429,6.156855659926933,1.9769582903780332,-1.8664982885158863,2.3893826096518365,-9.05827209607264,-2.5045086758321404,-1.4012000460140084,-4.112274032773052,-2.811017711041383,2.9554867662053272,4.748515862889771,5.751056159410615,5.022554622598549,1.944690189840067,-1.8789677209378537,3.3894689613130966,-6.592678143168323,-0.23038609492679368,-3.225312598995112,-4.067087473294318,-4.833752289934836,2.6711515646538757,3.3857745229336027,4.007512308785598,0.24085766143659765,1.4918342713825627,-1.4717558137539604,5.655234038124339,-7.868411737052354,2.942263747534873,0.5994338326513171,-2.4822274022487147,-2.972002552692367,3.4158698267861,-3.6042967548662497,3.27239532038575,0.7059499216466651,1.1568014327658833,-1.9236918909458494,6.374487523869194,-8.515417592657998,0.849991866195463,0.5671249437818612,-5.550863289027632,0.01814061808887629,4.524459396406289,-6.051525972436943,2.0634802391692406,2.3556099641259998,1.5409865132377314,-0.6868546345983915,6.832755874187676,-10.168480232947338,1.0273832024611602,-1.3016031876817353,-6.118237955794562,2.165200558851613,6.788060792956939,-4.984366300159461,0.6818872305860144,7.218884332590147,1.7488531347816225,-0.4560841072287996,6.592974763479597,-12.346261637112004,0.20376020992506652,-5.085273987456318,-2.818509681784193,-1.2033015285073052,4.7477876358055395,-5.388344975573601,-0.9004653424423712,7.789498888781072,1.4984865184915959,0.30900053011367973,6.569541130337925,-11.566484060031632,-2.5493460906675307,-3.9878286458171566,-1.8856145302278942,-1.7630131240312719,3.0182536142554457,-0.889173911977854,-0.941510536799932,6.8608357325875335,1.7249698734934515,0.8601650017524265,7.300206413619763,-11.762296604372976,-0.9153622556667034,-3.809873854483631,-2.3216049178908014,-0.8515989489510323,1.4898638721949116,-1.6022108247162077,-2.6601136592184025,7.332113465523555,1.4891944089080507,-0.6630236836735883,3.793851867138379,-11.887801047232282,0.1659184994711475,-6.222197012525402,-4.52701294344226,-0.808822841897633,1.3129214043524988,-2.756180229252693,-0.6869650204591701,7.378712544932767,1.6393946167004845,2.349921207000742,6.488305318928858,-11.103292741895563,0.5452977593431889,-4.54230739995221,-6.5380993909478775,1.579478745279831,3.3421277684173556,3.363807366453582,3.6284595146632874,8.916965203699437,1.2083428119351438,1.3335935025843104,5.070095841857671,-11.36483772782959,0.34475287078838895,-10.104414411991474,-9.388065328304652,-0.8251117683934414,4.115555356715469,0.33890028867434036,0.7496864014155102,6.750754749659254,1.0087863404811361,1.0950496345189582,6.692292370390236,-7.462595781859204,-4.314288919119957,-13.75034786611228,-10.501338840840935,3.848761021841853,3.8488647746928493,-2.209133947071277,-0.9066329487080895,3.597318289001396,0.8164342218948859,0.2931797504810081,6.356025740199732,-11.092081503468407,-3.6267888367595043,-5.077090507435648,-3.282150199969303,2.876419019480349,-3.1236783515793647,0.17531265950143365,6.608721184723752,4.976091185571491,1.2341068117986849,1.0246449922328875,6.521062161808952,-7.319128071530453,0.7797523195830167,-3.6541217879015417,-5.875003178892116,-0.7127334912486841,0.5484683510306783,-0.10675639743406448,4.159044399262259,-1.5480872245804258,1.1609022295501248,0.18933736585601332,5.040929822429313,-6.352048670874633,1.6127082419594465,-1.2149729116553207,1.2043533458831306,-2.4767264285395783,3.2687737821110456,0.9175554353419079,1.0929892929375875,0.5888568331963686,0.6487089388629248,-0.3942859843063166,4.890384368645186,-7.195116254886786,0.5182968461705725,-2.91151631555223,-0.7982687658964137,0.6080275243806328,2.554412867704669,0.6374322955285638,2.275896927635907,5.690267356121062,1.5495002570849563,1.3907574967648848,6.000088770906219,-7.6672288388163725,-0.16099820163089604,-2.3946908644948195,-1.6442177478874809,3.00274467412328,3.8612821590140536,-6.133538627524963,-3.033150379498743,3.037150779754646,1.1582122440157816,1.1388575132569685,5.580744945387315,-7.792810309158666,-1.5304588352714903,-2.2484260135821765,-5.743525784207234,-3.1551155882977673,1.8004572092601276,-4.843486572927141,-0.7859672090215283,2.70586595634913,1.3406652295917005,2.1470885655616785,9.144092899870499,-5.120974155549963,1.0379799009968271,-0.5556784237437178,0.5871705359798859,-0.004288573123686084,2.9563950476256307,-0.5427838405471962,-2.5762432265655586,-3.608350842302828,2.1856972334374114,2.2162612874235688,5.1779122974698595,-3.604276099521152,4.315185150075361,-2.713438934598597,1.871408287229643,3.92101496754971,4.254882203951853,-3.7619390032806277,-5.019128914206388,0.5222369449314785,2.2958168220382116,3.2892663223351684,8.436943618166191,-2.4863017191092673,-0.32649941975609775,-1.8864626288849733,-1.8725049838439771,6.0902519031748845,3.3055471571255017,-1.0636125535024983,-0.7489847779064879,-3.4423286555321946,2.373257427059887,3.3218363740083503,8.84603805014686,-1.6547258210186588,3.4481088536544107,2.8432261273528843,-0.9257445926227453,2.6954208312098924,1.6565500669862416,-5.198260835594234,-2.153495815435408,1.7726814312501442,1.5692793152569784,1.9036247318671684,8.13431115123084,1.661997984740761,7.038188759536499,0.21928844329310343,-3.292751844090016,-1.325294524424004,-0.8843342890217767,-2.789313050962418,-3.7674040422701176,3.86457155535417,2.2765139868019784,3.5086121090282756,0.5168787727791503,0.9125499894329071,-0.49041539109188514,-2.361340758158819,-2.3761474299287806,2.013792943346836,-4.977579051834417,3.6858870383437496,-1.3226098025236592,-2.523284479285535,2.100931558869246,1.6966754338944945,5.544968082131653,4.687109988942635,0.8980024534328931,2.9189157847192964,-2.932874193168946,-2.769584988699046,-0.008708040902803492,2.3967210819903912,-2.4823143550326856,2.5251677941996875,2.16041414091938,1.5766341879184873,5.252736135937525,0.3438653818155768,0.29260214818860797,-0.5906808786295784,-2.3447050758193053,-0.32021157993018734,2.5227613934027158,2.7326874650534343,0.6884700090011372,1.5707192285675502,1.8460233675767426,1.6833669900229835,1.950719183973349,-0.30173704061354834,1.4335778057950574,2.3388936596084484,-3.6424439140615577,-3.7828365863328286,-3.4047814490645636,0.9598707253147339,1.7865965554569974,2.56996515796375,1.7792369562757957,0.66265527347055,-0.2908687301352519,-0.5836151991107197,0.8361162917610236,0.23597479985374822,-0.7384898429374228,0.4312118813588024,-0.17045944809409488,0.762143115880825,-4.260975099949899,-0.09144335781224297,0.9083606982892714,2.6388643869617114,1.9415143344493813,-2.80996036890262,6.279949123654051,-2.645236623121376,2.5626299751813972,4.877666762429435,2.874817790470007,-0.07242303193507196,-0.19764706791020706,-1.0842418579879278,1.7236354916158985,3.7691562359891435,4.999266581665826,-2.8825380391862008,4.3055546008429895,-4.406873869330795,3.088805037176248,3.1328036208093475,2.5718083691196623,-2.829952266640852,-2.1321456631782234,-2.073698002583105,2.054770504183446,2.8318989322647288,4.56887386999891,-0.5117637993944307,4.450130966887157,-2.9675998564872725,3.1522985553489584,3.2990226222231214,-4.713457951461005,-2.899762095916289,-3.854728334779341,0.058657600285174395,1.6290244293582483,3.7135455057402007,5.164313495832405,0.6095835138588626,5.657399714437737,-7.146461892543989,2.482661962710639,-1.064698817503673,0.3183988392781076,1.597811078994302,-3.1157904534287217,-4.07804429031485,1.3761259676183044,3.0280751763191716,1.6764982414551628,-0.38113783889464614,1.6819760960580181,-9.787499160830025,-0.4995679540620196,-5.8519467303119255,-2.429970540066389,-0.3247966088823921,-0.33076250105715643,-4.297814111530655,1.8094962195258102,3.2058721131141015,-0.3947969642321572,0.006462548963773768,3.7147484173936487,-5.268473139793046,1.242116091877582,-4.350305357101412,-0.02229527432267859,-1.7890943890645405,-1.7296813829034547,-2.341140985185556,1.4527339677429347,1.5272575399828074,5.467433434104324,3.0890085485183247,6.008968299727778,-0.5860277959098192,-0.13657531238745801,-3.9761141493199252,-3.0145769526773805,0.02360532324719623,-7.081820461663728,0.6572262085009197,1.4455330069506354,2.7211892250215706,5.384310067340256,1.2891388807359663,1.792591093056634,-4.989231238290828,2.3119744257078483,-4.466710634727023,-0.29004197291429984,4.706617741927795,-4.31843537351668,-1.6567398912829943,1.36836847314607,3.226922103428721,2.739597530252252,-0.5172556742375984,2.1727875946811093,-1.5882894988723906,7.06552908487357,-4.147333130570189,-3.055264289071915,-1.5318076602763098,-2.149612749178754,0.9349170747848383,1.9036073318907578,2.162273433733485,3.148932847089348,1.7325646768415088,1.9359707461034308,-0.4759000246441279,7.276496377533648,-2.3337300670234287,3.578821960529577,0.8587387443948075,-1.540426380468291,2.273081857948819,1.6311031171801442,5.206483127866296,6.2349802780219,2.2670625641574356,-0.26811373180890424,-4.368644920726932,1.791295966802311,-8.381292281340476,-1.127644205801788,2.9066652534421586,-4.022804161237805,1.4938603057276525,2.61331803063118,3.8053476587094037,1.6041911898841947,0.5499677706616336,1.4981730020508544,0.024812405830245087,1.2822342573874528,-0.5919290150518178,7.271004653308213,-1.4493984213744902,-5.217145848251386,0.9675383566039446,2.2031796135785853,3.5593972286792064,2.9374843384577436,-2.4088449640099108,0.3138439998544565,-0.9650351893085025,7.673585621407886,1.5406898934149245,3.9191104035628683,2.231201620920849,-5.86746934135694,-0.6414773592246423,1.905091040071501,2.09983860940915,2.8266011782100056,-3.461755378887116,0.18934853420601472,1.2389520882084273,10.551058766168872,0.2515006292980193,2.863161990739355,1.2742019404110818,-3.6641744217185876,-2.1654432064113283,1.6308119711420577,1.8304890508917009,0.9029017224680644,-3.9876721973379556,4.465301350265879,-1.077565336300495,7.392461893330365,6.26056379101666,4.439919303880903,-0.7299447348879724,0.4495647594396837,-1.3205900125807675,2.11155931545051,2.160596310538962,5.501315482457241,-0.32209492635703874,4.086621285353127,-3.1047694113359823,3.2442690973620896,0.3858551302006336,4.26060645089433,2.5169345536712893,-0.2446222604986108,-5.2049810491644894,1.9141282742179104,2.3168999967281425,2.7874182292920504,-0.13795804129453432,-0.7573099115199965,-6.035740909015811,4.057273171713245,1.831409024855183,1.1020568199571739,0.5690672081747135,-5.192140366997118,-0.832080356657994,2.151490605843033,1.2270626148143478,3.501454317212334,-2.27324742170118,1.0284145977439494,-4.119221898931649,8.207681339809215,1.6938029101948535,1.9135533407338747,-1.4324598651888196,0.3399931582220264,1.4179038080578743,2.2597611214997815,0.24224068845852992,1.5633538556510733,-0.8143944286668733,3.5608267839185204,-2.898127483841314,4.406559364025121,0.3389341811258504,5.0789469554900215,-0.5495464751447289,-1.3886193236027649,-0.4057624099029341,1.6225682953870988,1.0683053865691405,3.1630514750421,1.893783131365409,0.1673791547275587,-3.0918231558760345,6.14118593581444,1.7990656406930114,6.534366665971364,2.954156262646638,-1.7142601740243857,-3.034142932981949,2.1397540254372363,1.5480164774484908,1.429573765218157,-1.8706330900072972,3.279647933922295,-0.9235815075828474,1.9743744532537162,0.020612011024226374,7.45532136686219,1.2008432106358582,-4.732660036274526,1.4450513705878063,1.6798268342759093,0.0033184047240028755,0.8279272788357596,-2.058115310806409,-1.3175998967486096,0.6363534847445524,6.752405575133723,-1.488782637819984,-1.2262864748975189,-0.7945282709749286,-2.025567916694545,-3.2364025375793806,1.9713172520795794,2.0357694532170725,2.851887653412679,-2.455342769500858,0.35976457664551875,-2.2419076860112375,-1.944084802860794,-3.622939184607084,-1.2545501767447844,1.6079611802159213,-1.7971201243269959,-2.030128586436024,1.5078112693366117,1.0229461948453518,2.1905753953361753,0.21418109701844837,-0.6036893083244654,-0.5628625564469517,-0.5975286523852351,-5.6082058935582655,-1.5159269520691807,2.371741327613459,-1.3947429995665706,1.4669853173802747,2.276685063048827,2.4706083783232127,3.9335708111424625,0.7528080273715891,-0.3091863082304175,-0.966266977389054,1.4335192682457238,0.9209024786706806,2.2813479990320076,-1.340143075388919,-2.268989183547079,0.8848273736774506,2.3765741622186227,2.841506766215241,2.826521200849789,0.1384295452514426,-0.7265781578802702,-2.7395663240783117,1.6169375811340965,2.196009724041498,-0.5025651367581383,3.1719906425144284,-1.0718834101780659,-3.6932669422811983,2.207561524621737,1.3236902668383121,3.0767496870069686,1.2840328132235326,1.8215285825732233,3.1964250117624755,-1.1269460950202692,0.9514005988482392,0.8738776455147134,-3.5169296906176117,1.1581980441938085,0.6553777759088505,2.5726492855024152,4.214023384795816,3.448700941756459,0.038450688704958935,0.9700472894899589,0.053247560700646554,-0.4293930029575456,0.45068912928330745,1.6326419844380413,3.2376238260981056,-2.701601498389752,-2.6182139945197918,2.143015332505356,0.7385888155883376,6.169029466984772,0.15133059763165405,1.3273758844914518,3.2228916267901475,1.2104301922546474,-0.036406723720337354,-2.0809924204431303,-3.6901527636096425,1.187988177929375,-1.4536047957336584,2.1396527000392274,3.384561449600994,4.154299459722864,-0.8808981099346921,-1.503640168935434,2.3602700496864535,-0.007213302186462281,-0.4399774106541626,2.4483718484176515,-5.1480277641858105,-0.4537818410083319,0.49124408904325295,1.757362913893716,3.4278852799133093,5.620371181104073,-1.5157655286583742,2.494832409077987,4.368950952050621,-4.789652941823738,2.5949561371302066,3.9112353730055203,-7.967752744521274,-3.675737025378609,-0.6311301221837431,1.8500149039711227,1.7673985841165047,5.898889765140468,0.9138899702648507,1.1065934407634386,1.1905221339810659,-4.165447448293991,-1.2866872077179998,3.401470304415852,-7.537066987855881,-0.3639492001312536,2.17496485811279,1.8364138539914543,2.172891820859363,4.81501760208493,1.39476137153802,0.1793013989450007,-1.9482746844468959,-2.8800214354407148,0.016463348389412002,2.367305626013924,-0.9005251089137901,-3.6535533200656776,-0.7659414112351421,1.7609755484956051,1.8799606043307084,4.865539881554488,0.33756340758684167,2.4128798333312687,-0.2653986113393303,-2.6430298065389812,2.798302186716799,2.071406716905318,-3.233758003008664,-3.2438901707633363,-1.6848167974809254,2.4260100122349524,0.7308345546810937,2.985693176241438,-2.5764176745168963,-0.5382031495461111,-0.3598514888861556,-5.107935647883451,-1.7982835143767517,1.1230767798722725,-3.7228697316931747,0.05287815756317772,-0.6430380741369841,2.1937546355872826,1.1174234862938024,5.021030310560175,1.9667017457855733,-0.3105992578454364,6.074559293344585,-1.3150164411022742,2.993255340381331,1.7877786060158367,-5.529046866505293,-1.6875641648301583,-1.3991871326938403,1.9568382927468977,2.1588197201769828,4.350466894234414,-0.9226929151996796,-0.1702426989690185,4.3378899329654175,-5.380112283278009,2.6586705286070043,5.4676668883265815,-0.12284553108018761,-3.2700338578475847,-0.6555173956812197,1.7092482043401886,1.6865539501777107,3.843825788991229,-1.2664927529894543,-0.9438251073609767,5.605105444602189,-5.666122898847535,-3.8641251653693645,-1.2595995468266468,-6.699771297286971,-3.0670460902715977,-0.7701632686294397,1.4167925588059538,1.4675294091721804,4.135100190312379,6.341432676008312,2.9833512543865495,5.229239696775555,-3.3069657254133134,-2.683787580400244,-5.495422357747821,-3.537477473607077,-0.47507923510715067,0.1089211204146672,1.0926658085959755,4.68670657543228,4.392053915248701,-3.933182513442428,-0.2522097084046088,1.129180376187532,-4.386677021191121,2.468771000882766,2.287284395110028,0.598429884395567,0.19089433231972378,0.47825356173618183,0.17385530354524165,5.35000377275638,6.845071479506842,-5.852917967766215,2.811174182080195,-2.6556830194722676,0.4255893067241015,2.503315804723879,3.917749101404115,1.467203942834353,2.5497203978851952,0.1118326499261062,,,,,,,,,,,,,,,,,,,,,,,,,,,,,,,,,,,,,,,,,,,,,,,,,,,,,,,,,,,,,,,,,,,,,,,,,,,,,,,,,,,,,,,,,,,,,,,,,,,,,,,,,,,,,,,,,,,,,,,,,,,,,,,,,,,,,,,,,,,,,,,,,,,,,,,,,,,,,,,,,,,,,,,,,,,,,,,,,,,,,,,,,,,,,,,,,,,,,,,,,,,,,,,,,,,,,,,,,,,,,,,,,,,,,,,,,,,,,,,,,,,,,,,,,,,,,,,,,,,,,,,,,,,,,,,,,,,,,,,,,,,,,,,,,,,,,,,,,,,,,,,,,,,,,,,,,,,,,,,,,,,,,,,,,,,,,,,,,,,,,,,,,,,,,,,,,,,,,,,,,,,,,,,,,,,,,,,,,,,,,,,,,,,,,,,,,,,,,,,,,,,,,,,,,,,,,,,,,,,,,,,,,,,,,,,,,,,,,,,,,,,,,,,,,,,,,,,,,,,,,,,,,,,,,,,,,,,,,,,,,,,,,,,,,,,,,,,,,,,,,,,,,,,,,,,,,,,,,,,,,,,,,,,,,,,,,,,,,,,,,,,,,,,,,,,,,,,,,,,,,,,,,,,,,,,,,,,,,,,,,,,,,,,,,,,,,,,,,,,,,,,,,,,,,,,,,,,,,,,,,,,,,,,,,,,,,,,,,,,,,,,,,,,,,,,,,,,,,,,,,,,,,,,,,,,,,,,,,,,,,,,,,,,,,,,,,,,,,,,,,,,,,,,,,,,,,,,,,,,,,,,,,,,,,,,,,,,,,,,,,,,,,,,,,,,,,,,,,,,,,,,,,,,,,,,,,,,,,,,,,,,,,,,,,,,,,,,,,,,,,,,,,,,,,,,,,,,,,,,,,,,,,,,,,,,,,,,,,,,,,,,,,,,,,,,,,,,,,,,,,,,,,,,,,,,,,,,,,,,,,,,,,,,,,,,,,,,,,,,,,,,,,,,,,,,,,,,,,,,,,,,,,,,,,,,,,,,,,,,,,,,,,,,,,,,,,,,,,,,,,,,,,,,,,,,,,,,,,,,,,,,,,,,,,,,,,,,,,,,,,,,,,,,,,,,,,,,,,,,,,,,,,,,,,,,,,,,,,,,,,,,,,,,,,,,,,,,,,,,,,,,,,,,,,,,,,,,,,,,,,,,,,,,,,,,,,,,,,,,,,,,,,,,,,,,,,,,,,,,,,,,,,,,,,,,,,,,,,,,,,,,,,,,,,,,,,,,,,,,,,,,,,,,,,,,,,,,,,,,,,,,,,,,,,,,,,,,,,,,,,,,,,,,,,,,,,,,,,,,,,,,,,,,,,,,,,,,,,,,,,,,,,,,,,,,,,,,,,,,,,,,,,,,,,,,,,,,,,,,,,,,,,,,,,,,,,,,,,,,,,,,,,,,,,,,,,,,,,,,,,,,,,,,,,,,,,,,,,,,,,,,,,,,,,,,,,,,,,,,,,,,,,,,,,,,,,,,,,,,,,,,,,,,,,,,,,,,,,,,,,,,,,,,,,,,,,,,,,,,,,,,,,,,,,,,,,,,,,,,,,,,,,,,,,,,,,,,,,,,,,,,,,,,,,,,,,,,,,,,,,,,,,,,,,,,,,,,,,,,,,,,,,,,,,,,,,,,,,,,,,,,,,,,,,,,,,,,,,,,,,,,,,,,,,,,,,,,,,,,,,,,,,,,,,,,,,,,,,,,,,,,,,,,,,,,,,,,,,,,,,,,,,,,,,,,,,,,,,,,,,,,,,,,,,,,,,,,,,,,,,,,,,,,,,,,,,,,,,,,,,,,,,,,,,,,,,,,,,,,,,,,,,,,,,,,,,,,,,,,,,,,,,,,,,,,,,,,,,,,,,,,,,,,,,,,,,,,,,,,,,,,,,,,,,,,,,,,,,,,,,,,,,,,,,,,,,,,,,,,,,,,,,,,,,,,,,,,,,,,,,,,,,,,,,,,,,,,,,,,,,,,,,,,,,,,,,,,,,,,,,,,,,,,,,,,,,,,,,,,,,,,,,,,,,,,,,,,,,,,,,,,,,,,,,,,,,,,,,,,,,,,,,,,,,,,,,,,,,,,,,,,,,,,,,,,,,,,,,,,,,,,,,,,,,,,,,,,,,,,,,,,,,,,,,,,,,,,,,,,,,,,,,,,,,,,,,,,,,,,,,,,,,,,,,,,,,,,,,,,,,,,,,,,,,,,,,,,,,,,,,,,,,,,,,,,,,,,,,,,,,,,,,,,,,,,,,,,,,,,,,,,,,,,,,,,,,,,,,,,,,,,,,,,,,,,,,,,,,,,,,,,,,,,,,,,,,,,,,,,,,,,,,,,,,,,,,,,,,,,,,,,,,,,,,,,,,,,,,,,,,,,,,,,,,,,,,,,,,,,,,,,,,,,,,,,,,,,,,,,,,,,,,,,,,,,,,,,,,,,,,,,,,,,,,,,,,,,,,,,,,,,,,,,,,,,,,,,,,,,,,,,,,,,,,,,,,,,,,,,,,,,,,,,,,,,,,,,,,,,,,,,,,,,,,,,,,,,,,,,,,,,,,,,,,,,,,,,,,,,,,,,,,,,,,,,,,,,,
7,1.0,0.7138156773887605,1.270079680913264,6.210266574975877,1.5239138945761765,-0.4183905174816637,1.9400202670544688,1.2531338144419226,-1.0704207394792637,4.176721298319871,-2.374549759352061,0.42077126402226095,2.518191220227236,1.9378259774661633,2.111655976670882,1.5443192186826695,2.0610893324688284,-1.0051445417001093,-1.5806178812509977,1.724771057867785,-4.0468106438096925,-1.0324529759406114,2.126815711358988,-3.357366436922105,-5.505446081117641,1.8290699782228856,0.5152529293857664,1.8943770550473225,2.263164918172228,4.865218560664409,1.6783831417993047,2.3278014965917624,-0.28231535009580944,-0.1469454845486502,-1.37531531763918,-0.13447260795291896,-3.147258631661783,1.7744320248635046,0.6835878782188858,2.6807484457323962,0.793579151580357,0.6161618553502334,-0.0975302802582241,-0.3885611649204487,-3.047664301242237,1.6866903700202793,1.0929507864069128,-2.44932964396707,1.9105563578238332,1.9016864527314623,0.22898846564401762,3.4900630379019137,0.6812767487292866,-3.337076304385477,-0.2531779772588468,-0.6247223970121364,-1.0630456665008017,4.4552351269677075,1.8722844461151176,-1.5507533174437957,-0.9420176460901029,2.1765838734950465,-0.1579995951582499,2.880971884385801,0.6249026608901151,0.7613446345014963,1.4362860829026152,-1.4253365639942308,-1.8120091458448724,-1.8432741408111268,1.050951047596949,-3.477862145936429,-6.636682505988293,2.124555290742346,0.7557956815654339,3.7435942543659237,2.0054190321082492,-0.45280961233829864,-0.23057130953937005,1.3157131428941693,-2.0508828373155876,0.8310442304601323,-1.096508281131971,-4.137262790970528,-2.024160278804537,1.811904133416488,2.29751863985212,5.729901378942522,-1.3676134732614795,-2.8394512637303473,-0.9568448043668227,0.8698984304058969,-6.903992780327447,-1.07211369107497,0.3658300241999582,-0.18083104113489754,-4.463366205555662,1.9878635539575804,1.529274195991857,3.0394275838738136,1.3042075515015574,-0.343804986294753,-2.8077681358109676,-0.03320213633088588,-3.5491813710838773,-3.1611564500023572,-3.3240787929500204,-3.0726418934566473,0.014176823606250548,2.5301224312828103,0.7716084658828515,1.858641841713047,-1.0026851725287227,-4.521683001921005,2.721972035346633,1.6578343852537638,-2.5535529999723154,1.0464172404930854,2.993846287464684,-1.1363956412492033,-1.6056833921840172,2.0425168415641783,1.208679414960696,4.769838690792238,2.494872954362796,-1.0036437160953415,-1.1435447424163292,0.5640640905308875,-0.3124795084221691,-0.7224612220065879,0.5616471673253227,-1.3134790494246846,-1.0839338090429846,1.9892562388671402,2.2956960589380455,3.9115734362933936,-0.7222568545148504,-0.7119785819866132,-1.0564848912846818,0.08175997236405624,-2.2314291816301552,2.859371067125202,7.090630084181921,-0.10205743188548279,-5.165430702996049,1.8575505661674507,0.8673477327743,3.5538943795612887,-0.611662424618966,-1.311133026128805,-4.52968560334574,3.003252366853918,1.8927366583083565,0.1597655793386228,2.385782628694057,-0.7797156853673184,0.4796527728700512,1.7633594471491059,0.5142158990057426,2.5601769890283945,0.4979972496601698,-0.3236061204473827,-0.19689034407476275,-3.2808767228181543,-5.048856403905676,3.216768142288773,4.410661276671604,0.1737276210068731,-1.8119048145798498,1.1852080592171457,1.27560926603463,3.1774087524413654,2.042849965320362,2.475228206724636,-3.7037685652089998,-5.726862067153717,-1.3301435575615341,-0.16634942900001304,-0.588169591032137,-1.3572735992128193,-3.7017063821185077,1.736522811368845,1.146788121672593,3.430083376236438,-0.0770023437716339,-0.8770095541774561,1.1438940137130116,-4.558018872945545,-2.853324029375476,-2.8235594014605927,0.25775368041996216,2.507416824367144,3.6256036461905916,2.157276043602189,1.2423922812149262,2.5936435305384307,-2.213238600943308,0.8727774246160998,-0.46417395233458675,5.502880663475456,2.1416077479200486,-0.6980854841155002,-0.9555454138852422,2.622435408375718,2.6104215276723455,1.3259702772462387,1.3653812349520078,5.390201173686279,1.0270144471727438,-1.6288400419927878,-5.883216173035554,-0.7130110962127465,-0.20321370199484742,-0.5288650006376252,-1.8715055625653714,-2.6472841856916536,-2.5959335114701387,1.373763752020972,0.21985422858971213,1.0191759589790506,-0.037827195884726696,4.752840893557596,1.7496123950108398,0.8772723163935575,-2.650965256881465,-0.9862709231668355,-3.494283862395972,1.7754859783915937,0.3711186639190902,2.1484983202267305,0.7957814621553871,5.4255297717256274,3.1377828387597475,-0.8321118478308351,-3.968684081626684,0.4750869192319652,-1.0434325865221523,-2.378058683918032,-7.385768183269397,-4.934416963532874,0.03953732760395609,1.8594798811154178,2.1487681268845806,3.646978089692763,3.8966960347513826,4.7083947789664125,-2.002626849556117,1.2295841541991737,-1.0910250328871711,-0.07775616795907551,2.3296351247238944,-1.9375129191008982,-1.8833010648981179,1.5563027280184587,1.2739468491794619,1.9389949077261541,0.7243596663617766,3.910009800538308,-3.3889780271447956,-7.109354302819317,-3.4653651868417272,-1.6730233188390424,-7.164721405905779,-2.937454643255324,0.17664060471197618,1.64502877463357,2.2048289361824045,5.24644124370985,3.028060453181169,2.823697848798871,4.819887806452408,0.6147089464893868,-2.658767706753265,-1.5238210801210148,-0.17513084166196216,-1.7858448335363761,-3.7026241586394275,1.7394426344599616,1.284802926198572,3.441396521566346,1.6593111235513482,-3.530855518390612,-0.6968070199809941,4.071230145404983,0.53891086200345,4.530227125701492,-0.6778649621346076,-1.8391215366912554,1.8899806467500362,2.1577249410778827,0.934022065155269,3.7330003056928067,1.0777006732119245,1.0408664284131082,-0.23823584521114038,-1.4677937907074785,-1.9570772616213952,-0.6413813093654497,-3.4409848207674307,-3.949621448409033,-1.4390143409146683,2.0110139076660807,1.7539059615893164,2.7497949531284056,-0.7447201560617125,-4.352282416169617,-4.0627818525775075,-0.014981844070147287,-2.8642957254834234,-1.202688653332586,-0.5940842939699191,-4.0521395344540085,-4.660876730737524,1.847394263846597,1.625708685009295,2.318409560153074,0.00715139710447618,-0.4786115564006564,-0.33292033447844166,-1.708888889737848,-5.0567399027963775,-4.040616724778476,-2.0410959534138566,-1.9993814347076884,-1.8735377485265037,2.1694289546017775,1.8332664894652526,3.027325789192843,-1.655304450693617,1.9964389514508663,3.5034957817832297,-1.1720192030266274,1.421902767093584,2.293191187262364,-0.2927741703475512,-2.3553045792117877,2.289513962088332,2.427417373250265,1.6297922665973603,2.6989411244452755,-0.31434960409536417,1.7225281382795432,0.11770937375188936,-2.3604683335738224,-4.221570435389777,-0.6904886386163681,1.9693420783412976,-4.06435762162577,-2.4020939222821673,1.5031885999638772,1.7334044566962479,5.077678256903436,2.1978744479775454,0.507184435746682,-0.5029901130948651,2.7142673356114058,-2.5143653145813194,-3.2999326135938074,-3.6879760598534173,-5.872761836045431,-3.5605408659880484,1.4533055922343445,-0.14418484448193183,1.9337552265745186,1.2368151363244642,0.5034007005805523,-0.37053029771632934,-1.9939585219512934,-6.457339701302213,-1.7118236521459511,-2.2349093354793785,-0.9779870865010757,-4.137406637717504,1.8455449661300565,-0.11855207908767008,3.688825205450375,-1.9063935553576434,-3.4034584389095532,1.0381740134242858,-0.17116396210005808,-2.1059289134428303,0.777454238932739,0.3677284587908074,-2.6908259758132163,-1.6024625674249386,1.7348543724353436,1.419974924300613,5.18001082552327,1.8245489146696656,-0.453921343846602,0.5628240978873913,0.9062477770521667,-4.541063843952679,-4.501470460209674,-2.6911672975842253,-0.8483945921853858,0.024391950877282742,1.9915814773956573,0.6787922131564403,4.175753111135979,1.7955010901704016,-0.8861244391337503,2.2048582887619155,3.2602790455765724,1.4045740383577965,5.856023838741047,1.6698008375236062,-1.9801312584259947,-3.9305086423739066,1.785363876170423,1.762273563986456,3.2931511219070058,-0.9101160948623933,-0.9484481399413248,2.4009561422043846,3.7593978716260015,-0.6913022441552458,-5.83310626971733,1.4186270098088123,-1.2503104130870377,1.2373576556958117,1.630416279892206,1.9792903371055341,4.0952748652192,-0.046091938096300425,-2.043380766450219,1.022793376159604,-0.651366877718266,-0.33757105148439154,-4.088259707795018,-4.234709659128875,-2.354938730856317,-2.5550419296381297,1.5424825919696428,1.793148102093633,4.3894471879328725,-0.7556701936798712,-2.8213905223451246,3.5678270750501784,4.406868480112023,0.502878276111388,-4.864282823032916,-4.540575376922148,1.7635329806280804,-0.5662107534228713,1.7001536309550156,1.8199294967791668,4.1018268925173595,0.5524599562376954,0.4234439687881951,-2.2483340125047997,-1.821183689570468,-0.2543914229004063,0.0985523889058205,-2.441411986031566,0.5458664083665604,-1.787826094983102,1.5160726647833958,0.6320691677516015,3.1215145957672155,2.953933078645045,3.7602123026657437,-2.348843174989066,-3.0282650689024595,-2.768084469350683,-6.378188770247322,-3.6369780035700745,1.6987228016911067,-3.2590126585032357,1.8572813433029602,-0.15709518536385503,2.6029075109348083,1.2779777418374234,2.2682006291239913,-5.247707049159481,-3.752453764882485,-5.308754085149671,-1.8784724181433112,-1.897865494135035,-3.3570735118112514,-7.210024016513165,2.202107971102123,2.906132260184746,3.9599286856468616,-1.2238928573969805,0.9420550927721156,-0.2436622091520405,-0.6035970652602208,-2.822302576513855,-1.1334781768576958,1.3387404729728039,-1.8981703393130949,-0.21118332944903712,1.519630888684346,1.0441719398022202,3.7149372041371262,-0.8130981918281558,-5.668749945627132,-0.5182091950769248,1.4860277279210539,-3.882205015354562,-3.5370685369225514,-1.4262784595283278,-3.6043517454930916,-2.439696685309267,1.2788529855684387,-0.13037366595122618,3.3264351950915114,1.3488908211684254,-1.8289649547038522,-1.5843238619042814,0.1864482943722979,-3.079362260666104,-0.19511456151545437,2.1903570772589727,0.5771357739907945,3.3136059134589475,1.488974284255837,1.5276251077509997,3.8406550491464184,1.0301620528832092,3.2419155823575463,-1.6652017193717101,-1.1155237945872667,-5.298578611559778,4.561967784672567,-1.8551454927012214,-3.0657705776771413,-1.2946311825507806,2.2051167005684764,1.867013782319619,3.251980630395729,0.5742944633995428,0.46799959934071766,-2.934884553839665,-2.0317582895193995,2.03729233748423,5.291004807120523,-4.909860136202712,-2.8302576959324544,-0.6619270897904334,1.6339195171686836,0.4236936059175255,0.278784660853205,0.2708248842965587,3.4919302264107888,-1.2973771463470365,-3.0229468896052456,1.378046915164627,-0.4236787347644434,-1.6677309987225009,-3.6172811454817833,2.9948627445825675,1.7039510172832115,0.5167420748673309,1.8284993506569862,0.5935514345163414,1.5777703154176554,-0.632176609468899,0.3806350935613812,3.1399756057649677,-0.2529886714628889,-0.9958160287465725,-2.346183994167808,-2.6441131118988346,2.0239503498357854,1.5705638987441468,4.167989257594249,-0.9908555690506153,-1.6290021390989693,2.670570723415093,0.10041334169389295,-2.650767112249314,-0.5515193282624526,-3.835026594081979,0.26770077971856965,-3.7337743500729887,2.375507691841442,1.5178662314557934,1.38958282936202,1.6818380695774162,4.616593075892844,1.6252429746146435,-1.8279768047721705,0.8793619550726789,-2.5338327568233248,-3.972947893440972,-2.9665755490424868,1.0835129542899251,2.049755644823205,2.393567716996446,4.673210051327095,0.9690069353796505,-0.3114599154796641,-0.5454486952116936,2.4006598751554686,-0.4168333217505891,0.3434872002467697,-3.537067590444974,-4.5153928162902135,-2.079373463338826,1.5405040940577317,0.7952946335386657,3.1788735170105653,0.26334885141308856,-0.36607421051590083,-0.17236463640726507,0.8804078088250621,-4.4326346343262415,-1.397403712143712,-4.222558511732782,-0.18341512778855532,2.250985143260998,1.920351626914823,2.3523766117841305,4.274522170441189,1.4288741052420364,-1.9945543876347431,0.17359969475507606,-2.1765160587682835,-2.3957512747511376,-1.0597237679386577,-3.5980954638896607,-0.8605797094207215,-0.4967178019604187,1.693599071929857,1.6615704258338662,5.297073626216593,1.779065250943869,-3.2743427372027405,5.137577486102876,-0.40155584290373936,-0.9964695255308061,-0.8469845081263783,-0.2786739351231776,0.530696925928256,-3.170904064815777,1.9018597631043637,1.416101848667417,4.733868164207935,-1.3981323985381517,-3.3870683195066857,0.09339915210880066,3.2435426153989515,1.1870303774810027,4.130961264362439,4.193606879902142,3.2834402620776646,2.9825085497832173,1.7823656520343938,1.4796410836128209,3.745582018456476,-0.3605690530758504,-3.2006273993750645,-4.393644898704953,1.2982614917369724,1.4529503723552817,3.973334799425346,-5.052599445154804,-2.756007344263838,-2.2503999053875496,2.2511323982710003,1.4142756752436831,5.295279458006464,3.0721081436668016,0.2873244418172966,1.1877615332227476,0.22836886177942703,-3.182888027241526,-2.297899001481006,2.399659282808254,1.2757689096498526,-3.4770327488420376,2.132344982247798,1.3611254595631135,3.5747969909968025,-0.3389549286774421,-1.4522556573504892,2.3745443308916365,3.0544314420354226,-5.352715262208277,-3.157581280151905,-0.38315044272391735,-2.8230057704642206,-2.9116763401862507,1.7371305568984887,0.20354231881969825,5.6381792675105045,2.365019663677363,1.6085063017125945,3.659334628033058,7.397078274227373,2.965511318716469,-0.8003120543768212,-1.8458062236197024,-3.7615933061857008,1.5214560237188532,1.9536648292842964,1.565352579424549,5.264031956069084,0.46641111092148213,-3.056570978780653,-2.4982125348705164,-2.283882764556989,-4.5436538931837,-5.667189603004449,-1.0935572636535729,1.8783761103779302,-0.3067039062003609,1.8571525437451002,1.298008882084485,3.904442780380633,0.9987402648945158,3.880404587075807,2.622109405083702,-0.2967856541783891,-2.559213099035775,-1.669703949126824,-1.3199683270560458,-4.898440533788337,-1.0448345401241574,2.1350091565227034,1.5661558467755539,2.113349203145942,1.2319875722772171,-0.19584581651185484,1.33598851768836,-0.923469540498568,0.35135014804462533,-0.10743939647444865,-3.938105428879399,-4.1900845150117565,-3.9025733280549018,2.1020613708454965,2.496957443840669,2.172411977598666,-2.251237532113005,-0.21895115611842608,-3.153345534455071,-0.976103219832624,-1.270612072388757,3.3475786790387105,0.08791452998619427,2.724266458206804,-3.7878856535540186,1.7867968834616568,1.7248197195039652,2.7729546215254204,4.040957155461826,0.9471353330491001,0.39709960830262697,-3.8888240101596265,-3.4224417686129596,-0.33901088471913504,-6.368535078120701,3.435834452051806,0.030500696256978627,1.8783373244926356,0.19754945850879688,2.3167472274667613,2.3990404878009497,4.203483619259671,3.1166134045654093,-4.844799769401477,1.9581385300031326,5.372905159885843,-2.979432099753716,-2.4028217472498943,-5.141902855315107,1.5873700804851913,1.3624480596664703,2.999053052697427,3.584081355773702,2.234072749746633,4.684829220464763,1.6116421607353315,-0.9634010977566692,2.337475341701518,2.565209795886567,-2.879034768892898,-0.6697561836220981,1.6145072154696962,1.3683756329997032,2.6304707359632533,2.5888114844272563,1.7413524325095378,1.7818169993371893,-1.5921316028467611,1.9613157000866503,6.531838174406564,-2.5281715930405344,-4.209016984005874,0.3309999303007717,1.8397045265443952,1.4653660708529097,4.770293793926025,0.21733428816442205,0.24723697700849226,-1.8982607841148047,-6.029708684918663,0.22071398649870927,3.3801680884918124,1.1030288372982069,3.9705557554498214,-0.14946015254939554,2.105678589373421,1.6188308126406525,2.2995542111902565,0.19649915968952916,2.3137601624016115,0.07268105093037366,-3.2867275751071463,2.5150932926853544,4.36436772850453,-0.7025549613773581,0.5286379372515099,-1.8212735948608514,2.373682032559973,-0.44427541161192724,1.1346113261383473,-2.486696322988521,-3.1296097491437678,-0.26355307725753074,0.8413370441595635,2.0720030453776266,7.290999431413582,1.3455671216399394,-5.968537095961375,-1.0626107462991823,2.294753411555549,-1.457548370091379,3.1267089773187515,-1.9992541858297612,-3.073785797177469,1.487026821180624,0.388946730715282,-4.681901157480278,5.952555394011324,-1.1960258003913073,3.5918615408033734,5.801318031179897,2.307700886543938,-1.5159997524841766,4.153261329661747,0.10881775270179529,-8.629783145513052,2.7347321429331055,0.5687962990148284,1.6091845188083154,11.502058760997421,-3.4398048470450893,-3.953563772242437,-3.4716558772594914,1.8313991059941603,-3.01292138270764,-0.6046619156903774,-2.157489197968645,-9.25361227848077,1.5215062290279415,4.2548878220258155,-4.148856385368994,8.555713178638404,-2.162117257394767,-3.244191973637429,-4.588141835868532,2.6317880892998597,-2.5032593966276946,-1.6767836850876856,2.755664448020645,-9.213141328631922,-2.321154778516201,5.443708902093354,0.6479904499832311,5.936969437222152,1.591920056359244,-2.8219411429116827,-8.336564948183442,2.4102633264178044,-1.925546630889222,-0.8773839912196382,1.5960080992036014,-10.52923380526669,-2.3997722038195537,2.8917836385737457,6.3722878314723035,6.564742824744592,-6.270653341273903,-1.670366348927241,-3.882245016934923,3.0117880658186276,-3.1250897810303897,-0.362892417251039,1.4056770855247285,-9.72246224403266,-2.566461278948607,2.5356770384207667,4.3817527987387646,2.6139887362357226,-8.748624261141533,-1.000185895643294,-4.532819317041428,3.346416875743089,-2.0911723155022455,-1.270536218147363,6.013232527574615,-9.679601780271925,-4.016690414941621,6.006859453316258,6.934247268897426,0.5952013635303095,-7.86308745403441,-0.06580518790445554,-0.6168454083380133,2.822342980541901,-0.6358541168114544,2.24709281987914,8.384227800616632,-9.784569506899956,-6.528957813773085,3.722349597454341,8.006730768361757,-4.107329238044972,-9.91987627035876,-2.5618610900364795,2.6216421173488857,2.9093067428730226,-0.8821007216840046,0.9434865813515184,9.796010507284503,-9.556554661499316,-7.106272436862452,1.647747429695604,5.944868975949797,-6.160086259292999,-8.666933572840595,-0.6343670066070598,4.702601341964629,3.229619568297775,0.18976658359986603,-1.580559158169087,6.125875228925433,-7.660135594005355,-5.938527152417901,3.600504795592474,8.008656791394998,-10.27132045200667,-4.869809222968099,1.1320539563692904,-0.13152094337957895,3.2115979152159397,0.953451592153293,0.39250443348466196,6.9924447549498385,-5.913245257760233,-4.114744388424756,-1.2501344616738868,4.258461210878249,-8.836718417307845,-2.9078505104347,-1.4081686244291862,2.489260800246631,2.8387968454259127,1.5281007738822872,3.6559941337913595,10.008255787862636,-4.936428930296166,-9.374184053685553,-3.852597242350412,0.7287370512981435,-4.283411417417372,0.43569550840681603,-1.1199243780435018,4.881809129111405,3.714619660597381,0.18675009429595257,0.8903534148340352,5.2139680939593545,-1.8248717526590634,-4.035080598266257,1.1791199507657375,0.2608030367188162,-5.515094177652505,-5.020254621758917,-2.0728936871249513,1.6670740487669353,3.3778287962901024,0.22559983592217245,1.5199263385002473,2.1001025661216257,-2.3912512925293705,-1.3265909244800893,-1.5272980455230296,-0.33615198260751716,-1.959337123877864,-1.568742084478329,-1.8008881208173586,-0.6981308116660654,2.3813755291063434,0.34736329576041614,4.842396427789747,2.7665300807576716,-5.510686512747271,-8.006823016490436,2.217999663120505,-2.31415525603428,-2.230090939074018,-6.323181683225897,-0.18957391162128356,3.1563163549497513,2.5659729211936595,0.5849968288677556,4.2924094109679904,6.669856391597688,-4.27725931299383,-6.5315925269229815,-2.1279576100529587,0.21612007003372083,2.051545002143728,2.1501065822296885,1.4050243690719144,2.738290677847315,2.2967152171616827,-0.3162422099229886,2.577849010483924,5.214678867242068,-3.984334855610692,-1.0541022301957543,0.4366144986278017,0.8145020638827604,2.9995342040074155,11.132481880078371,1.1890975254793168,3.516654410355885,2.898002690929087,1.6781048196747461,4.940999156698488,6.619914673799491,-7.363235293920718,-5.177998973279385,-3.652277820564249,2.2987611182962615,0.4795200443829674,2.210281201944781,0.44395995270619615,3.1768120124819825,2.790101666879034,0.5823866175473247,4.972235322295424,3.097843955971512,-6.906684895330115,0.3580091795650953,1.483385496849202,4.326212751594949,1.9443252506804343,3.5542166620210507,-2.9311320908760035,-0.08357562695555655,2.9319239811260314,2.062839823798108,2.9645526008240584,4.392461909191983,-6.260060733196282,-3.1332669078009694,1.8966563854442682,3.0061181294000208,2.3841545138780735,0.7789318458909906,4.647994510207289,4.787450036693274,2.860149339337976,2.833366806027547,5.675406638382799,3.129557967970132,-1.6801051022679339,-5.442637547024221,-3.1897542208265475,-2.176180895713745,2.955288141615456,4.389579442725666,-0.5664691227848759,3.4882406925468517,2.7076762785165522,1.5324656759374633,5.292386443995862,5.731562824612521,-3.2500913307204673,-5.929307769879091,0.38368414922507516,0.5228265724504888,3.7399330273693048,5.194288973133315,4.415246587342023,4.320635668941215,2.123071653731889,0.88490983930802,5.623446039277347,5.178283352762286,-0.0033976615765786097,-7.558416413612312,0.16288576651755676,0.6706721989487768,0.6954176717852946,3.8725858308608947,8.703965438014388,7.951963028604634,2.404376168932249,0.790551639467689,4.530393341117417,5.911542969990595,-5.504999692927278,-10.322517143265967,-2.5402696453668665,8.042573452387664,10.496327064701214,4.764659935860917,4.701087129421841,6.63984244015235,2.6676635523340955,2.191565213147336,1.7223393015910902,7.2091039322841075,-7.589391554772703,-12.556449932580454,-6.440431921262488,10.934628939513798,9.514983788833646,4.059766494998696,2.0185921175024872,8.519447111032079,3.0473954859420456,1.746953584427057,1.0040499808304935,7.501643196544095,-5.237474383363713,-11.58490174281604,-7.4629444722710625,7.504165890788499,6.680313576029334,6.646178472377913,4.758560864629341,9.895273992404377,2.918454768407648,2.445896432316976,1.886995983570446,8.20681127897923,-8.064409859984124,-12.876577852880956,-9.866433953883202,9.554481725079805,9.638921165158875,7.320586931703,2.116717362699596,6.699183266340469,3.2261591496462882,1.2204387009115494,1.4053970490438847,8.174778673266543,-10.156095915099035,-11.866171685683176,-4.745073831571443,8.40150385024905,7.207077372754177,5.85545857373532,4.04231211597669,3.707201624634738,2.861862182658083,1.7261584285337805,3.768646104429406,6.300505770994946,-7.936945651950128,-13.292244263457981,-6.50782109908945,8.881075657160874,9.54542533613811,6.902735327435765,1.4741750964092875,7.63410299314023,2.626673430424492,1.0996547975240663,3.8614616967813475,4.908750724279347,-9.753600769875327,-6.021047780930906,-1.9112283015070164,2.3598983178060386,10.242574246248013,1.1126942194829268,2.840553914171643,9.587067764802532,2.1345714986777247,-0.10692384937447787,4.172863892126339,1.460214348019749,-13.37204549142643,-3.2159603675246875,-6.753917051753239,2.189004799829841,12.649648898916226,0.6189335458355284,3.15936674893915,7.29500531947076,2.421532083951899,3.1300259977523526,6.365697615959432,-2.547964587843522,-10.556381199400395,-5.69344510882646,-8.451710404741112,5.44950017575352,13.779300116986489,-0.986679057847004,6.6855061300414285,5.043355552682144,2.1251351097706657,4.22843248518262,4.880294432145111,-4.92649630787272,-8.265930099670111,-5.22606004298785,-4.443694252581951,3.5796199993146662,14.180594097254522,1.2098967627206747,6.490972322548831,8.525526370136184,1.6649931394322897,6.484911589198649,4.3649664789217395,-2.5716082198904173,-4.122190439263281,-9.006335590984364,-1.3590139533133148,4.090005498552031,9.31731452906691,2.4265146438269634,8.367692050356833,3.8381915911340876,1.2321007374825583,7.075499175905474,1.9436637839750368,-2.5042056231690153,-0.43171365805041934,-9.813427422286402,-0.82683651329016,0.32401478816678114,8.378238541794051,5.980487557991335,4.77599963906061,4.135243639574448,0.7139451405053702,6.409628879691145,1.924534627110434,-0.2831838650543141,-0.9115057245694416,-4.291837742017349,2.6637671610684923,-3.205601948923912,8.387277690505679,6.677291719457016,6.105429889603295,8.74688514029432,0.4416246510119806,5.030450016556685,2.0724095310773114,3.3997140037863907,-0.2143574160930959,-6.909304029385545,3.304710804590108,-1.5676016817520135,10.354784811112037,4.555133180428105,7.174264312185867,6.021187824209916,1.1805104043708372,5.345747790931479,3.033985208246238,0.7107884465077055,-1.0416965806272271,-4.786727067759137,8.35494123953588,-4.592767317100142,7.28746280978885,5.924828609991263,3.467180667677689,4.295870158443462,1.0548493750058294,5.217783261645105,4.029328094845228,1.1348335082080623,2.881304464498749,-3.080070122756475,4.876416330783293,-1.064038612235059,5.805162626950218,5.934636698014027,4.006001454422747,0.6020281613066898,1.477533028801628,2.9282793603839625,4.25405798885395,2.501676968882127,2.4013251437146783,7.6917517298855085,5.707389003926014,1.126447379028371,0.482216572059897,-1.7374389413865656,6.57632467943478,3.440959952679038,2.126745447085605,3.5529550802539704,3.301869765339606,1.9886291193341663,1.4045167054182723,-0.34740383094655025,2.5263890824513835,-1.1225983374959196,8.406032634315626,2.6139198558524948,7.463308284217695,1.4030704772587055,1.9316295699578738,2.649652158553357,0.829993753729367,-1.3337286619681064,1.8992642770054438,-0.22560978889501568,-0.703024636434586,1.3389778279036597,7.022819108954605,-0.3487981483944498,6.589566658186808,2.9251213139845564,2.278646110401569,2.678207439596317,3.18318893177465,1.0359290048841683,3.651597283064447,2.743309434081374,-1.7987975027406549,-5.631688331996545,2.0327297963470414,0.30837253183097485,0.5940330745389124,-2.5875602650245755,1.8595611534068428,1.8427317332204411,4.178672248564874,3.426052614954733,3.3992222140616946,-0.17783370861314973,-1.205146579168554,0.4108985093264414,-3.5534052367828495,-0.2458997336116946,1.8630560779525656,-0.6004406067272603,1.7673380169702915,2.6259460291468533,3.9767960650745,1.1180029556019844,1.9744072692591446,-3.679944929416102,-2.5815352787408488,-0.5862583021789077,5.617000802202594,-6.146397032090955,1.175168815545218,-4.050537003367454,1.6021632710867175,1.6495570875355656,3.1372500602531974,1.6531551112292968,1.479444673748276,-4.159348459960779,-0.0899990610945694,3.2392172735015317,-0.5693418347471684,-2.2334660285398296,-2.5053568687562975,-0.50333057582299,1.6611245752163344,1.984148257916588,6.3264653762888825,3.7544357808646267,0.5960503785166351,0.18245926023382475,2.389251004220765,-1.8776026008714235,-0.25759228257251543,2.6599919344445078,2.308354466154312,1.838753024708849,1.9012919381890065,2.194124278190727,3.990460790063788,0.28706846372709255,0.3884162725933194,1.1660467536862509,-1.6410799658345752,-2.7200359581219655,0.4727853913903473,0.3772587881153602,-3.6968201765207476,2.2203804841115042,1.6980301646583245,3.307152914301468,3.064290044362649,-2.3812384405973455,1.7745091304811822,0.925122113304036,2.040085466190629,-0.9609858179807942,-0.35922842599366206,-0.6537929423635264,-3.1164886788621726,-1.7048768782637516,1.414159192131347,2.095598410185548,2.995602626414173,-0.966813110745495,2.3956150460573884,0.1652707557315596,4.6453587875825,-3.6120082743586046,4.217618013908121,1.0659627509150689,1.1471196084591746,-3.433674896004991,2.089223771951499,4.333455972456771,3.6424771763293373,0.27348563511330387,2.085708516922677,-0.7830127341026275,0.8012342559584431,-3.558958086320678,2.5598400776046963,2.395913487425048,1.3701036061485463,0.17638769129220264,1.506300055377724,3.084167143096799,4.075884046760786,3.8281026197851413,5.034801056872824,-3.6002958781244545,2.3968807936255057,-1.24448028786191,10.709206482156098,3.680496853822864,5.117498477750041,5.7156095818572155,2.2026892342586524,4.177706388345352,2.7143864514494527,2.3391889430148773,2.2991209641513723,-2.2244354536600692,-1.7736326202895834,-8.477025275812247,4.15530894020579,2.407747296794801,4.520944481889164,3.1517330173129166,1.8807786457269475,5.960190123869735,4.072748994950554,3.3239170876167154,1.737003484759297,-9.380557561127677,0.05546689405702208,-5.76164085376579,6.607951042410481,3.698800961562665,5.576641262656947,5.76794883867581,1.656009431036259,7.62312744995815,4.9907617445684505,3.7652289253417814,-2.274922161703387,-12.382651001950586,5.592214845566976,-6.2108046384504005,4.7407529290319195,-1.0761153749849277,-2.3897235931610905,1.6143931751290612,0.8013100214204515,6.49275336220886,4.512471772709832,-0.7180950405434836,-3.4882683927754425,-9.169196937304235,0.17078677770849712,-13.666733138066297,-1.5953433383920341,-3.8634682504103393,-0.7470340002077975,0.9611980073766687,1.5508642442267775,7.408733828079756,4.8404896467973035,0.7224682509010331,-1.0310262400499297,-12.539661790535147,4.228158009961768,-10.15748982077148,1.095424159824929,-3.9537636215068797,-2.575234182715189,-2.056885942527373,1.0328889499351745,6.374996665553692,2.345207656403182,2.7824831418046574,2.3669457155953877,-11.018472435282062,4.510737932883961,-8.718540684700471,5.979616244891903,-1.2783586301385275,-5.786999301918006,-3.8711774735778124,1.1638750444408137,5.364230251849445,2.7161725827545546,0.659903764650923,5.6235586531896,-8.592174101011677,0.9287235946980663,-11.883212099441327,-3.0006932727269553,-3.7559010126026107,-2.9893808543701956,-3.2425318546769595,1.3773848647878664,3.600860745301512,4.085983239497582,-0.43387402513955453,4.084009540246473,-6.557196851684849,4.891405161406843,-9.27404149246093,-4.73307300031573,-4.019254646262803,-4.01843936721285,0.11231091937766252,1.8071892382275292,3.4989584594919894,5.0655750716437655,3.3102592248436595,0.705763673591117,-8.266787241262797,-1.549803714333673,-9.017118272287167,0.36073432969518393,-3.2332723274984976,-3.979359170431381,-0.9228536245357799,1.655919310756711,2.0527676713795295,3.132560033834138,1.9140769879360726,2.8085897910125643,-3.5479716863375415,-2.553307723237638,-5.358443901845302,-0.05416025470049839,0.4461976993466852,2.0252813105388054,-2.46419953537651,1.9804533507541302,3.422241101175855,4.830011761896794,2.2953309382358094,1.3800906977236462,-2.2792476815706313,2.578928786549685,-7.419934820424762,-4.952928583871451,-3.794325047211312,-3.8077378856724944,-4.452563106176433,3.032892006685519,2.188606194928846,3.7136577976530836,1.8930898539942358,2.6977170018378085,-3.490226637938321,-3.562692342582924,-6.475955496631747,1.776878301862841,-2.6441760722558905,-5.333065922052449,1.6848713792939445,2.1100556327553734,1.3277882875565519,3.623748842555414,0.04968852639867907,-4.786926752882024,-5.3464717162819495,-0.4070401369925651,-2.4225673151455425,1.539083063901028,-4.529202264494371,-4.174126984380351,-0.7863926632166536,2.174118802685883,2.252493720904659,4.736707465690832,-0.7084110560512242,-2.3834526001206022,-0.7161287118660793,-0.9514881857710223,0.7157041839394016,-0.2849205538366784,-4.416110217411931,-4.516988788026456,1.1470329873565144,1.7795430379570787,0.7294704248341309,3.8808084393121036,0.6708215307061146,-0.358131920717803,-6.38430076679207,-1.3150699407558482,-6.057865863300836,-5.019578966804319,-3.493055175608625,-4.062005534165543,-2.3417469896921466,2.0077431556744023,1.2792645038937445,3.5711985077958337,1.526732037457258,3.8517645907890223,1.3571660097383496,-7.506760994257834,-6.132631109604546,2.6808122805373693,1.7537967795918377,-1.6186071084630027,-1.539612458435034,3.121644057244197,-0.0476389028976045,3.41689957002673,2.063003789154081,-1.9993376261744313,-3.2978346023462795,-0.9067631799394896,-1.6376545437991228,0.6141552305710711,-1.5286456918701834,2.640570318201806,0.8484691935594306,2.769466122317614,-0.031469249815967465,0.9652429422376944,2.9796188376113184,-3.8929564847871565,-7.857826069231105,-3.1449677354277554,2.6518702080399015,5.246075215847889,-2.891953719414196,2.5919600758651105,1.3894815130513773,2.9784879051905326,-0.36415759571587314,1.2505670882390292,2.772549940102007,-6.869829068141506,-10.443701163315234,0.0661714762481151,5.778359608647112,5.7682397852607,2.9730528440446298,3.1716777382813333,1.9208776486852495,3.3614176676563328,0.22625528132319214,2.161572765384811,2.9330613458317942,-6.460198733758779,-14.386529616570325,-2.6165426906879627,10.180039249997948,6.0654687567233285,-1.8184488878920655,-1.5910578256454837,3.1479763814539057,2.979383563567563,0.43837810959719864,1.107236115217559,1.7728256095881845,-8.330632091118439,-18.566374825728882,-7.757690801485879,8.578649210805752,10.017734990577871,-1.2024513604153217,-1.621401567603571,5.038600510132572,3.6581879459270903,0.19785660371641453,0.4370315099127401,2.375070234432096,-7.756920557986969,-13.422496198807474,-7.148725266558671,7.645832320252103,6.338151698743662,0.7106242420894556,1.4096744969475066,7.252060491665083,3.2988785206758577,-0.25056616855540526,0.10876397759296516,-0.022755795634420293,-8.646216481993708,-12.258569461791996,-7.738242918867092,4.229452411989893,6.62890132649538,0.9296676797569129,1.5585905318188562,5.627154602606711,3.609727828848922,1.5876436795241085,0.8806242250706203,2.2699757256985515,-4.442845063209468,-11.42798712321697,-9.902513461205055,1.5893547345577572,6.268624583675079,2.38496278481414,0.2645516414200731,3.2483324045478055,2.9115178140811473,1.4051148080211324,1.4008943741395006,0.44547009247764274,-6.2997247981109155,-10.863295145670032,-5.42922365493613,1.8832707740746657,3.950889247409887,1.8721891785624312,4.400775565005591,6.795617839595927,2.9142064416063334,1.7571620321356978,0.9095584179396352,-0.3946199506175859,-8.621136995770133,-9.94180144253234,-3.1511765643984324,1.1023873709886995,2.9115681238265596,-1.3921485226700965,3.052604896784304,4.777711373802733,3.0471489793811095,0.5194931545149765,-0.1693592222064579,-2.011684818271819,-6.802691505466969,-10.369046551471381,-3.6026471638357114,3.3750500909563383,1.339265890369419,2.9911263366552805,0.5432687137053575,6.775032934743832,2.852294390146234,0.9921023329967416,2.669999807447893,2.4050380417472814,-5.631019094020504,-12.749369547039505,-6.548610092365116,4.720560565493355,4.054683921072159,4.296509209183584,-0.397677296960974,3.2629911615957945,3.440947631376372,-0.45688036846444985,1.0049774095852126,3.5213021081036002,-2.1412376073939847,-7.484565683033646,-10.180219427294448,1.4764097809109171,5.978670469570355,0.31470650669909533,4.684633947413502,5.957116183610384,3.3432852326133595,-0.9243662122000362,1.0530313216344336,2.682490937703973,-6.890684629764165,-12.904095822988396,-7.170080806861114,5.781058020202481,6.976402753706294,-2.314412369685244,-0.1482406010968482,3.8590963163224012,3.262987637704286,-1.2615297938537526,1.250809388178285,2.736255900171828,-7.696691774111589,-9.476115340984041,-3.683542083914089,7.806261043987519,5.194747643188687,-0.28206395661143957,-0.23180335222792778,0.6416669909784815,2.746750779614663,-2.53948466358393,-2.8110813712772234,0.501668884668422,-11.655209242318772,-9.84703089376175,0.38666121745184134,4.834635635639588,-2.657746853482198,-6.677923162890067,-0.13488030730700784,-4.586396396591764,2.2485447998285273,-2.1771836903476434,0.7040521033680289,3.449069826685995,-4.682494254003556,-5.501710975489639,5.062568665697685,8.348126356020474,6.96697293263503,-0.3661808014921885,1.6357751834213374,-1.9979751730093205,2.6604169419193564,-2.1986697855199275,-1.0657397021266266,4.492512168242966,-7.511488254327497,-5.1822774100199425,2.0742724914489505,2.632938592735894,0.14706737317853621,-2.8750389095927873,1.664073884345258,-1.5642191861111616,2.7206229007774216,-0.9716989123568436,0.3815794469969029,3.0105654721827695,-6.948955196944073,-4.9149065781336105,5.82204945772868,1.4173775167996367,-3.239509037614356,-0.47689449893737834,-1.0219563377786904,-4.477248275155876,2.361069155072598,-2.6899575474397825,-0.1307048532052106,1.1165196725179782,-7.7747717945372266,-0.08193216582832384,6.940780165452076,2.367531602648291,2.6152082690330953,-2.956700072277758,2.3112316026759547,1.6805230361693182,2.251024901739825,-2.0805492094441447,2.8661738991795467,1.8373257080108774,-5.834371069258891,-1.9539727433485408,5.887811248004472,4.2406850618428695,-2.5431475123961835,-2.29676287313216,0.28330303633218296,0.26818637058071626,1.9225283901872776,-2.3915232190050673,-0.5160214052186332,-0.33683844323230194,-8.24146881070564,1.1899048753031303,9.98237957858002,-0.3005095153701344,-1.9209126502932377,1.248805407083517,1.1886568428637252,-2.5533744481709837,1.7063009583980817,-3.1215209982767456,-1.2059019183066808,-2.683618503598559,-8.420424944523118,-0.06243549797234419,8.258947522771459,0.6492616317537597,3.5039955810391312,0.3989956187738403,-0.47980902347753396,-0.7234377917246736,1.4993214600200662,-3.872406740941765,0.9230080698905518,-1.0913669703068507,-6.668290427529489,-7.465481681266551,1.2736697297051947,-5.081271778521497,-1.856383621903842,-0.8108836448613397,-5.145506404641988,-1.1120418975645525,2.127618582254081,-3.1965043798027275,2.2298464542673395,1.3869714671661524,-8.01030187830765,-7.5194678412730065,0.945414489084683,-3.320845879086666,0.41017677719596696,-0.07565393635980369,-2.7022620137046913,-0.24965033438995055,2.6823260699942804,-3.9767229010895795,1.3151326769061522,2.5314993312793406,-4.568497506262852,0.8928970386798898,3.6738415505144033,1.832242967840217,-0.5732415934617197,-2.0432213038692226,0.8339323577576531,-0.10510913323762935,2.00430360597459,-3.4705570060755058,3.9575824205248353,-1.5994688346042056,-8.450669851296702,-2.922138096015262,2.400698734224834,0.3191863181782656,-2.49824153810937,-0.7921464421104576,-1.3231506367848538,-2.708670370161268,2.0679806827157705,-2.1544882967551593,4.296300772021434,0.25169548288257076,-6.779385911158236,-2.2944131048930196,3.239481058642068,-0.8581631955377526,-0.5985096914793927,-0.4657861001026616,-3.3932963414570976,-2.2292908923614307,2.0002349203695586,-3.2280738669492584,6.56051900707595,2.3477621438128122,-5.971706471434684,-1.5672995474446714,4.592985226261073,1.171191813921934,-2.6678544186092292,-2.8398977911714836,-0.6991378449494354,-2.6534835742404965,1.8024224579509054,-2.8656962366232737,7.671872974208227,0.13918904495595444,-6.357493964988915,0.26902550811999093,3.7919100572072293,4.708888389342675,-2.217087599685546,-2.447964218168597,-0.006831919759782906,-2.5111399325563157,2.495539336826146,-5.006745022298245,3.964973939722454,-1.007776324836698,-7.283978367713205,-2.332864571883193,1.1721048524219273,4.444319938733882,0.08938482373929683,-1.1240569182539861,1.5072269576797037,-3.006154660838189,3.2403829208077375,-1.6910777549497054,3.331303011680886,0.07894679074421,-6.465664851202868,-5.2734286286150995,5.562946777290051,5.2330603009432535,0.5461630243390071,-4.756847456515282,-1.5766575075593314,-3.393185078775366,3.297633167550787,-1.3112089782785978,4.728345139980571,-4.079393273220852,-6.007163493206714,-5.377110084773501,6.937272332047816,10.285622988390449,-1.8507721566103439,-5.434698365470018,-1.4608322283938908,0.3369690893687677,2.8246016122902495,-2.402131750661429,1.4931758805072661,-3.2364221338508488,-4.588232837961742,-6.850624298838151,6.339607028175215,9.674671360102323,-1.6174255839901845,-3.5528304336967085,-2.735362537320369,0.48646346726607403,2.530753316063831,-2.529115536782393,0.0860695997964129,-2.417793660505266,-5.134196257252256,-9.65603293357792,9.898807456033465,6.776370689930518,-1.4172988328450895,-4.534071043309068,-4.160115473738254,4.038598111292079,,,,,,,,,,,,,,,,,,,,,,,,,,,,,,,,,,,,,,,,,,,,,,,,,,,,,,,,,,,,,,,,,,,,,,,,,,,,,,,,,,,,,,,,,,,,,,,,,,,,,,,,,,,,,,,,,,,,,,,,,,,,,,,,,,,,,,,,,,,,,,,,,,,,,,,,,,,,,,,,,,,,,,,,,,,,,,,,,,,,,,,,,,,,,,,,,,,,,,,,,,,,,,,,,,,,,,,,,,,,,,,,,,,,,,,,,,,,,,,,,,,,,,,,,,,,,,,,,,,,,,,,,,,,,,,,,,,,,,,,,,,,,,,,,,,,,,,,,,,,,,,,,,,,,,,,,,,,,,,,,,,,,,,,,,,,,,,,,,,,,,,,,,,,,,,,,,,,,,,,,,,,,,,,,,,,,,,,,,,,,,,,,,,,,,,,,,,,,,,,,,,,,,,,,,,,,,,,,,,,,,,,,,,,,,,,,,,,,,,,,,,,,,,,,,,,,,,,,,,,,,,,,,,,,,,,,,,,,,,,,,,,,,,,,,,,,,,,,,,,,,,,,,,,,,,,,,,,,,,,,,,,,,,,,,,,,,,,,,,,,,,,,,,,,,,,,,,,,,,,,,,,,,,,,,,,,,,,,,,,,,,,,,,,,,,,,,,,,,,,,,,,,,,,,,,,,,,,,,,,,,,,,,,,,,,,,,,,,,,,,,,,,,,,,,,,,,,,,,,,,,,,,,,,,,,,,,,,,,,,,,,,,,,,,,,,,,,,,,,,,,,,,,,,,,,,,,,,,,,,,,,,,,,,,,,,,,,,,,,,,,,,,,,,,,,,,,,,,,,,,,,,,,,,,,,,,,,,,,,,,,,,,,,,,,,,,,,,,,,,,,,,,,,,,,,,,,,,,,,,,,,,,,,,,,,,,,,,,,,,,,,,,,,,,,,,,,,,,,,,,,,,,,,,,,,,,,,,,,,,,,,,,,,,,,,,,,,,,,,,,,,,,,,,,,,,,,,,,,,,,,,,,,,,,,,,,,,,,,,,,,,,,,,,,,,,,,,,,,,,,,,,,,,,,,,,,,,,,,,,,,,,,,,,,,,,,,,,,,,,,,,,,,,,,,,,,,,,,,,,,,,,,,,,,,,,,,,,,,,,,,,,,,,,,,,,,,,,,,,,,,,,,,,,,,,,,,,,,,,,,,,,,,,,,,,,,,,,,,,,,,,,,,,,,,,,,,,,,,,,,,,,,,,,,,,,,,,,,,,,,,,,,,,,,,,,,,,,,,,,,,,,,,,,,,,,,,,,,,,,,,,,,,,,,,,,,,,,,,,,,,,,,,,,,,,,,,,,,,,,,,,,,,,,,,,,,,,,,,,,,,,,,,,,,,,,,,,,,,,,,,,,,,,,,,,,,,,,,,,,,,,,,,,,,,,,,,,,,,,,,,,,,,,,,,,,,,,,,,,,,,,,,,,,,,,,,,,,,,,,,,,,,,,,,,,,,,,,,,,,,,,,,,,,,,,,,,,,,,,,,,,,,,,,,,,,,,,,,,,,,,,,,,,,,,,,,,,,,,,,,,,,,,,,,,,,,,,,,,,,,,,,,,,,,,,,,,,,,,,,,,,,,,,,,,,,,,,,,,,,,,,,,,,,,,,,,,,,,,,,,,,,,,,,,,,,,,,,,,,,,,,,,,,,,,,,,,,,,,,,,,,,,,,,,,,,,,,,,,,,,,,,,,,,,,,,,,,,,,,,,,,,,,,,,,,,,,,,,,,,,,,,,,,,,,,,,,,,,,,,,,,,,,,,,,,,,,,,,,,,,,,,,,,,,,,,,,,,,,,,,,,,,,,,,,,,,,,,,,,,,,,,,,,,,,,,,,,,,,,,,,,,,,,,,,,,,,,,,,,,,,,,,,,,,,,,,,,,,,,,,,,,,,,,,,,,,,,,,,,,,,,,,,,,,,,,,,,,,,,,,,,,,,,,,,,,,,,,,,,,,,,,,,,,,,,,,,,,,,,,,,,,,,,,,,,,,,,,,,,,,,,,,,,,,,,,,,,,,,,,,,,,,,,,,,,,,,,,,,,,,,,,,,,,,,,,,,,,,,,,,,,,,,,,,,,,,,,,,,,,,,,,,,,,,,,,,,,,,,,,,,,,,,,,,,,,,,,,,,,,,,,,,,,,,,,,,,,,,,,,,,,,,,,,,,,,,,,,,,,,,,,,,,,,,,,,,,,,,,,,,,,,,,,,,,,,,,,,,,,,,,,,,,,,,,,,,,,,,,,,,,,,,,,,,,,,,,,,,,,,,,,,,,,,,,,,,,,,,,,,,,,,,,,,,,,,,,,,,,,,,,,,,,,,,,,,,,,,,,,,,,,,,,,,,,,,,,,,,,,,,,,,,,,,,,,,,,,,,,,,,,,,,,,,,,,,,,,,,,,,,,,,,,,,,,,,,,,,,,,,,,,,,,,,,,,,,,,,,,,,,,,,,,,,,,,,,,,,,,,,,,,,,,,,,,,,,,,,,,,,,,,,,,,,,,,,,,,,,,,,,,,,,,,,,,,,,,,,,,,,,,,,,,,,,,,,,,,,,,,,,,,,,,,,,,,,,,,,,,,,,,,,,,,,,,,,,,,,,,,,,,,,,,,,,,,,,,,,,,,,,,,,,,,,,,,,,,,,,,,,,,,,,,,,,,,,,,,,,,,,,,,,,,,,,,,,,,,,,,,,,,,,,,,,,,,,,,,,,,,,,,,,,,,,,,,,,,,,,,,,,,,,,,,,,,,,,,,,,,,,,,,,,,,,,,,,,,,,,,,,,,,,,,,,,,,,,,,,,,,,,,,,,,,,,,,,,,,,,,,,,,,,,,,,,,,,,,,,,,,,,,,,,,,,,,,,,,,,,,,,,,,,,,,,,,,,,,,,,,,,,,,,,,,,,,,,,,,,,,,,,,,,,,,,,,,,,,,,,,,,,,,,,,,,,,,,,,,,,,,,,,,,,,,,,,,,,,,,,,,,,,,,,,,,,,,,,,,,,,,,,,,,,,,,,,,,,,,,,,,,,,,,,,,,,,,,,,,,,,,,,,,,,,,,,,,,,,,,,,,,,,,,,,,,,,,,,,,,,,,,,,,,,,,,,,,,,,,,,,,,,,,,,,,,,,,,,,,,,,,,,,,,,,,,,,,,,,,,,,,,,,,,,,,,,,,,,,,,,,,,,,,,,,,,,,,,,,,,,,,,,,,,,,,,,,,,,,,,,,,,,,,,,,,,,,,,,,,,,,,,,,,,,,,,,,,,,,,,,,,,,,,,,,,,,,,,,,,,,,,,,,,,,,,,,,,,,,,,,,,,,,,,,,,,,,,,,,,,,,,,,,,,,,,,,,,,,,,,,,,,,,,,,,,,,,,,,,,,,,,,,,,,,,,,,,,,,,,,,,,,,,,,,,,,,,,,,,,,,,,,
8,0.0,1.8385525199255082,-0.3039091990184688,4.6553943714273425,2.4612530972722664,0.5501887255343113,-0.37732819593765715,-1.5970162348642452,-0.9931912260407336,4.618933049934212,-3.6022946562982168,-5.147443666693815,-1.607926540040512,1.9678100461379047,0.7133697580991943,3.204590217674614,0.0727519591177719,-0.22917430586553264,1.1367619468404717,-0.0169622149453086,-4.72597517533298,-1.2799728416340355,-2.1938095478079247,-4.2612762031949964,0.7564492360160662,1.8123293879141007,0.27000941070743467,4.740030333902433,1.343828266175329,-0.057233683451716415,-1.4698485556745466,0.03891839208171783,0.8145751861834846,-1.4313725678971496,2.1170210880466405,0.7993478598892959,0.2140507278424849,1.4518277122014653,0.9940386807759662,2.1785047358201446,1.321076194480679,2.557460618726313,4.355532140652684,4.335625215052941,0.4218848902509923,3.67937926657743,-1.3942308068585905,-2.2133168348064713,3.1314013706451056,1.6799720538774463,-0.9934187343517346,2.835476623916237,0.7356997150935808,-1.301067982741863,-0.11411685942609727,-1.0441912706498677,-5.913122640251041,-2.9213122835775254,-1.614296509721168,3.128189170342135,1.1554000773226805,1.9624956320669542,1.1820580572348391,3.8525584748961474,0.9724773057871842,1.5149471446616618,0.29700826296313937,-2.301782698157695,-4.470771128081332,1.829661744246067,0.5249660009018393,-1.436551216122097,-0.17894321575960254,1.8667410852423818,0.6487544983390988,2.1027408803908494,0.6339912525340993,-0.44433244769714403,-0.081588260745681,-2.1352693152007527,-2.6530012368608147,0.48331552565506075,2.237470573577161,0.25014077371277826,-0.8086637545579254,1.9959334708599958,0.8738536588195026,3.5689682825442635,1.6308994639766985,0.385013374492711,-0.4000337936006628,-0.6003969956040983,-2.0113592862492187,0.8573025174908837,2.7600522496434023,-1.1526370159695505,-3.3369830721044376,1.425547540603275,-0.6047102369987459,5.005072484513739,1.0486552545897414,-0.032477313127840954,3.8831342152811805,5.431467836952322,-2.0479710061632765,4.225347786427968,3.487720474108028,-1.6825367218312621,-4.523565409359343,2.2556325161641024,0.5602770280332025,5.112289287309751,0.1991244765271978,-0.6479790461493913,2.434459176315512,-0.5485818454747571,-3.612899474982942,4.188004266061463,-0.5637849131275144,-2.418242011716707,-4.434459534165756,2.281640019887257,1.2578958985526618,5.496209171854777,0.9090072095995886,-3.782431691933897,-0.9538021213210964,1.4773223066247778,-1.2184572107900615,-0.5659977422819521,-0.9541369529064077,-1.136961995499719,-3.988425298865905,1.5343367481972183,-0.19569197476915604,0.5793993797829664,-0.8187269000360671,1.345562932256824,1.7825931086968985,0.7951817904419575,-0.6448199057968712,-0.2956244056060038,-1.4449326324685476,1.2965822480046971,-1.3592715483952582,1.9376635748844486,0.3701335446561933,1.5149216025542263,-0.02968012193199965,2.0562212480567674,-0.15644278344378815,-1.3938775547769575,1.573861429802303,2.1260759143399985,-0.14659805152478436,-2.8414804236617472,4.018242962602822,2.293827960030051,-1.8631804084929342,1.4210014488517464,0.16583957857343498,-1.052465662689903,-0.8027614804657459,-1.6502062945785705,-2.610398070354905,-2.674264115534211,1.6845514237784127,-2.6501470430823835,2.218745978254121,1.5122911740361022,0.6851525874432605,2.2981433819433725,-1.1478001995517129,3.9413954883855693,-0.385257812988916,-0.00015879485403970048,1.8303247372414777,0.49642995531508666,-2.744476703512918,-7.7152111652369975,-0.9996468890572721,2.2038992086779428,2.271370170290091,3.2252167389189452,0.7834352249479066,-2.2510366230215935,-2.5895710819644506,3.8462929307009226,-4.9068313412633096,-0.35783724115340587,0.5577565091597987,-5.100323400576026,0.6035702010894867,1.7923008739129578,0.8669616996723589,3.6151325290614817,0.9444664079246146,-3.327522409305796,0.8246788783309578,4.4671567475856175,-3.530463300731693,-2.4082605861747797,-0.15897339610267996,-3.021701814512234,-0.9963010961961251,2.5371469774332662,1.8150138708624148,4.685714185934258,0.8355917029317019,-2.1116196647102763,-2.2360443075632634,0.5761987681182124,1.828417591650456,-1.1613276200441511,-6.193507829545038,-3.675413041280828,-1.7117486366032895,1.7801374668678522,0.8543204433531825,4.780214654283351,0.646694147816901,-2.3811378099636626,-1.6101178679961428,4.509168185817223,2.5201184376687085,1.1353705948540522,-0.2210498879100737,0.2910029602094118,-0.3073835918735538,1.8294602384007734,2.5485421494189215,4.33964166827701,-5.13373380961629,-3.533439406644181,-0.051559354014276186,1.1077350185602277,1.2910479566856372,-1.0014383858938607,2.0776855313669427,-1.5192141142932691,-2.7680309143587696,1.67909684470741,1.236647726611128,2.5721293497468296,1.5717841969357635,-0.8011129367267411,-3.479345942762224,0.6300315710990337,2.610046882831997,-0.01680900451166191,0.23751860031169855,-1.2533481696930109,-1.2304138940904243,2.363447838901421,1.5187690043073256,4.160143061565323,0.39919373178910383,1.1517879461686804,-0.2313541328944481,-2.901511099242282,-5.688150018505359,-1.4742777735291832,-0.09744068597766216,-1.7552181566091263,1.3244583627473059,1.5233469432344748,1.3788796117759687,2.561513521095146,1.232418242261588,1.127078617266162,-2.4936908883698052,2.011902534698306,-3.346906283500896,2.473769255201433,-2.5967802075317823,-5.334193007662309,1.0584966658405257,1.7322309687056583,1.7804250521251228,1.9600482901309655,-1.525152899776561,-3.0067769588694673,-2.284712447624112,3.169822607090269,1.8667615999517218,8.944119490569994,-3.5296175664901868,-3.3656556164647324,0.022304722868009413,2.5837321292131854,1.8081659821401372,1.6317875375347437,-0.805628504520951,1.1004324476994578,5.325567994296997,0.8738165319597029,-4.351144969890875,-3.1861815478826863,-1.8035807697194934,0.5151304501732821,-0.08094811670926458,2.037890808754577,1.677239651177625,3.3265987183814936,0.7248292630894252,-0.5094808062210885,1.9086200432049694,1.8459841066720446,-5.448954790131407,-5.999537918404396,-0.24179815857975245,-1.6360690800609257,-1.1744453141797404,1.3276294379075615,0.8566015367427001,3.932632199440516,-0.4910910153237706,1.4675262469639232,0.5437014580350714,2.124301652370605,0.9469348848488905,1.5096809528279689,-4.15671655555326,-0.05223651418793019,1.7189314550268138,1.6797534356656807,1.2949157467595558,4.780005861595947,1.129444379884545,-1.2416253736511413,0.3876625341089629,-2.9401320863805362,-2.8920361924211515,-4.205409941223108,-2.7110038438595265,-0.41691196828206356,2.437357720295866,1.6381897190142083,1.3492419597925411,2.977910829215282,0.8394549435462807,0.7511767663924561,2.168450151718959,0.6820653338429895,1.2162563769179977,-2.0350407649341054,-6.208488529562956,-2.548095250610166,-1.7235096073628977,1.2873170763301904,0.8197135191262731,3.1504386061938194,-0.03000539706630801,1.6401687377628167,-0.3813989803075275,0.8648539704873895,-2.688650639703045,1.428888764495786,0.12344927576583055,2.405331845946431,2.82142804914262,1.2641244779734073,0.18453685311842957,4.277869105130302,1.3774864651103118,2.137448568671674,-1.341580879145,-0.10143510638905803,0.9902413450310189,0.6205604277293744,-0.08009785133170438,-1.244359425688954,-5.134779931676587,1.4371884830685386,0.3211846027956354,3.173048533834474,-0.6055367718778114,-0.9645795786813093,-1.383281809377817,1.2120470450567717,-2.0349802144714073,0.10903290011795021,-0.8531241223690003,-1.2488871969488837,4.954602256585422,1.9032920079107938,0.3463758277961831,2.451604838266769,1.8072188652013341,-0.4064719140325955,-0.1072968576303698,0.027381925959772152,-0.24826029811435224,-0.6435935743369894,-1.7810095486078819,-2.2964071454540487,0.006050530674720623,1.9933311077068476,1.258012320050114,2.731030518018461,-1.6594389095942974,2.837993383122477,0.07808015963752211,0.9980062992125346,-0.990341902252144,-2.414233298556494,-1.765775562854318,-2.5802921551284186,-1.0983352133854116,2.2460525683047043,0.9361823568888781,3.6675486099548076,0.2651326975888566,0.4335940020713569,-1.6683827603452444,-1.2620179970971956,-4.513747914432425,-1.302135951578353,0.5887918002961784,-4.527240425051549,0.7649453068864212,1.8713581380317172,0.2242831529360991,1.9074360890118627,0.4324667527322608,1.5558552502170317,-2.564659078736913,-1.6026744694868043,-1.9892042189351682,-1.5573494840888777,-3.6005807423433276,0.018749783903791343,1.0309693831671733,1.7342176637421214,0.8791032429314395,2.979050826615504,-1.8348833109876146,-1.925290588007279,-1.9392087765997126,4.844775433170736,-1.478180393362185,1.8848494359238677,4.925489644895755,3.6993464934300637,2.259909299046911,1.3204700660076711,0.7480611111678983,3.2159333030766604,1.0240150614551786,-0.7051146533516631,-0.4277520816796862,0.9605694817753698,2.378485710351553,3.8514220522714036,1.9880259672568044,1.1349868902474785,-0.9421852335560692,2.021273645281962,1.0011715213522443,2.454010259780477,-0.9080710352528105,0.48159256196991507,1.5353957431976184,2.07436011615226,-0.97760735642271,3.047350571032003,-0.2271909483183905,0.43610836439220996,-0.1566178110814942,1.926081769192211,1.5132343840080678,2.62736770453987,1.1402566574497817,4.659455391868454,1.404640096244005,0.46831108200517796,-5.361675034807407,-3.1862137672443582,-2.7362358661797037,-0.5771504401774196,-1.5862742013634872,1.7632093506027056,1.1999469185997222,3.1804214188240727,-1.2362131831865386,2.263115072254821,0.6362472763165459,-1.6026896345600654,-2.8313005422506894,0.8885488187907041,-0.10133376868471636,-0.41090934451559363,0.7796327104160956,1.5581601949713781,1.1555129179072166,0.05332225940605158,-2.47552493369605,-1.866879057481011,1.1010738305853265,4.004616281084847,4.5323770755157815,5.549426568358047,2.9449666140646245,3.9833230787279095,-1.6939017110285248,2.1105377663477283,0.8415312557985533,2.4554616748200853,3.0572042900085106,1.099022280164251,1.2617918323757162,-1.420118075762599,-2.1209782333310296,-0.5637714326255379,1.326241265797467,-2.2532821485130667,1.6227911386403133,2.001098346096489,0.7677541223402848,3.9313301241534577,-1.5447398006877222,-2.666901292567686,2.2941168530876115,2.7297733945354667,-2.1944494388188085,-0.06292544756596351,-0.49613542633732655,1.2236345358230396,-3.4908478706605135,1.9316112604088813,2.602010749878695,3.6181307321002967,-1.6277623468774418,2.426449977373156,-0.23365359085815618,-2.658554560717015,0.5876781397448613,1.190436813794301,-3.5183848221544287,-0.03878351414214544,-3.0513846410614613,1.5663399212733513,0.932564872292034,2.7595510956190394,0.8677987823838924,0.9043595039540848,0.53521664509418,1.5563037153805013,-2.462457244633222,-1.8847159588066087,1.0550577746164176,-0.14789569802192015,-1.9429442909522328,1.9339477522879995,0.4521076730826164,-0.012355688808194027,0.7533133195607028,4.421813037999399,3.0733413408212726,0.2603610114389505,-2.4654955096705344,-1.644403063609254,-0.47867453277838656,-2.051424994137953,-1.2714031174684783,1.6098819502559765,0.8388939014932497,1.1329187287865292,0.9503042477444146,3.746766846036932,1.4044384128756597,2.5481616278255945,1.1621520764623414,1.6925737100557763,-5.161469692404292,-4.613025591701434,-0.8333736931893774,1.8601307190534027,0.07857901335976572,5.12631045739504,0.21202221857223233,-0.05605914539164649,0.2054738531033243,3.702263454636008,0.7783625661434496,0.707287333481088,2.733247205755695,-0.09423864467131184,-2.461846544231467,2.122837599201199,1.7834806376164107,2.831713750037559,-0.4083768874894248,1.302069702686469,1.166114243148596,0.7287911722736194,1.7563308176622692,5.0105811823826425,-1.7039538636457232,-3.3443787267470393,-1.7223132818134719,2.197611065043675,1.8208925537742002,3.030971839697365,-1.724927710405713,-2.7280279888405548,-0.13887950702166796,2.242234421010077,0.15499796841894206,-6.022310484127528,-4.169428003125057,0.24141046702642543,-1.825686938894108,0.5278946713848955,-0.4001539207117114,4.29222278608394,-0.7334464585291254,-4.590170642792383,-2.0179104082691146,0.9098824222024002,1.3887807419462515,2.3469682622442187,-0.1391964419743642,-2.8723424795360355,-2.431180827446286,1.0080221874153428,-1.2593044607669726,1.5488522283515862,0.5606672856107915,-2.4375575904041975,-2.333551589411496,-0.9110503027913917,0.03982365944804379,4.463476461882292,-3.332336593581753,-3.4193068958128636,-1.0413433630873543,1.4125468582083849,2.0705485090463234,3.133966173365313,-2.2768991226965944,1.8916633064504842,1.1083478826086737,5.306024661231422,0.5307158287159833,-0.435453563938213,-5.17412514688666,-0.7178932888015362,0.34110150803377737,2.2300569494011917,1.0376554149985429,1.3568200400799444,-0.41606061874835376,-3.1828131313279586,1.2370043668214816,-2.7647985066307523,-2.630473806826074,0.8441300310587878,1.1123241728189508,0.33183291165197687,3.5961759252603693,2.020947078596746,0.8102687051780233,0.9260704155401461,-0.7391183900376588,2.323135521639513,2.4080836168673474,-0.06762965200884832,-0.7273158542005984,0.5638935176871438,-1.6246959479319965,-2.565358190135242,0.3213333500384884,1.6191787816854175,1.7829717766806297,2.5805944788156916,0.5488054464574907,0.1520376734532108,2.1122627780096423,1.4957038113935464,-7.053079107301619,-2.6120760460251544,-1.133900754563852,-4.05133466746718,-2.696682157860349,2.6205727302684294,1.5582073496681408,1.0543244646645507,-1.970000522960386,2.035164562608817,2.8144384156915185,-1.393460598975619,-4.21351450902114,-0.04443738629029994,3.3624267577954425,-2.3347540418442976,2.6693064461809177,2.225730620202256,1.2212093251018556,2.8522752586905913,-0.6218140241501222,0.08604400244718882,-0.9666311675537588,-0.5064918400542986,-3.272993220183993,-3.847414429733993,-2.274552608071353,0.5353018530045072,1.5078966015029653,2.0979518278816625,-0.06339357978339782,0.8712929022285292,-0.5920518877819555,1.8956024153075561,2.913459294576511,-1.852967658159043,-3.4168333579851744,-0.8085926451657833,-0.16068059209629376,-3.51535297266708,-1.4599824165997088,1.5533964394220205,1.7327678038425658,3.157345613287154,-0.41160244178396527,-0.1505607142758919,-5.125951949261556,-0.27147668972328354,-1.2127274847840142,-1.3482100074678058,-2.2908106073869865,-7.216499064799162,-0.5222434585465872,1.9649039539433233,1.3489269328469276,4.0907633157664955,1.644363817575199,0.8179769674367217,0.22900328890701657,-4.040214957227368,2.927706721691502,-0.5381525703693091,-4.181574892064425,-6.257745779864061,-1.7048275131143655,0.8447159267743503,0.9670136215746823,3.9312334307383257,2.0110198669888937,-1.7361098025499164,-0.7366695792047251,-7.626804839234558,0.35117376229744385,2.3046870524556544,-1.4513110345783804,0.0323512578523908,1.1776910441649144,0.45325727036719954,1.1421452082936252,1.1173405903315046,1.095267761242556,1.062977387600701,0.5751436856671304,-2.2971104640580062,7.495513999769068,1.3254450741590706,-2.2952976782293573,-1.6136114695711932,-2.767478773228492,2.199898921325297,3.3070119040845656,5.140320668339153,-3.240756917883659,-1.4025327802576495,1.9923406351746547,0.36090498036710267,5.058755997124604,-0.44727180497563696,1.212013020122402,2.7013504948345215,0.8352873806720185,2.071809428034818,1.3543770906899926,2.9389301727849855,-4.739303768180073,3.4416365971722556,5.082929076213829,5.260000295489133,10.618067699543461,3.4472854669429753,-6.332685718564183,2.7739426885058958,3.107051768004229,1.8948684160289393,1.443454219142141,3.1746152442205315,-5.140517430830286,-0.69731211008561,6.091191780528543,8.40075851706098,6.10517601305735,-1.2328182549913447,-7.621742935599932,1.025914624435481,3.6113169099007427,2.1943247238375876,2.5701705082389847,3.253714208138678,-6.355842703172027,-3.2386547578137033,5.574421170338985,7.488649228119066,0.32886727400825855,2.9278632773926025,-9.627662273217673,0.8260956241522385,6.190400978202643,1.6526865821913748,2.131809768519163,5.544116954215279,-4.04302593025658,0.3475783311111449,3.6710543663735087,0.8570386656726371,-1.3559351981741912,4.1882779760101565,-3.19801163731164,2.3007275290977787,4.527725248457958,2.3523099344070153,0.3552605600957141,1.7403146250201669,-5.689474581136376,1.0522905118860983,6.538032988889706,0.27353287993065084,4.541611290764053,3.9544304026093093,-6.695531922384182,0.4014512867050151,7.329304901407158,2.4139697401607254,-1.6295502446550232,3.686261361259314,-5.436448056610331,5.221308996283386,11.787100080569257,-3.700739232381064,7.148019889694935,4.986940294239647,-6.358620695741713,3.0310725991218708,7.488941026008471,2.6541476639610173,-1.1228138703925832,3.6107837056168175,-3.2409385934839663,2.270670026507237,7.634297406740864,-4.257637076629788,1.157291054101138,3.921849023556879,-3.262884865737281,12.273568193998457,8.697136122564487,3.5970815145451867,-0.11915153999613941,-0.8975274698081938,-2.2249997371369203,2.6490661991003135,6.665391668002562,-0.2963306386733241,0.6271584110584901,6.575912084700857,-4.235230729831023,6.0359179591562135,8.986810628915919,3.0899223442274795,-0.08484056799140334,1.8632993023836555,-2.788661704421116,3.828039065049194,5.696661762907486,-0.221395309871101,1.538406757270666,6.25517415147105,-6.651955521346043,9.796397468989921,6.852718639113368,2.4086356501281463,1.738658541583369,3.601899005725279,-0.6309292444999101,6.585095932256656,1.769628784230331,-8.024298460735118,5.616541299531033,12.064027061137933,-6.308586230152603,8.40162623946278,8.064548274426265,2.791399646112548,1.05351997925222,1.8393215287939633,-1.242990809421165,6.9512016727975325,2.595457264781779,-1.2587843894875657,1.9196803567927192,7.065141199977379,-3.430648819312505,6.524078711565759,10.131534750089397,2.8392006479169782,1.39978697288353,0.8437638723195171,-0.9942848286891143,7.492630216606598,4.707427680225086,4.371318348294546,3.3570357923033654,1.3210741146757772,-2.71647475671572,2.8201888967323407,7.174443301915225,2.859007148171108,1.2770417316215257,2.3758471066808204,-0.6676899199052123,6.870068151148248,10.735907435527078,6.3888354384114825,3.4592241932912926,-2.5876023751612975,0.6329186316673,4.438574888833614,3.8382978890627335,2.346959629519507,3.1073646928498717,5.8997360145009345,0.1913444349513658,5.642217585253811,6.629435281191869,8.675713202149284,5.358472289802938,3.445832439217912,-4.024980312654288,2.2908738281596324,4.828924114935579,2.4650710798805555,3.4487706333675314,7.628125594709123,5.814904266768302,6.45311004296985,0.8243203093184401,2.9413262455659033,3.302465425926243,8.912406344039978,-0.3627355377244749,-0.8505569228888255,1.9859126528407853,3.1272280817735543,1.7182481256427422,4.338153672123322,2.241364447870338,3.3184738395135125,9.311244831790962,7.199439383980124,3.6926194388965388,1.133975351616011,0.6643739822049705,4.095606583056972,3.7002955148632886,2.628244693360477,1.0380934460082,2.3893521807871423,-0.02888555592972165,2.236711877327032,3.4944971234027897,7.683292968727025,0.3466807834139973,-0.2929570714043901,3.4489683676308345,4.571776263641008,8.456174376507425,2.5562917427329492,1.8009866607776466,2.559860533219945,-1.665033489290445,2.1680553660073767,3.2265973821352585,0.6304538580707519,-2.35090475046235,-2.1903024855144664,-0.5055900327117494,1.5975549854853266,4.727582436936604,2.348291338840124,0.4706734557361651,5.124358846952893,3.488504330717023,5.989840489364348,2.375698584053425,-0.21962273360132215,-5.192500660122725,-1.0383551637104427,4.245028060452074,0.9365070056160295,0.6257308324432946,0.7629783125352798,2.0257245709777294,2.2422408745410842,0.8562372665324012,0.3741954203018617,-2.0539351639434464,-3.5002360738725518,-0.6963697715525788,2.116736704368848,2.6686525414437066,3.627581294164652,1.290504932826108,1.2616103477814034,3.33563103585829,4.6742903080710265,1.3059815008726614,2.494620962800124,-5.614044043006982,-0.929039874550624,1.6666133966288124,-1.8653049337023393,-2.8784126168183,0.14794114975907835,-3.124763438118065,1.2839915544513079,1.9199213057322102,3.721805324222279,-3.2021838473226345,-0.23836086609181872,1.0681530731149644,2.664993940811741,-0.7731948008040944,-0.8533553960013822,-3.6015655540261675,3.178806219494687,-0.691880234807478,2.028732183109143,0.6023490993084443,2.8480292835864907,-4.841253653085786,0.1639597925753231,1.505966665381195,1.0247309910812414,3.6395761738514474,5.63732326545442,2.188628984039568,5.424790907171198,5.360576989506128,2.2306975024014064,0.713071270816624,0.3154040041618267,-5.3648496298712764,-0.7342499558149792,-3.2320436632994367,-1.360896560986297,0.36882906530796566,4.80332270415723,-1.001795576970404,4.245625686608793,5.0397885383847,2.649695440217595,-0.7538952895288937,-1.8528982873005928,-3.85167078296653,-2.780024553370425,-0.5871544141358177,0.8967614762527905,-2.1629163467417576,-2.394215449859428,-2.093294676045643,-0.7323500615587069,-0.6475269512591493,2.035723909392599,-3.3381729717644353,-2.1191948107569005,-2.894176870699956,-1.1906647184059158,3.0054275827262105,4.842203042381919,-1.0276604397386193,4.306089982343401,-0.5429356905819702,1.4186575807605293,0.9606694118063552,2.6155791000877144,-3.147690642790963,-0.5531656484455445,-3.4157100116319783,-2.9243557780670293,1.1190388012914005,6.452750882696585,4.825837506524183,4.8826301522872235,-1.2304153493833125,-3.208839468728149,0.41491960267899347,2.563556010321225,-2.4151988252649232,0.01731893518236311,-4.959131665929266,-4.3402898536765,-0.5657466207819025,4.29529661702187,1.64357388000546,4.621308102276099,-3.4339097741598117,-2.7684200554488756,3.6458070564837586,2.2920279968943142,-2.2472037966113914,-1.5165760616102453,-1.820370471588591,0.32859084800812327,0.45647224722307667,4.6633298621957096,1.23247475170196,3.392098953603755,-1.0716822398481471,1.8857453789783112,4.31350528085584,2.6330280022320105,-1.8702061706749085,0.47711526372030777,0.8695881057109395,-3.3983086091887915,0.1574906486190098,5.983686927716085,-1.6449218154412608,5.0636384509254615,-1.3441602589892003,-1.835364116268532,0.27697862877560975,2.4296763618819415,-1.800272890778032,4.103688850656999,4.463678858687779,-2.590522827556464,1.482581333966463,1.0589077592030807,-2.876155134321418,2.584774771294929,-1.9509523759892857,-0.4693974735933546,-3.573253188630975,1.5168502233101968,-3.532040643370784,4.406974333722827,5.71132451937491,-3.117706217558898,5.1657124205519755,5.9157681429432065,-5.788303044305228,1.9034106555917718,-3.6864737262626592,-2.6156949680967108,-0.06364166945458348,1.8724500102750274,-2.1987242304107384,5.421893550148545,5.442636975059656,-2.2429274229201246,4.036617321383047,7.2001952705500765,-0.9358658661908349,-1.5919255614196324,-1.309197168071645,0.3060866864171617,2.316791156626482,2.219759199575347,-1.3860696387890916,7.25561130581176,5.85128175892399,-4.1366302362018725,6.185900192256141,9.998879994738711,-4.093744270174394,-5.312072060508573,-7.209037910711834,-2.400119037592163,7.8405045782557945,1.9449048079172508,-0.7581340106268721,9.690079420826416,7.83769485238722,-5.337164219364253,1.8506571139433068,4.34940209080515,0.8460802998203789,0.5202696515632239,0.3835896171915742,-4.690559966557786,0.01173390922766952,1.8460389313626344,-2.0749485465391424,6.663799134061677,4.74728705920243,-4.645781526101098,4.789490450926313,2.379260156885834,2.8191212635713567,6.520315799698521,4.260443259384222,-4.605181496464061,-0.18493535427962066,2.114091774572074,-1.194958182386614,5.000918306441427,3.7644522172601915,1.4190865750338741,4.7955930242784435,8.243941173354152,2.683152102891123,2.3778787943635478,-4.261798340943411,-3.4340733341443763,-0.2082521115472752,2.489868802876988,-0.713535001049069,3.9693181259027974,3.089243258054696,-0.7397607057053758,-0.09232060558505918,5.998255006342758,6.011411669293433,0.8020717110826007,-3.6698808991702565,-5.371432399647354,0.271597618853907,2.0034151845611423,0.03924174847002212,3.822177610095165,-1.1475490346566017,0.4391016172343249,1.0839710384577874,0.6253453091089329,-0.48439271621935803,1.7067977675768298,-0.5173142010525537,-0.042166818744934366,-0.7839518543828272,1.9700269457189898,0.505882378884604,2.005927503041473,-0.43270165346181566,-1.31256205227302,-0.7814058497852584,1.630786058067562,-1.9772257151138029,1.8561696162870756,-0.6893804002650098,-2.738968364321787,4.6046096929440825,2.5000425855994632,0.3593045457150257,2.1501214807641538,2.4435829325038836,-0.19260931508505452,3.1263484508452297,2.431445326175805,-1.8163824603970387,3.7600658251484353,0.6190784041798413,-5.320243773855604,0.21359961907012665,2.083433614888858,2.421011527748039,1.8207776663253659,2.7126974491940934,7.01144055613548,1.1113393992671141,3.9321839931159905,-2.0737538067090515,-1.7696361738033006,-2.170844672831205,-1.74299454384779,2.6407131986273296,2.2630082850076114,2.24591652709993,4.97246495597402,1.979479061202274,3.619798606767317,1.4589473323887008,-0.034988607606759675,-0.30567513998005075,2.403866319174256,-3.182762909867895,-3.3668215505232038,3.194674802567556,0.9120308072975025,-0.3381457612377548,2.9145329805505864,4.109453764391719,2.5767592548759892,-1.1350000114452763,-1.4240531927077953,-3.3177640097256003,-0.6078589111272171,-4.892063863484826,-4.5781153539400385,3.50302542744814,2.194497825166897,1.3961337044695032,2.7152419094094116,0.5145158679932982,-2.7642965513999602,-3.3794245734036097,-5.559038867774342,-4.774431438531636,0.39897277915608326,0.1705636098106507,-4.240642631289618,0.7439431955397281,2.1903185546644464,1.501801664317489,1.599871948773274,1.2869729916201536,1.2004459838295858,0.07346745169135069,-3.725516320033578,-4.969981075765532,1.010852618431637,-5.058620121911087,-6.735240490327715,-0.13345665338409934,1.6176521188976223,0.020213224046372512,2.8229413425456413,1.4692042148648865,-1.6782420083446652,1.4827110606183325,0.36976474996261116,-0.11591645348852705,1.349483278768108,6.742805449871894,0.09729986168407444,4.49101253916949,1.7373394448969939,-0.564946444647327,2.9453254244816756,1.5032769136914368,-0.7353741872397952,0.39277992886904023,-0.6806474287149875,-0.018351595767039305,-0.3560237256737805,1.866701684039047,-1.617591809749644,3.3696358208570865,1.4414669514279546,-1.4839159309297167,2.841166561773006,2.2079798299876585,1.002807727138961,1.3168176076869216,1.9625037231458395,0.47860532427758445,-2.374568383902331,-1.4189624276258883,-4.322127122912544,-1.4368814992395702,2.2918710095197765,0.6216166447242991,4.8052666507323085,2.5558505071212516,-0.8097811335499143,1.8290941084784105,-0.35846225696685396,-0.9430252234810808,1.3732122925788581,-1.6527597672939358,-3.405146843852308,-2.288890559202395,1.7127589895049344,1.4467790782772836,4.401669593036778,2.9671859205428124,-0.28113049387724526,-1.6026019195558503,0.36901404002572735,-3.8760881969953154,-1.5579665152859876,-1.5854461670544395,-2.2711313725356215,2.4132711604547024,1.644030146851113,-0.3537872137595896,3.0909984187491126,1.8179365029243364,-0.912877496575841,-0.36694171800847564,-0.10604697640231536,-3.2201143975064914,0.19349734533236748,-3.9797041354055365,-2.7401200256708043,0.7327047200626007,1.3353355202328239,-0.392463433669073,2.692408150714625,0.4161997374748393,-2.1628482044888298,-0.15281604334391297,2.1778918305653168,-2.419256333125589,0.23789411930858223,-4.176669223814789,-2.3148578647698317,-2.609630463561137,2.1041105055820073,1.0880916392633115,1.621884022735143,1.1480368203467772,2.778123595639974,-3.2618248016502136,-1.7172813120052204,-4.201094013153272,0.2897606525327642,-3.0543450151839284,1.013917615389958,-0.41600494683699496,1.177324785740028,0.31515897832863626,2.8418077836008973,1.6831306206411445,1.8831650964632234,-0.047208230592164856,-1.1633494703694458,-0.6375776736187112,-2.117334806556262,-0.6951550424892822,0.3416112681973919,0.4718001029968947,1.8785023798487506,0.8231817602509274,3.6118604296340764,3.31564401642277,2.612272536157612,1.0484301620443524,1.0557726835573873,-2.8151887835791283,-4.007357995171444,-3.1008438195087997,-3.3711142376649863,0.8559236005357089,1.534774930852465,1.2809511061867813,5.241055107406787,-1.7476653335111227,-3.116401462560904,1.5629784104700002,-2.4056116629903443,1.8077446392783532,-3.1891676708542422,-6.792229177847141,-6.011530777586543,-0.2910910992678554,1.1712071594410054,0.008650392865167679,0.6904641650056031,3.0282499955856355,-1.9649941194443976,0.94546014969203,-1.5341535349292583,2.7524329577231534,-2.047804696533287,-0.6152312711528559,-3.9769235742778766,1.1748203482086716,1.6607011673632417,0.9400007809765762,3.61905800470967,-0.18885637145261158,-2.029555584333956,0.7599250436004272,-0.8529160308341656,-3.2444965965611665,6.09909210680084,0.09251341343173562,2.0022642750363837,3.3720973692769216,2.305053941859857,0.6221302130419158,1.2690577586126153,2.428423333195637,2.802828846105798,0.4024805064701906,-3.769350346602681,-3.740486357401014,-1.9016984938081878,2.7197596915696893,-2.7037830486829875,1.0570796925512553,1.1075069814768659,-0.8170254145067273,2.4442567705142264,1.5980993306615126,-3.327905136811995,-1.970389541379845,-2.5872864681433816,-4.721510545778987,-1.0361806827991642,1.087643698911022,-4.766716751681681,-0.7446252327312746,1.9375358913886853,1.7311958123652569,3.929039711840766,-0.018666275917130153,-2.686842055493007,2.7064669848473226,0.3768201388069118,-1.5457468706693607,2.015281291279773,3.032113749731267,-2.9034403903244628,-0.09393290736427992,1.572703562232374,1.5091120687485575,3.919576458442534,0.6734940026335792,-2.0522691455487054,-2.4930541016662713,3.1264482330266543,-3.34406582165814,-4.779276792798898,-1.53849442475883,-0.9375415878559894,3.25204434640278,2.4108450716033314,0.5141996151149185,3.7518138337093268,1.936953379150875,-1.0614408368753583,-0.9882362203898322,3.4684904698030627,-3.040436834109467,-1.705975115761319,-2.2068730195760677,-2.3100551384484023,0.5627760161316478,2.2252688953794166,2.795319908302971,1.9279806778444826,0.07209859007941377,1.0267841671431777,-0.0014186626941702404,2.2518478558291117,-4.206813411521379,0.6786446470900216,3.5409239153585914,-0.28328466604640506,0.14298820585068198,2.8112076088294207,1.0187008222418799,3.9779741518087173,-1.1934493225933207,1.280968616722553,-1.7338381294960625,0.32327520158568585,1.0022590366734947,0.25451848044103254,1.6794512062663225,-3.2212957390341903,-1.1231649259879992,1.8664735338051734,1.2313706425968114,2.797554620393889,1.8675721525926803,2.249109885672121,1.1367061275214305,3.435274303394604,-3.5627733694842445,2.571058164012253,2.1600663180335853,0.364947533549729,-1.2601109364711285,2.1924489450953737,2.1112488618231198,3.826221731895955,-0.8507131011270389,-0.34492401656512145,-1.8674130230170505,5.554799693148442,3.5179643416749924,2.161767431954682,0.1957631516281187,-5.270588103439213,-4.189507588692805,2.4851855200065054,4.552166299991505,1.597788710995752,-5.162769753167137,2.3065008431256797,-5.560793681132411,6.078215801002524,-1.8018321501650443,2.6126318914606785,5.127993948074958,-2.775231905942436,-0.4311314217625229,1.8954278330324452,5.365581122513699,3.6187951219671257,-2.965773216960764,1.9190877872721468,-3.4950861955569557,8.371257184509195,-2.0406193199345637,3.167619827520278,1.930086566949235,-3.0654538125350106,-1.1103349594416316,2.063349123532287,4.9852575750609045,2.874573085959933,-0.7964907470941692,2.643798980339142,-6.641779881057037,3.6937491770460804,-1.5241483736025396,-1.0411769599625837,-1.6714897718058295,-1.8497270613167136,3.9834511971305706,2.290799386570428,5.424814469126944,2.632436563112179,0.334340571995294,4.079734733586349,-2.464331437728236,4.232793098188175,-4.011712681111411,0.6410290898903234,0.7361679969455686,-1.9078395996042783,2.9938419262542553,1.921912961474449,4.649062499702853,4.495468124606128,0.21087015351478325,0.6696487574074435,-2.5821871783988044,3.0754609137291786,-4.331969680187297,2.6004049826159714,-0.4548971546648631,-2.3139571074976204,-0.1385496617959168,2.118042362133128,4.646756167410709,3.0340366787449216,1.4480201931410792,4.390656764396194,-0.7946152335876507,5.7066051837035525,-6.766451028713765,3.3533582453898054,-3.9703261209726723,2.4423595811405816,2.279928548948199,1.382768368198558,4.0271912589773,1.6996243741414008,4.118499049904464,2.9742690202718842,-2.194952167086147,3.4047939221210437,-1.7501669888462477,10.774612755701302,-0.14161942959054297,3.6675437554596897,1.3443596204953547,1.3076416075666086,2.9393868783451973,1.6286289432178767,2.637912024638577,4.247308960904405,-1.7338470394850867,5.030468771870638,-3.1833550294819704,4.096451662729209,-5.736554355849352,-0.35466820498325713,1.9136519480707497,1.4426846760704493,1.5162397713915798,1.8081548102215002,3.0804737833842775,-1.9886778805676093,-6.833848174732826,-0.8034480522254803,-3.412027716181462,4.076805852027151,-0.2988242590418219,-4.511555994063017,-1.0349401544220698,1.7388272204064783,1.9500666835805913,4.2010989376820875,3.3116765255569054,4.339699992207847,5.560933219343411,8.024836154570991,-4.780135552560429,3.6467457076668355,-6.504750479492357,-3.8253210829281645,-2.12317563476769,2.3811176727524748,1.5995602757078204,2.611982097835758,3.973343090239126,1.0194989962169418,2.4036941489304,0.5808187917037523,-3.4328790350924607,-2.4743386083674968,-3.64487254862265,0.30350048596905543,-0.648699421166385,1.6233369329459957,0.6232422617493114,1.4691748027048006,3.764922795127036,1.5293046183029106,0.2052266629766256,-2.4254955108591147,-0.14343293949103156,5.448752042833522,-2.6291421702851623,2.2966285691921375,-0.4169379481258856,1.6426892991714601,0.8335140839399805,2.694602137333225,3.0050506734951044,1.5132698095763593,-1.2547777475320414,-4.949163525271352,0.021387746190984346,5.8278269911351055,-2.6717997459528102,1.6309895208445016,2.908116614565625,1.609293450403647,0.8235295553841715,2.5745343501793516,-0.9944844081177435,-2.0013285212989005,-1.3241114608814892,-3.7737941588254964,-8.018488643208814,-2.956741140217621,-5.422015050875333,-3.228100167573831,-0.6475972805246021,2.397968009663471,1.1085235828950297,2.6790784746589296,0.4127685510125558,-2.013590924106046,-1.5996715978472513,4.352209433260709,-5.866225247830775,0.5557340001192939,-3.2634646605282316,-1.9857442707949362,-1.7528561588048315,1.901122699302862,-0.05774460861835152,1.0567364759116182,0.3408511664295395,1.1440339777849535,1.0666997606648219,3.64671272376971,1.968077373937501,0.8939826501280609,-2.355932634225496,-3.8389510539217255,1.1772167096565553,2.0458690802039654,0.47259853000595814,1.892010169813446,1.9246789806174738,-0.27654160255368865,4.031763783574193,3.3282051532759223,1.3224237722589827,1.7942326503529182,-0.14139153321997738,-5.107087352551285,-0.40582103656994073,2.103244275183023,0.06214259274036493,3.5532686656991848,0.09357546386056693,-2.1478671947348276,2.394312786550174,-0.49925837702252723,3.630881687308879,8.108035756039344,2.75492417392528,-0.2537117458373891,-0.48857069807519526,1.9978718480221427,0.04830405461094168,1.4900926883743866,-1.4152773319248246,-1.0293603435529057,1.001362626972671,5.756873129443772,1.3339218622503044,1.8180899297272264,4.313769566132143,2.559273696031889,0.5192413595202092,1.687742600729711,1.242113769704799,3.5433457622802575,0.9897162995878034,-0.8701152192976636,0.8605830781251079,1.2976780161851387,-1.8750319656618848,-3.3468327895585257,-1.444147527085477,-3.964954457812452,0.2867608311883261,1.3915639915997393,2.068117085072515,2.50489613018045,-0.15568247867325224,2.927625329643926,0.13459996211061212,-0.47269440791325223,-3.046730018411231,0.6515116217463651,-1.9851488032999978,-0.8119876875036635,2.013300333452328,0.9095211145722374,1.1003893014197799,0.4104868322333445,-1.4617528023590427,2.935945440514153,-1.9902950563788626,-3.286726975748354,1.5809743892345727,6.478791024973017,-0.04716776631844859,-0.2733420026265942,-1.2797809871648669,0.7135585236705541,0.611175596247071,4.160194868479515,5.194617865972091,9.02837071036967,0.9398085517659848,0.3684449910820393,-3.848394523302203,-5.6593230868553235,-3.3502759956152555,-2.2851066131588764,1.7340109638695433,2.1396622783494745,2.398989307809256,3.31322339054203,0.6424036329750323,-0.0742470767708466,-1.486649780830115,0.9892279472607189,-2.2438704242453498,-0.14043292629870444,-0.6519858443382807,-0.9135445392686243,-1.4162547379012733,2.0098413659603325,1.4358806153995276,2.777194830816973,0.20491589194202225,-0.47096329928328173,-0.8293354507860049,0.3188953161708572,-3.1679213413898744,-1.3866244525242488,0.8588499578198922,1.009416917470357,0.4481999389370105,1.3879681129556152,0.5698600866096742,3.57125463749601,0.00552060278125232,-3.3056623318898604,-7.326494430274856,-1.591027041228515,-1.6756013722321665,4.363838718410067,0.31772025383423586,-4.167250740863618,-2.570797090682886,1.6212747802779626,0.6296324757261619,0.8117138737517179,-0.594018596984378,-0.8954462072030338,-4.84907861182648,-3.489640954602403,0.9712151034419021,3.2701834348565515,-5.099563070253525,-5.979572934949868,0.6520543862687874,1.5135883577988158,2.002694495772443,3.722800098253923,-0.08679681917486677,-1.4450305932035952,1.6209337160032586,3.322903591963008,-3.709281294033448,-6.689745388275717,-3.131331156628672,-2.9616595013782265,-2.2805912452090027,2.239521196692718,2.5978082656498773,4.33007263474545,-1.5688768057714406,-1.5800637595663796,-0.16544136408017834,0.5126044618637315,-2.9691697316392758,2.0823030868332912,1.37283407558788,-3.0044778114469692,-0.1992183273287293,2.2353902017170806,1.141016059416039,3.3612896299767723,-1.0690879685350412,-3.4124221555713232,-4.091566903711085,-2.296025333203421,-2.5203439462806227,-1.2861986896895434,-5.316081352568877,-5.7662965651057405,-0.06755263894428717,1.9495102133821438,1.2663524783826525,4.106968328842202,5.039967143895773,1.3237242442123034,-4.854337005064026,-0.17472263433598278,-3.860411926428186,-0.2177103689085686,-2.892593548985378,-1.6656762607321387,0.18818195131057253,2.2567630150924716,1.748156566766977,2.868060909626738,-0.7355499506524238,-0.8822413596086344,-2.892173333869746,-1.2786966896657952,-0.671970075312952,-2.464384708756984,-0.27858863820300767,-3.472182340986617,-2.558935649535586,0.8732987862295402,3.774831625096718,0.3492505368799786,-2.4921935434282507,0.8460971706540711,-2.566270176348589,0.5119706919911723,-0.04834040163622491,-0.10157194613342982,0.533834948225996,1.8420048613103293,3.473957736532779,1.1666437243445884,0.7142140156227463,-0.4670216928220142,1.47340934257565,-1.6383227482993796,-0.29952533652102237,-1.93159008522969,-2.211571568365207,1.904826091635736,-1.4973247160068806,-0.4709778271868811,-0.3355694801610543,0.33449221986286404,1.797402255783378,-0.7780493952072373,3.2595045753424796,-1.0964112278712808,-1.8788127469470388,-2.5062623285822556,1.35852639358736,1.7159638183503088,1.1656999212690013,-0.5208842435164494,-1.146023968122207,0.4644415110024632,1.0496423004926059,-3.3174740127839497,1.6838614824715965,1.0781547776336966,4.117958493153482,-2.000751685654136,-3.5580537470077145,1.6747238520650487,-1.2163249923060293,0.8926564421541697,-1.4781923953035134,0.4366899897252967,3.692183423753376,0.3639412819843435,-2.38946108894392,1.2542547068439391,4.637216143410395,-0.020547992205957575,-4.233636020403788,-3.9251821463920287,-3.0417529727544785,-4.278610333012473,0.9615428466252016,0.18021781620024904,4.290874314116088,2.5909311468211795,-2.695621338952239,2.8805026187328964,1.498453782477704,-5.873620812155205,0.21412424698495,-0.4943443122357694,-3.356933315597247,-1.0095206843910476,-2.121821313250667,-0.47664527515689603,3.335949439414577,3.9628312675812576,0.09875665597315175,0.8278494527788482,2.390996395063493,-3.8642155081043827,-3.500896210541811,-0.5664253494321473,1.2895032848281338,-1.3340093053271465,-4.833057748764257,0.31093471590523375,3.4112379461927977,1.8587202748822005,-2.2696279985866985,0.8189435128497846,2.1059528817594075,2.126022223116638,2.878847280105069,0.708425363679308,-0.7853979892928697,-2.4593491120687254,-1.594139091252273,0.11195240236818499,3.201775831975269,0.773397997553616,-2.2203133180596586,3.026175186474853,0.9541837342145724,-1.8396133139089423,1.5258636126663507,-2.1688561685017986,-0.9460061312104645,3.0989721215599615,-1.2462142846086346,0.17820872196722295,4.152804001804388,1.4026154717818196,-0.8125892585925614,2.3931178841992593,-1.821694234360723,-6.073033602118164,2.9385564801721227,0.22645794607059508,-0.15507026827381612,0.25931373750578773,-1.0982930032789826,0.2961827558061085,2.498094129823176,5.784089391429163,-2.904163546918475,0.6509612607175389,0.09778189922794743,-4.440249113352424,1.4750065119215552,0.3365074532871815,-5.648674805817064,-5.094664466638023,1.96695528422566,0.2857406057677254,1.599901472470653,4.026142088362342,-4.068625383856492,0.4515442085670675,3.8412979076620335,0.8193399553757913,0.8528731242817068,1.9087519437926344,-7.107312880564882,-3.5902488405464035,-2.4151550954126364,0.8806157999467664,1.2830374582208712,3.6713803939560417,-1.8774756805988493,3.5570166897343087,1.422887368821461,-2.003362875762777,2.4804801784961548,1.2777114507454899,-3.125331229064427,3.478741403933611,3.308048070824944,1.2715752906804307,-0.6988864685388896,2.96656846299235,1.6294467288878118,4.634202785413411,2.8388984681236287,-5.713799729535026,-2.1855506233782567,0.21646006099342832,-1.069533762188844,0.5292114350084001,1.5688468116641818,1.4773085311794272,-1.1005136043722996,2.6578398839927315,-3.495140139517201,-0.0399851038830733,4.618003567570127,-0.3492039846847901,-2.5589971366020583,-0.7919227972547956,-6.189143099102452,-6.726504249193101,-0.2407734012644322,1.8390297108226357,-3.38079716491999,1.7347317626484768,-4.269041443066438,1.893412554595043,2.4975620599239274,-2.0089757790471716,0.41393225842725045,1.504725215012142,-0.9106280046654419,-2.865670525694464,0.7372131797731876,1.501126296940144,-4.464614230359525,0.7972521434167223,-5.522084217309973,2.9629803144484432,0.14099029829983412,-2.3059981449820124,0.1336417586338106,0.2178057420799912,-0.14995832686276173,-0.13578545348431453,0.3557712524950531,1.241316419972076,-4.480244724196171,2.4185649603493267,-3.2692975854586654,4.332965387278763,3.4426978063873936,0.9358981797054887,1.2352966410991355,-6.760336004628143,2.844507109247063,-0.4865328044000042,-1.0756047113286487,0.8266874694516047,-4.8673666663773965,2.1504593585614744,-6.456801282507859,3.0586284592599533,5.5095971075512065,-2.489172807116246,-0.7748621165315951,-6.474853513933292,2.1643868800035393,1.268339221801455,-1.61987977152639,1.013266684999572,-4.171003281091639,1.6898668847958098,-7.6716070602067825,5.132079452530293,4.869612469127952,-1.2937407864582335,-0.2787918475715789,-1.4962534974510588,1.2120864726601166,2.0490065910128044,0.3061670043952466,1.268445161867294,-4.358299636891112,0.8279759391769559,-6.6165395087189705,5.912806351741956,6.1168194175394115,-2.9578083104698507,1.9887810681677691,-3.166232262556521,-1.7637477635661136,2.984525719295925,0.2735993912387538,0.6486286069251408,-5.988380455128426,-0.9960416937068984,-11.112372301513211,3.4462277836727933,2.4630876996545488,-0.35713297303943836,6.271511183197596,0.15573447588184633,5.650912979711369,-0.3491359765886586,2.024177075223313,1.4118340996161813,-2.2286984356603914,2.400424800615709,-13.529004471192783,1.9456258784562819,3.733379674920932,-2.0689959039505226,4.442695111300679,2.5395922833951734,0.31460737449524295,-3.436293345536793,-1.4788206286874088,1.4274069324277425,-2.754536854034265,2.557848350596608,-12.44986251415229,0.008810017782844843,3.9678234578218623,-4.494653498384729,12.25542013608122,9.516517292653026,-3.5391269954061695,-3.0365549418597504,-0.22015088346115164,1.781479045008022,-2.0047909172411207,3.6353495643449634,-12.457667619573806,-1.1012918220394552,1.3494285457025617,-2.3710485686396248,4.655206307356381,4.671502348090422,-4.077236717464335,-0.7149498054950585,-1.3002984782750429,2.1924070376807885,-1.2402674708394352,2.681404145968241,-11.647495359576567,-2.6145476630038984,2.1760696882804305,-3.3748203802006707,2.347722289582504,2.9245088614952373,1.4930951553794682,-1.6649578249948342,-2.786094160560489,2.044621086906008,-0.23511525233755254,2.6307099192897008,-14.433062378416114,-3.200089260962063,2.496715493614317,-2.3767506648267567,4.003019217778679,7.1788194080823295,-2.237740275098446,-1.1468684833910545,-0.02387284471321889,1.8671149141350418,-1.0189995854324734,1.054852357262749,-15.600292819200973,-1.7801378119660196,-0.34693064770474946,-1.8560332352434525,-0.1530765089818918,2.622465305866253,0.729055510533927,-1.697505734503033,-1.5401886976291923,1.8754222845678483,0.1748400943318512,2.0255152746542473,-9.742207752302198,4.412931948920711,-0.22839629822157106,6.534802656913087,4.439803836451673,2.1957684829896245,1.7713656204993857,-0.3336556458988586,-1.4638110825950261,1.5386614330951462,1.9354068773017294,2.1928716054263426,-7.399152643013877,4.501053821679419,-5.912484620121198,2.414427097875265,2.608223955554884,4.277245503143215,-1.1259899764874308,-3.0519972026821325,2.3893896753552264,1.9046535809481597,3.1068599862105795,2.9674057824022535,-6.566802076408812,5.140662340439992,-3.366722863228802,8.02312626069068,-5.745058537584202,-0.9535476238070439,1.2252891525840313,-2.181067778483777,5.783528822719824,1.5606542998885566,3.171499531926594,4.308978426583352,-2.647506296649618,5.259281466035909,-4.306093683489734,6.025354441516464,-3.422292626150377,-2.790861541338367,-0.34407741233223216,0.3458592418716112,3.9556197190926277,1.9749186086997264,4.477955813852017,2.513000473149947,-3.729260541756335,5.938692372445563,-3.419256530713528,4.544125224588924,-3.5575846892444267,4.692375709656677,-2.144411477645988,-0.022048522305845808,1.500676571000586,1.900187498936159,4.312548113724997,4.427601967343377,0.8497340270671069,3.4022329693067848,0.2656526569241944,8.152857015575062,-2.870608765629718,4.199804598478106,-0.675751281273884,0.31569887839988886,-0.46031140158406436,2.0330538208197484,5.136140189333418,3.080198089736465,-1.9693830586936871,3.216277135123846,-4.476268881618604,4.166151747609684,-5.215529119070187,4.194087320273282,-2.9370500879001575,0.7650631724055212,0.23446196177394893,1.758520991641836,4.034536328838138,3.3959923664070195,0.3125713950952883,1.7636088927123703,-8.559418209280185,2.5557758244284434,-3.4023354781259485,5.13084020424203,-5.327950518061788,-3.3947448395695523,-1.1764475079166468,2.2128084339737244,3.146751289951903,1.0380036928402612,0.24231463456159277,3.744820385876913,-1.9415708508189686,2.2524793119166286,-2.290438058181386,3.2825318005846844,-5.565643170812406,-2.8038300721281284,6.376520600906756,2.520049156070192,3.5936509619470725,0.5601537711928419,0.39491118210011866,4.336769744507535,-0.8901564725763512,4.366654815982992,-5.59655976463662,2.913291766278098,-3.295820346244057,-1.6323385971142363,2.7577957095616035,1.9409492425639698,4.279877391034751,3.184063030868815,-1.0748036370629228,-0.2148058810719595,-3.5352218834869955,8.37755045627439,-1.1569621574264324,1.2947195035147085,-1.3740621596663547,0.14239183844874906,3.7878603338749612,1.669986399594749,4.958365903011707,3.4293657904752735,-2.0376294216761406,1.0688412983677742,-6.086170071662812,8.38501904063948,3.6186208246305993,6.439472033202809,-3.583728155021577,-1.378985868466096,1.8545441851366218,1.8104816871648108,3.1344035448415832,1.6400677774229773,-2.5043849873553117,4.08688372913685,-2.9840923233164203,8.643669381359476,2.409232687760844,2.6086329994012676,-2.843184729402429,-1.5828094630233904,-1.642256154963251,,,,,,,,,,,,,,,,,,,,,,,,,,,,,,,,,,,,,,,,,,,,,,,,,,,,,,,,,,,,,,,,,,,,,,,,,,,,,,,,,,,,,,,,,,,,,,,,,,,,,,,,,,,,,,,,,,,,,,,,,,,,,,,,,,,,,,,,,,,,,,,,,,,,,,,,,,,,,,,,,,,,,,,,,,,,,,,,,,,,,,,,,,,,,,,,,,,,,,,,,,,,,,,,,,,,,,,,,,,,,,,,,,,,,,,,,,,,,,,,,,,,,,,,,,,,,,,,,,,,,,,,,,,,,,,,,,,,,,,,,,,,,,,,,,,,,,,,,,,,,,,,,,,,,,,,,,,,,,,,,,,,,,,,,,,,,,,,,,,,,,,,,,,,,,,,,,,,,,,,,,,,,,,,,,,,,,,,,,,,,,,,,,,,,,,,,,,,,,,,,,,,,,,,,,,,,,,,,,,,,,,,,,,,,,,,,,,,,,,,,,,,,,,,,,,,,,,,,,,,,,,,,,,,,,,,,,,,,,,,,,,,,,,,,,,,,,,,,,,,,,,,,,,,,,,,,,,,,,,,,,,,,,,,,,,,,,,,,,,,,,,,,,,,,,,,,,,,,,,,,,,,,,,,,,,,,,,,,,,,,,,,,,,,,,,,,,,,,,,,,,,,,,,,,,,,,,,,,,,,,,,,,,,,,,,,,,,,,,,,,,,,,,,,,,,,,,,,,,,,,,,,,,,,,,,,,,,,,,,,,,,,,,,,,,,,,,,,,,,,,,,,,,,,,,,,,,,,,,,,,,,,,,,,,,,,,,,,,,,,,,,,,,,,,,,,,,,,,,,,,,,,,,,,,,,,,,,,,,,,,,,,,,,,,,,,,,,,,,,,,,,,,,,,,,,,,,,,,,,,,,,,,,,,,,,,,,,,,,,,,,,,,,,,,,,,,,,,,,,,,,,,,,,,,,,,,,,,,,,,,,,,,,,,,,,,,,,,,,,,,,,,,,,,,,,,,,,,,,,,,,,,,,,,,,,,,,,,,,,,,,,,,,,,,,,,,,,,,,,,,,,,,,,,,,,,,,,,,,,,,,,,,,,,,,,,,,,,,,,,,,,,,,,,,,,,,,,,,,,,,,,,,,,,,,,,,,,,,,,,,,,,,,,,,,,,,,,,,,,,,,,,,,,,,,,,,,,,,,,,,,,,,,,,,,,,,,,,,,,,,,,,,,,,,,,,,,,,,,,,,,,,,,,,,,,,,,,,,,,,,,,,,,,,,,,,,,,,,,,,,,,,,,,,,,,,,,,,,,,,,,,,,,,,,,,,,,,,,,,,,,,,,,,,,,,,,,,,,,,,,,,,,,,,,,,,,,,,,,,,,,,,,,,,,,,,,,,,,,,,,,,,,,,,,,,,,,,,,,,,,,,,,,,,,,,,,,,,,,,,,,,,,,,,,,,,,,,,,,,,,,,,,,,,,,,,,,,,,,,,,,,,,,,,,,,,,,,,,,,,,,,,,,,,,,,,,,,,,,,,,,,,,,,,,,,,,,,,,,,,,,,,,,,,,,,,,,,,,,,,,,,,,,,,,,,,,,,,,,,,,,,,,,,,,,,,,,,,,,,,,,,,,,,,,,,,,,,,,,,,,,,,,,,,,,,,,,,,,,,,,,,,,,,,,,,,,,,,,,,,,,,,,,,,,,,,,,,,,,,,,,,,,,,,,,,,,,,,,,,,,,,,,,,,,,,,,,,,,,,,,,,,,,,,,,,,,,,,,,,,,,,,,,,,,,,,,,,,,,,,,,,,,,,,,,,,,,,,,,,,,,,,,,,,,,,,,,,,,,,,,,,,,,,,,,,,,,,,,,,,,,,,,,,,,,,,,,,,,,,,,,,,,,,,,,,,,,,,,,,,,,,,,,,,,,,,,,,,,,,,,,,,,,,,,,,,,,,,,,,,,,,,,,,,,,,,,,,,,,,,,,,,,,,,,,,,,,,,,,,,,,,,,,,,,,,,,,,,,,,,,,,,,,,,,,,,,,,,,,,,,,,,,,,,,,,,,,,,,,,,,,,,,,,,,,,,,,,,,,,,,,,,,,,,,,,,,,,,,,,,,,,,,,,,,,,,,,,,,,,,,,,,,,,,,,,,,,,,,,,,,,,,,,,,,,,,,,,,,,,,,,,,,,,,,,,,,,,,,,,,,,,,,,,,,,,,,,,,,,,,,,,,,,,,,,,,,,,,,,,,,,,,,,,,,,,,,,,,,,,,,,,,,,,,,,,,,,,,,,,,,,,,,,,,,,,,,,,,,,,,,,,,,,,,,,,,,,,,,,,,,,,,,,,,,,,,,,,,,,,,,,,,,,,,,,,,,,,,,,,,,,,,,,,,,,,,,,,,,,,,,,,,,,,,,,,,,,,,,,,,,,,,,,,,,,,,,,,,,,,,,,,,,,,,,,,,,,,,,,,,,,,,,,,,,,,,,,,,,,,,,,,,,,,,,,,,,,,,,,,,,,,,,,,,,,,,,,,,,,,,,,,,,,,,,,,,,,,,,,,,,,,,,,,,,,,,,,,,,,,,,,,,,,,,,,,,,,,,,,,,,,,,,,,,,,,,,,,,,,,,,,,,,,,,,,,,,,,,,,,,,,,,,,,,,,,,,,,,,,,,,,,,,,,,,,,,,,,,,,,,,,,,,,,,,,,,,,,,,,,,,,,,,,,,,,,,,,,,,,,,,,,,,,,,,,,,,,,,,,,,,,,,,,,,,,,,,,,,,,,,,,,,,,,,,,,,,,,,,,,,,,,,,,,,,,,,,,,,,,,,,,,,,,,,,,,,,,,,,,,,,,,,,,,,,,,,,,,,,,,,,,,,,,,,,,,,,,,,,,,,,,,,,,,,,,,,,,,,,,,,,,,,,,,,,,,,,,,,,,,,,,,,,,,,,,,,,,,,,,,,,,,,,,,,,,,,,,,,,,,,,,,,,,,,,,,,,,,,,,,,,,,,,,,,,,,,
9,1.0,2.4483037898429467,1.9143788853442032,1.7630272585381164,2.576038102099128,0.7196083843647754,-2.168379499670133,-1.4796243241465803,-0.7828491625308248,6.05948387365042,-2.7509751966560647,-3.8905032009115668,-2.6714799032994794,2.2875221802370715,1.2865236210618884,2.4967503744328305,2.602224448437389,2.7826950157170893,-0.026592288845557754,-4.712362240216519,-5.092531371554531,-1.1458900812485702,-3.7611713265763753,2.819412533539513,1.4623538321080132,1.9569814079310641,0.6035786868019601,3.766711152222297,-0.3600590217180412,-0.4860645233952026,-0.5206236039763757,1.2111307661267958,-0.5021423797487574,1.0115026233032403,-2.292222454703365,-1.7107607419794835,-0.5756199354584854,1.8608875629586685,1.679316167405409,2.20783002842971,-1.0467037297711455,0.8211269092771324,3.492473719595452,-2.126350574767273,-2.239589047739972,0.7516235901572418,-4.895677902831544,-1.5073503059744568,-1.4645551280378137,1.7208978479230077,0.7904419092057164,1.9809202755815674,-2.368127059979988,-1.2804922320727046,3.7140750749027296,2.8107487883003373,-0.9972903211648898,-2.850818212240352,0.13407006952601144,-0.8944537904584773,3.342987593135067,1.752206332920206,-0.7261132028017524,-0.2989093459556796,-2.5281703736481185,-3.2825445175450114,3.0813655312599253,0.7798714149950539,0.4355336436523182,4.678674839128074,-3.516458033134804,-2.5975477111227843,0.2999898129208206,2.015654127137404,2.413662675340794,4.894826012891293,-3.2152797638287414,-1.2516389822637435,-1.2821493304621923,1.1151235550728897,1.0552521883939643,3.137775126385349,-3.2965061134039195,-5.057470437307859,-0.23435561742407207,1.5361595023593335,1.1713022792842784,4.556564196231641,-0.9087712788182386,-1.496427812013907,-0.93450799319595,1.6529592438602716,0.8650228904775158,-1.4593305333894233,-5.478664950112196,-5.876239952705406,-3.839501107686909,1.928840564734041,2.252709380506871,3.134197924652807,-3.149139098098028,-4.023867160272605,-1.5233325989281727,3.014712801515277,1.240677579524714,0.7692539915176649,-1.5575672460801653,-0.057872739565438557,-2.7137234762610944,2.4069429338193835,1.2772977340352873,3.0606917533188764,-1.7696106260126714,-0.8452707015241945,-1.713879509454677,1.768969445107158,1.1503145448101237,0.2647791898739586,0.9257973995276811,0.3975648114089932,-4.109362436315409,1.9233936342642193,2.4834892040779044,5.284473438546006,3.0728227370013648,2.7509960051894318,-1.3449363492305344,0.1384367358353188,-1.6618687119327165,-3.488064799993298,-1.344224672854795,-0.7960109171676047,-1.1856234574955224,2.221752646653785,1.3553982880049595,3.188622419935818,-1.3092255088989389,2.478146385032013,-0.062402606740228954,-3.2182703540174824,0.19847643989997418,2.6921748701784503,0.33425211953757367,-2.0339408632856997,-6.41599523353274,2.087343534765834,1.8160574606539357,3.7250110231944666,-3.464882775770115,1.6461902534907844,-2.019671427028853,-3.5906521514504584,0.13614793624631172,1.683548768074048,-3.143351206212816,-0.36681530683337754,0.5626005985338568,2.1086055613974923,0.903131276379175,3.777768149401911,0.6715203912789143,0.32724369423989813,1.3163704294924774,-2.1031079961962416,-0.15535695708018318,-0.9502538949423078,-0.04427464125764943,0.1601287340692667,-2.2689822501832912,2.6645105104506954,1.685404809215394,3.8660314850251267,2.493419695251962,1.1257806617618527,-2.8496522487600484,-3.3858018580701237,-3.4789004958799783,-0.26365315515267906,-4.842919399244786,-3.047165306803432,0.8253914308558418,1.3854518848878135,-0.39243361456209347,3.2398387611411015,0.4243408595801774,2.0429029842633297,4.890485715357895,-1.1010878296853006,-4.391460489570166,-5.713884257593632,-3.9788127556291144,1.21807131189024,-1.166960178002537,2.5088498211523294,1.062114282530822,0.9399509121344201,0.31360036867763297,-1.2606042453549604,2.087337150279355,2.269805410645919,1.7916032907823536,-3.0640062398190517,0.1524696167888689,2.2257155485451268,1.126150327874955,1.6290061945182885,-0.7177785820458314,0.6264913804085018,0.703784385294299,-0.6923919353784752,0.418620828389378,4.300584611499237,1.634863284011022,0.6842961390569855,-0.3230559964865518,0.21792531585229866,1.437273123987637,1.7871118187491557,0.9423581638018016,2.6954034969979217,1.821455434833544,-0.03912131142364882,0.021053463169384026,4.038539054103514,2.7643436288031946,-0.7264896617385272,-1.659294015122299,-0.3168207813790006,-1.8609038151096526,2.0671673564404753,0.7225361724628885,3.2306284659941134,1.009096845587597,1.7615990145944722,2.186780700238326,-1.6726804354560403,-2.7887722082527957,-2.9405734970260307,-0.25574692820069694,-2.554637603838937,-5.6130981542656055,2.307688355495388,1.5241106992933124,3.2543106236222608,0.34685549989609415,0.40602083442137704,-2.815294126283267,-1.2732814656024765,3.403073541004353,-1.2553579745595203,1.0941335690410228,-1.3815568842634547,-3.925349515875039,1.95317134203555,0.19333605795899866,3.953847986426338,1.0584782463662699,-1.4460780558346324,-1.1214938824059575,-1.4241827407147556,0.5903194061600071,1.5462271153586962,-3.6275082474182305,-3.697938048928177,-3.9001750767765997,2.3857601278207876,0.981888436401647,3.557978376723942,-2.050321295672682,-2.431933203282652,-1.488584696248536,1.5812164751319993,1.1049843083624304,-1.479034047579937,-0.6767613815126968,-1.1964928847911693,-1.1325837877517557,2.0935875018202217,0.7573535471740513,2.784288564231029,0.745275616512288,2.832790240955477,2.8847518138698196,1.4894704274900636,-2.928385186214202,-4.4091635436563195,-2.5161742579066426,-3.0496650911835537,-2.481875952922592,1.5747803294754064,0.45768683580849134,3.870637057512008,0.6751229818991321,0.3763637817792278,1.9337267679826284,-0.6259286937764997,-2.7271660738724472,2.4612308707163986,0.8714081060056175,0.36239448581385486,-1.8205662482962175,1.7788473774853126,2.449085561894538,2.882065506223065,-1.0320840099060204,4.290557859663177,-0.47325115184866107,-0.2806090690813802,-2.703187667819002,-2.713664578060589,-3.702362818643012,-3.014581937425061,-0.557823879089417,2.353682987541367,1.7305511632557946,2.839445859583327,-3.409639985506334,-0.26283797257309843,2.583030183384107,0.3571010104697245,-2.8059544374323893,-3.2280851297359616,-0.5667874047914114,3.062991476883624,-1.3223094541351328,1.4720949255359055,-0.7110257621682888,1.6721483344010508,-1.2632631712643907,-1.8200402789023602,-0.9714162465825306,1.6670488172460096,-0.06085183685545609,2.7380308269409137,4.800953001940221,1.5607249391294338,0.603815868302646,1.8481552304831323,2.432692225526611,2.8022274525498623,1.6429987071252319,-1.901932454896419,-8.377130674749118,1.835910850836386,2.0181750693192373,1.6837193154638839,1.7922793723353097,-5.3253011129221335,-1.8474040109333731,1.4160866682621718,0.8117336155104372,5.717829797674526,2.734288206312817,0.4131485551522413,0.8711590657333882,1.744121895407454,-1.6163973839593937,-1.5217325350253197,-2.2632404379620454,1.5901959476977454,-1.7264439671597314,2.253231563181442,1.2664818640251596,4.329305245653925,1.6297045472937048,0.6976910553119939,0.6932633940051768,-1.0688405870686524,-2.399449595164718,0.144821841994786,-2.9345672586297464,-4.4863900305396,-3.85493257086037,2.539160910710373,1.011445875247475,2.4506475494243443,-1.919129978577459,-0.8655932981765916,3.287915788058406,-2.219337847247521,-1.0054694707151473,-5.062359988432657,-7.402650740968644,-3.138997710541959,-0.06337489400709131,1.8012170899598678,0.8824780507150944,4.9135342261206105,0.3064208471318864,-0.658744935429309,0.6426901759134458,-1.186427244217095,2.0883566116665473,2.410277544304957,-4.3175715998106075,-5.930908259374727,0.27236117523945835,2.093801831791251,0.4003003443654887,2.413899539361183,-0.005208068517345796,-1.517117261694604,0.3918973933762389,4.149884546469473,2.294245863388559,1.2152758580122196,1.9659086069313856,-4.100164201851899,-1.0616902054682062,2.365436212453132,1.651225578360691,4.669118003725675,1.414416834785807,0.6862753033138157,0.7944136268268088,-3.4304602805381434,-5.709618851337379,-1.7717822006061372,-1.7318663312105496,-4.032104718863682,0.7136456435161704,2.275982382190132,0.37046000634190873,2.485553260511314,1.8503734316204588,-1.5074414066544402,2.996842387341964,3.5670416974118564,3.3276648160970885,6.824509540475719,-2.128765161021748,-8.779355116618476,-1.0629443010800268,2.2871156134559008,0.6642529304261462,2.1396614126361135,1.0117116027011281,0.3703247077154029,2.572464909764864,3.586231499627444,-1.475314841757479,-0.5878359413239121,-3.6118775965702024,-1.9375834277846502,0.390633710671756,1.971888448543008,1.1057320641296384,2.8421183347699293,2.0376276241839912,0.5817521597510693,0.5312437661446552,-4.821702280099837,-3.0672478526040052,-1.3218485307759549,0.5356434472104636,1.7932881350472492,-1.2180948915732708,2.1114951562653146,1.0801952337240124,2.6604219011641144,-0.4984982004403115,-0.06896423182317103,1.1925425375142211,1.3965329823135728,-2.2856335559815317,-1.3596710264697605,-3.2742062184510434,-2.7930884555410445,0.6416955827287685,2.3005019829581577,0.9066181701696622,3.982883561458026,0.6639821265748377,1.1364173982248054,-1.9776208164713847,1.8802630943310847,-3.677658427821089,-1.1059010130337368,-4.443841090832155,-1.1084316460920216,-2.0962191576134543,2.0297448113958523,1.4177594835029543,0.8512367414593289,-1.8039977267747813,3.0140531959357126,1.71648469146944,1.0401317340781857,1.5013754944424325,-0.5959129757584419,-1.2462906671024878,5.434594773205102,-3.386497675986016,2.881564457836659,1.8841144176393012,2.465469703253495,0.17959738290975671,5.553562000266439,1.5870962493486471,-1.2554154950356915,-2.196062528773019,-3.294074373466999,-6.286575499544267,-2.3877601762489613,1.3972709296023897,2.4140625584221023,0.7713335357150749,5.089396116681621,0.03403436305752547,-0.9541871162420591,0.31236822656667906,1.8731946529889432,-0.24014824214299904,-0.3041951275549122,-1.1841223788661916,-0.6726042998889313,-1.1511986007849244,2.3821087291318057,-0.8297693326654,1.821295831931784,1.366936975614111,-0.7892217959840304,2.6301652037756242,3.277955009041812,-4.514105652311235,1.0963278489557884,-0.7789311141697304,-2.112856392499109,-2.0699458427218396,1.630199725412239,0.8572121857689925,2.973042042460504,-1.0912118902182124,1.237061196121529,1.5771888586814282,-1.7310031048471994,-3.766352303103347,-1.9463245545096024,-7.806826634892705,-2.2803162440387537,-0.3241767449291473,2.382033429852055,1.444647769228511,2.4412682161742523,-0.19385179909010553,-0.09172575523205455,6.939289858970995,0.6914655827962233,0.9152855799130738,-3.722391803151475,-8.018719903489139,-4.292119514086346,1.391908576777635,1.9346410739078737,0.5810430004523428,3.181699031696626,4.279754884392693,2.3094938786446364,-0.2913124125584655,0.3139883948193926,-4.101721494992825,-2.0278231446683983,-3.746796377444529,-3.0987673695167746,2.823560442106423,2.4429898057532617,0.3971364474006661,3.213173734909164,1.9730908997079746,2.750436344771545,0.12295607109545387,1.290829161969908,-4.035175369559741,0.9758117710648382,-2.635586210325437,-4.736711262632424,1.2372388598709971,1.9203246435019097,-0.38633622754158325,0.9989254235080576,2.5566485953840328,3.0144348882151157,-1.049364519430632,1.6516646262804968,-0.6438131463694043,-3.0791388365627683,-3.9436038384670367,-5.502071188276429,-4.148955441435513,1.869254299459562,0.9977172671337008,0.28982602191957524,-2.5238908457630536,1.502104149060143,0.25874216594275373,2.3123497276802003,6.450688643254542,-0.17538172259073806,0.36103214264117445,-3.651073887505877,-1.540533098004246,2.018586404527145,1.2886551007563718,2.5039414973243894,0.5441839501396308,2.973022218882845,1.9202181415325843,-1.3755935554996206,-4.948464399830843,-1.8946085884567314,-5.289789560314139,-1.3948505791440842,-1.6657418238428723,1.9806739763217327,1.3356835210208806,3.422660463412007,1.157357376384056,4.299766865333292,-2.926696038984311,-2.696034505127929,-6.397354580501615,0.008065756365824614,0.13923166757656283,-2.9619398293430304,-4.888145014252901,1.6437478681540694,1.0541821188483818,3.553033136906106,5.527684331353876,3.367051351340862,-0.9799050898511376,-1.4548958115210002,-5.9835873858654836,-0.7799329301214837,-1.432782889386035,1.6871455588498758,-0.7601908703028077,2.2476673820653374,0.08829944529770699,4.501699625505041,3.354304027841995,2.2733454944582037,-1.825969412686712,-4.176523553324769,-6.69007056584882,-1.0363024596312433,0.16404060999000958,1.8146107227883141,-2.6212150661804463,2.0211815547331433,1.9307605028226884,5.270748361041676,3.448390849610219,3.8355397634390695,2.1045636722582888,-5.859017440731441,-4.221620502040719,-1.741358485808802,0.941768879125493,0.15571638970008175,-1.4925833356708151,2.1587653000064235,0.5549561120431802,3.0742189674597324,2.2418368215593354,0.626448671269277,-2.2519491899680646,0.9646693455158813,-0.9506214142201672,1.1842279300859038,0.6915412300854746,-2.0909938500600154,-1.1280203137065794,1.2848493230158815,-0.2844918023912719,2.7907901502819317,2.719359606048858,4.533108191818978,1.381896652182047,5.447531540885666,-2.019892261107047,3.6565124933243838,2.697783258144324,-1.3066532543874922,-1.0114202268299037,2.226126537231987,0.953982892274405,2.4743824359714885,0.7511984002580786,2.612765046789781,2.218377827111422,3.1728733896534345,-1.8453418195887734,0.8422371649587835,4.060273553203762,1.6112029016976745,-4.4675662380656584,2.0788578114815657,1.1845128189754919,1.9856821108799336,0.9450478925404421,0.2850261625037499,1.2108263496723732,1.7032441582691402,2.376602314123057,4.922860381775386,0.16809203284367447,-3.7701000496389327,-3.444818169192035,1.4017597061076221,0.7795507278802999,0.20324444229244842,1.4951804903390273,-0.24784557004861965,4.109468545731144,-4.608338280948885,1.4676659888511736,6.567703053624257,-2.728519498991336,0.1246607215188793,-3.6525677432249757,2.0837197396647307,0.7838594505930881,2.647177594920924,-1.4641919578375735,-2.7589954286866214,-0.5396069887224654,-3.2096682808594794,-5.179203134090406,2.518461769935699,-2.56776331407246,5.633316743041369,0.026861510385776458,1.3657073227806014,3.2340827509933563,4.870185535109545,-4.632525674724102,-9.289137376904256,-5.589881595891897,-6.591114293582312,-7.07952084447356,8.232551409505069,-0.1047503993118552,3.8677414752168087,2.9830284371092324,1.895432477274852,2.6414670100869317,3.164901838403052,-7.373964941406272,-13.07044485173011,0.8185165556017517,-0.8623313704619796,-8.985504640327877,8.726421106418467,-4.4897893620668,5.707998288872209,2.641458937539672,1.1694643193456413,0.4472195935476501,-0.1562403240420471,-6.690883311774512,-10.697797479849987,3.9609198294359085,2.4426893301424064,-6.213928876731062,13.8345543502016,-2.299586591488658,0.7224454711728313,0.4285016408366178,0.6848387963889839,-0.5999430373051056,-2.1220774559347815,-9.259271073105817,-11.141785692762525,3.6359222610092377,3.207953925967372,-7.136316187417181,10.417302618244895,-1.475362777521929,4.525181106506842,2.138483477094367,0.6625151529644423,-2.5383667076991334,-0.6806401394056504,-8.13262401927634,-10.922045953513875,6.161382293279415,1.4347948427848296,-7.392823291450975,11.018628441912293,-0.284993872968254,2.065507652421563,3.7293237366395804,0.6343889017600307,-2.139024079671727,0.5881392667665699,-8.415875271849616,-9.332412867502988,6.358794034944577,-1.1231836671112574,-7.550381333037364,7.734829328372059,-1.6652177689151195,-2.3515648020790607,-2.553588445717033,0.48580002708689835,-1.775635398638659,0.4632066019034273,-6.203428763120829,-7.41773145370014,9.88874262943811,1.630732622835127,-6.711709567162098,9.035334856952373,0.41027149207321306,0.9348677931528111,2.1771480038352298,0.2121543551428018,-0.9307675243944682,2.2535251266470135,-5.833476349443654,-1.4532194473259166,6.253596587012353,-4.4969346397542225,-10.22759611681528,3.8402327334221087,-7.0883353558957864,2.4800499840493075,-1.3568149971070527,0.11197302431025248,0.8594264977674761,2.8325631752435805,-5.517781708327141,-0.7215150434084581,6.772425581719998,-9.59029089868279,-7.645275440717435,4.928957218564022,-4.763619533591154,-0.31552058029177293,-2.5769699823003114,-0.4295776125123464,1.2006274112334332,4.704102933244895,-5.473012870780251,0.9046074443980192,5.673688198701643,-10.399952494154048,-8.312447290886379,1.252339597626225,-2.3161719661299953,2.285917455048432,-2.3888111556428964,0.20998486947349923,-0.8581703308205153,1.6920506722120447,-9.897872939318436,-1.5196043455931116,7.320338508784708,-2.6803017421486377,-1.2710564683321812,9.65246354256577,2.0946206539361425,2.069077118966745,-6.511837101029089,0.5903124541548119,1.613429253390751,0.2922456394989969,-6.998820607408248,-0.900118604554664,5.7801847930531824,-5.034150417551927,-4.187555074174895,4.173130239324442,1.516732442780163,1.9875755748462516,-2.7706559855854356,0.9103996707486488,1.270114957424699,1.306236433271394,-8.804395886422075,-1.115093874814475,0.6210566285062348,-12.676579508820415,-2.4628460964560905,3.28659761735006,-4.660214012619,-3.9437009372509637,2.7733274905458813,1.7730935201120306,3.078331335325238,1.599598482141372,-5.853590973697578,-0.14383513381557894,-3.861352878087091,-14.72048630258182,1.4790450689280932,5.028610071441475,-5.882489302652421,-5.638176112540604,2.531935860645674,1.852023094609817,1.1723909952308056,0.3934841694041778,-4.5724841597871535,-0.05198827789487251,0.01655917029128576,-8.169060352642575,1.6692316395747606,4.939707301525631,-4.691536764235714,1.465827068829304,3.065454503123748,1.640030394988959,0.6588222963243405,1.6927613515780335,-3.0186087665130836,1.8921714129814353,1.6848206269034272,-5.193583162555419,3.542697350028871,6.377876940358859,-0.44843041331867833,-1.6563819356195342,1.6347384454995864,2.003671146253027,1.8494398150528921,1.9212073140788093,-3.3435062716819135,-1.6529209293088263,0.6419389455126518,-1.8324095030748337,0.09192864611389308,0.004400718521397091,-1.8341712198958544,0.531561314314791,2.615618421356209,2.363646624618725,0.5265376627021787,1.7068892088934868,-2.721745011176973,-1.6484023983703375,1.125702142682523,-4.824772193622556,1.8575193917357444,-1.2243258113735367,-5.114436026365217,0.13798185428376458,1.8122952506342562,2.2089129620072034,0.7003257780526873,4.83477043057787,-2.1386336085745947,-1.4031829077713105,1.3460144492975594,-1.8856577050047405,-6.866499485834046,-0.28818729812447275,-0.052269635516406426,0.20264146296890445,1.2264790027682015,1.8503353976838433,-0.4658865951659381,3.038763892089246,-4.337267417096923,-6.3272480676714125,2.656363291691365,-6.121176370688437,-10.758507536175596,2.1894975138406276,0.7269618904583791,1.036620309368163,4.712739267640421,2.429209882699789,0.914879981502411,3.355782353461886,-2.190585843660288,0.6228142155818206,6.722170042670667,-1.8936655437874688,-4.611961199576346,2.6433613798959614,0.09942162612770583,-2.694198628668141,2.9903768295294415,1.9885018993292967,0.44033792427675045,4.1903933429073,-0.9439713534191719,-3.228939361224833,-1.804157168526401,-5.389859998093496,-4.7954984166343415,-0.10350752282242123,-2.195688700589705,0.09468442520101525,-0.3351183194059754,0.9796646700660316,-3.1916410560072324,2.372220041710987,-1.5918799921970959,-3.7128499598063196,6.362627290918577,0.40436766690341147,-11.775633762689226,3.6583092604825107,1.5814139104869769,4.400413526918305,1.451764679748854,0.9593002437787249,-3.4319635079218065,0.8091828786987663,-1.565258183011505,-3.9727309352850595,7.274139869077503,4.924893436955157,-9.639080544178833,1.0741477473005712,-2.393940553375224,-0.3485119028680076,-0.8814423661382464,1.1487548937321204,-5.469903420840895,0.7504489932758269,-1.3009385595158982,-5.47660521768951,5.472033020610396,2.9995417979719705,-11.8545728670765,0.6713965653024426,1.3709702940159378,2.59004146293774,-0.3481838567659273,1.6277370858966196,-4.467916450916215,-0.7449652755640113,-0.37544335340735335,-1.5046297684503573,5.2973297445425835,2.5069731508798996,-10.726142300809856,1.8824759874034962,-1.2310330435347476,0.18839772791134243,-1.6331224999836391,1.0462151401341961,-5.38702234797646,1.3151784943085265,2.767634535037249,-2.5375537930718415,3.798265486219736,4.035549026730971,-14.582696977141753,-4.437751771695902,-1.6571711622324523,-0.03905742532335009,-1.015431722897325,0.6360978225572913,-5.339011012763337,0.2448752246872641,4.732893680539477,-1.802016679248116,3.4860029187821593,5.554579187958996,-18.898589831896583,-5.808427549565933,-3.6357283980369512,0.44995886807893415,0.014268866558567555,0.6986476631030587,-5.635233499449659,-0.44311841469768165,3.824690058611439,-1.6965791149012723,1.6380578315794845,6.747707579158247,-15.55372866833012,-4.855432910173395,-2.037106269744069,2.200113446792511,-0.6829869151199902,1.2420322864380822,-5.938548272693255,-0.7431806127911553,2.0526552749582256,-2.8028605966449134,1.5896187078718746,4.533556695158172,-12.671279979727192,-3.1390561338194436,-2.139984310386715,1.6889452828150482,-2.031637197856446,0.832103855551745,-7.4467180735454095,-1.2375692900604793,2.024157817161213,-0.9930124742432193,2.6441313767758885,9.480460666012828,-8.975852461734359,2.287586320047678,0.47159016959437017,3.012641733091938,-1.7058670303491505,1.5529993087047524,-6.089700859964292,-0.7098400473451872,1.7845856193694365,-1.972656943884741,2.2706536602405936,7.4247321480922395,-8.404932777726556,-1.0053142228642715,-1.1203618097884729,2.0076619453769884,-1.8528945813599633,1.2613363049156865,-6.539478616375619,-3.1197378566787255,0.3764005949910484,-7.565309550591849,2.186557235543171,8.145828093216089,-6.464827510785278,4.836746992019828,-3.7153798256895283,4.320352102291362,2.722941270917618,1.2701542070760583,-6.860334910785744,-1.7417424590024535,0.48298036251527754,-6.189664812406825,2.606841571058993,10.885473775979301,-5.0358737657516315,2.430046767339879,0.612668056484068,5.7232448889826735,1.402549968107774,1.4462743874379804,-4.7807664533696155,-1.6876194236438395,-1.5192623583652365,-6.498965287866004,-0.2036450793459941,10.519467736225197,-8.00304847027566,1.0291515030399738,-1.2013800078757126,1.7468069164750295,-2.68105523676713,1.2947532807208864,-6.091626998322212,-2.5989726754444185,-2.633586828201844,-3.582961317345805,-1.3119538953596994,10.703348986809964,-7.1353808356572,0.9287975609831911,-4.847597368393551,5.36726813672699,0.3952127842873093,1.7359352457365553,-4.816907404290387,-2.903128566634004,-2.8431724593816123,-2.501875540579522,1.6628248750641508,11.234689630638096,-10.06087019164514,0.8252482046749754,-3.3472713827958387,2.259683000206689,1.2497835725250772,1.9657095550941444,-4.699747981682113,0.11439996441368258,-1.5162203892646477,-0.4421066689365112,-0.21206299758187322,9.187354268492388,-8.964007741305595,-2.4367187909413115,-1.9152436793266767,4.449694005021857,0.6513537337401036,1.696599785056602,-5.668394649362437,-0.764655957394332,-1.3046734803405784,-1.5446682937809577,3.0050296402304943,9.099854174647229,-5.634775827171296,-6.08339254199375,-0.055519543757027785,0.8097382433334928,3.2823611702578206,1.9844024367494926,-2.0193866308634467,1.387188172328508,-0.45897030937020383,-2.6426521090104744,5.741757403669537,6.318995126279084,-6.62745924845241,-2.2946592943976083,0.43875558162984857,2.567022825222526,-0.06528084841341264,2.5478253059471583,-1.5999242406171987,1.4201697465942984,1.4951309791135674,-4.13044427241549,6.957729940738586,5.217185675741409,-5.670028496835118,-2.836195247028658,1.3321214590618236,1.7342631974831135,0.23222670008231444,2.574055015088302,-2.958470474258262,-0.9167593461077966,0.8300779642893875,1.7585577713380947,5.6124247830318925,6.782419799020015,-1.549595223412431,-3.4459780267576594,-8.965449990698158,-3.817472622751,2.3512336322791136,2.449815638724965,-1.446873814720554,-1.4499478800933006,0.27800344415203204,0.04917843944331795,4.652781938510893,5.941992482727527,-5.656996400383551,1.123374015950068,0.5689789366097141,1.6350935338146118,1.177136900594887,2.0622067458344264,-0.9153877517184451,-0.544869115998846,-0.43208797380029224,-1.1600544001986308,-0.056083753348977236,3.4763949639895237,-4.311270192080985,-3.921310151128645,-1.0260446785157191,-0.8445816933324027,0.006374621152332089,2.2317306080513912,-0.018043557680759274,0.8884257293484393,-0.18953522820618116,-3.2271173515704645,-0.48399987701856145,-0.019665018933827026,-6.038606572761015,-3.377390731658126,-1.3475552819131962,-1.1226910454107981,-2.1303990167794513,2.052005671220499,1.1209221444816382,2.9489499422733743,-0.8999811513676471,-1.9827591548226178,4.058422016882098,0.22968983662633718,-2.864053916209176,-3.1550750563588847,-1.4242380121722371,1.0899446878620658,-2.530559943240319,1.5478403768382931,0.9339314085852723,3.9577804884235714,1.686174022764331,3.9780904668421986,3.5679599350998124,-2.514591754228775,-1.6650752212285913,2.1767535692587745,0.8509803322374515,-0.859731470739482,-0.03559684541553182,1.4830962270160055,0.3889702439140263,1.6260787144459459,-1.9154717707564362,0.7226246893589231,-1.126808367789496,3.0358014085686276,4.666324200969333,2.1517906896583403,1.9046236098555287,-1.2262655958649664,-2.220658423379158,1.258795852600116,-0.22196092689321378,1.1127105243592832,-0.8633487994654828,-3.213293342873885,-5.655407161592993,-2.769300961984509,-1.9352464084140462,2.579485557944429,-1.07892526029406,0.4941781107232968,-4.798408730056437,1.1965828366938984,0.48399346054342984,1.5103227576717915,-1.8167722608282209,-0.6520293591312981,-2.408209436122001,1.0731287802185963,0.29557438997474855,2.8895783812615057,-2.281148888991144,-1.0242307608071965,-1.5611558409917359,1.8806027181042009,1.3882497858191052,3.616024846368353,1.6831908780373752,0.21930967036506235,1.4862077247054188,-1.4196822463507541,-7.947073275438838,-0.3546991590724847,4.139969875073343,4.583479563359798,-0.11279726852952014,3.184801024066391,2.8746005389269125,2.3786328205815637,-1.2289487430435253,-1.7957334028668133,-0.6906988269814264,2.8558476646270234,-6.796270236050301,-2.4685651257859873,1.7002290441645929,4.108462932425916,3.29905281202024,3.1282917136885917,1.67985994179621,1.9592584783714175,-1.8971147250887188,-0.3263436210134966,-0.4845312965363159,-0.18715235105014108,-1.9655685178907278,0.6777316375815878,2.0194482366902857,-2.769450911422835,2.2247240648722086,2.8162738047017752,2.228313395202767,1.0046436574190176,-1.1369236588107725,-0.39988605871696564,-4.325382158925691,-3.293101284385127,-7.358093714103391,4.2953770755397525,4.743334089516834,3.4120419000046267,0.40598388440449285,2.2182177184491905,4.605735490688819,0.430745066321146,-4.398576371029169,1.5680737591670804,-5.696537485747861,-7.163021089100171,-5.5816827618632,0.8404826026837041,4.926418412638448,7.249038020044103,0.9856451463936979,2.0780414273012027,4.785321988989512,-0.7568417848805774,-1.9109910570821989,2.639813966059577,-5.875274440754131,-11.249282433057642,-16.253172885417687,-0.5725710854700845,8.392886511691474,13.634294482355003,5.881705998692638,2.34737790636809,5.570046090622986,-1.3608895023246366,-1.3379218026499093,2.1509733820445653,-4.810125070096142,-7.631193316790929,-13.68464593175611,0.28964039269199454,2.8220356511274782,11.034176734153885,7.335126730731313,2.0656264037978924,6.3938457998192515,-2.3397952540519285,-0.8958335863982894,0.3742414543873432,-2.651823769084261,-2.0433188780037006,-9.339492984643112,-1.7141989367210428,2.2442058963031015,9.328172952481875,3.100397977043012,2.023437612736785,4.585812578561237,-3.2272545027952813,1.699790183407047,1.5778761469644809,0.5615550644206131,-4.7342124451241085,-8.928910033883751,-2.4965294724826124,0.8512992094412866,8.930595661264059,1.2653948744204573,1.8311742786679146,5.587970552347498,-0.4852270396112796,1.4928952360398335,2.541494678550474,-0.06677754490525364,-3.044505775940725,-11.960011702308364,-2.8015787308528513,3.612471232002979,6.371380198794739,4.342333901946663,1.7253708758310817,5.795877815364938,-0.534741850626266,1.0830082309903621,2.9624200369209746,1.773891650123927,-4.133815812691712,-3.1849893221917815,-1.4342686047166553,0.03539256734429424,3.1217727868412837,0.47786235318694786,1.4435400919009098,4.3122842009175955,3.1259232109445034,0.6466030571888699,1.2955542422809603,3.3241478169154006,6.28192840202458,-1.8193260503184403,-0.9444131039074042,-2.0977326476421707,-2.701802980111385,-3.13704830934613,2.0525814317162587,4.238425986305565,3.006643124338236,-0.21025577413269736,-1.1361163008394657,-1.420966419248782,1.3896734914248834,-1.2360309800872913,0.3689444849949797,-0.05710094612089458,0.27836162940941556,-2.6003412023299424,2.4587899627473635,3.867450202223862,2.254609685182742,0.759439084517117,0.2124832170634443,-1.5809051529386595,-6.857017362994123,-3.4120914006832095,5.795007186255436,0.8063870247544859,-1.1466624981308964,2.943116192481166,1.9460077135027092,2.955300672844968,1.728181522083877,0.014498966194417031,-3.221347098386705,-9.798874719926724,-6.363243729056579,-1.759890892473101,-2.1500888919949452,2.073836184014124,7.25645525395014,1.258116979222144,1.3494156631548482,3.2852303112391072,5.241353108875593,-0.7346031304892683,-2.6766748698370555,-5.10093500516273,-0.36158999958746546,-5.103385331820477,-0.7493431737899952,3.180706532851189,9.140655845263039,0.5059942053626574,1.4591740867747622,4.785384875755941,4.67189093588208,-0.5054342519861742,-1.9411389071157799,-1.5167281218493438,0.016288694436679334,-4.985036497223186,5.584873709132459,-2.145813603252968,0.9572345489517878,2.1131079456192383,1.7685661784313118,2.9695108715928953,3.0909046551818102,3.9677578534214533,3.595464089646422,-1.9875155174647672,-1.5724299319330812,-5.4806542211747376,6.378505492987854,-0.8173277038649701,1.4104792944359346,-4.671307716141453,2.0745846943301913,4.0323347761280735,4.102635270523271,0.9965306366818459,0.1193562465242053,-1.48420639900916,2.309776010526097,-4.1164022789242205,1.986577201340061,-4.459044341868305,-5.547061347779592,-0.6966128669667335,1.6981401546481378,2.2098779665054322,4.645221487288426,3.878093562066692,3.038602908813013,-2.143245259336504,-1.492953958473145,1.1657511790680875,4.524124455566268,-1.1491989788807735,-2.8170570659643217,-1.4581043829759448,1.981997978769055,1.8010812217169752,4.383188422726334,5.078139705126372,4.064103326968953,-0.09082379382547241,-1.6469296027755616,-4.536280435541656,-5.474336546802221,-3.6337065538871975,0.8295820593615266,-0.31610566140680596,2.2524816164946837,0.11525325919303803,3.1844360180156066,-2.289141674864586,0.5934316117370734,1.3719324443508416,1.3404660492424605,-1.3913891111771202,0.2514974136829908,-3.468561485492768,-3.3080983473642562,-2.8227983016652196,2.06783748135218,2.227520346831863,2.966969815349472,-2.2797523746962183,1.939999023820117,1.0883303920320166,3.2605073493213204,-3.2623653444354233,1.2872191319206163,0.7676131389248609,-0.5308752766194307,-1.4827533365444903,1.964867945307937,2.348937618096602,3.1819193917443704,1.297194008919936,0.5527276579710071,-2.8899143146764006,2.2777156068153457,-1.3824389967279733,-3.040292775927328,-0.9217431222406491,2.55181277637891,1.2494760933213938,0.5563458642298369,4.1910037357288905,2.6692490766972106,4.654357125937099,1.0492732759877557,-1.3778339993672841,1.6377035331280303,-2.315587283427143,4.079369739892195,-3.5377535246510177,-5.558439281374884,1.152711889472076,0.826509820796272,2.9333421431356252,0.8533409436618562,2.0089525946523046,0.490294447027489,-0.8831015920984003,-2.935738378067159,-2.121840894304938,2.522100316403183,-8.28135762629587,-0.9041528291980689,4.212918192350106,1.5456278099230043,3.5500748153626733,2.9735103781361802,0.27331324135171425,0.6652929612375343,1.4517381222329577,0.9297675008581558,-0.5737879672844735,3.7623396079310627,-1.6310429786871474,-9.541443027553559,-2.3875415281763543,1.4260451589224175,2.655016007881074,2.0766677065692796,-1.0851566029794912,-3.07934732096399,-0.2889553409485408,5.657115119673029,-2.011421110652184,2.9075882957399566,1.0998984292735496,1.5108957630192827,1.776354547477346,0.28341466941494453,0.016459493339411036,-1.2255441093606732,-0.12419521053555399,3.55088752596093,3.9590801923865495,2.6608353504332074,-4.325998321358016,-0.09789476067486404,-4.895875575374468,-0.40958737374828563,1.2694917008395548,1.0544954059054676,2.066458776433561,2.093219412996474,0.20425479315639744,5.462578218492305,0.9769674943948513,1.2821155381161617,-4.59425219449533,0.004271994413702214,-0.6016695353014408,2.9021062297870768,-1.4646768679085018,1.828504057033205,1.949794737598444,2.2598549264917684,-2.157143491438565,3.3905297019639984,3.8336046262983965,0.2738098071805715,1.0850541989449027,2.884925353075238,1.581510544111382,-1.4977173125771495,-6.692997255685883,1.2797493595006573,0.6158253795171157,3.2985883500328548,-3.293160013381094,5.331702002360364,5.095676951157164,6.052884396854776,2.7753124771732787,4.0156689026881915,-2.7738145059651824,2.2358512342333183,-0.06250428215357891,2.1213498032103133,0.44171106376096037,2.285098198871641,-1.72691046280805,-0.20643948008504495,2.2251895938382935,-2.6090047161992653,-2.5339986612132357,1.568420686655094,-2.668879698108733,1.86697680551519,0.6859468995338822,1.5859474384063748,-0.7614062020383886,4.250634278655346,-4.989831814329044,-0.15543862127628233,3.9857724468336113,-2.2186129169044233,-2.080741064301722,4.7583159725151845,-4.1648878341908535,5.031259908328823,1.7787894745880228,1.543441150246357,-2.2028000267806283,3.3357506287475034,-6.794226122819894,-0.3073431707921576,4.94740655182083,-2.2641532390902768,-2.473179191487309,3.5131898830897588,-3.620072838276021,1.6213500226056774,-0.153632045516257,1.2074121282787518,-2.565571665736664,2.056854464343848,-4.387652922265306,0.3675795308543938,3.2868836952940783,-7.48409877830515,-7.77614339746204,4.911640757910123,-2.3900852178338696,3.0225334343078987,3.3474537684560013,0.9044113322262368,-2.991503490403055,4.117616439552669,-1.7143903678494745,1.0181187082788017,2.977627229369879,-7.477014434802784,-9.886037874153077,4.019712943019119,0.4906701122254063,4.643153679144995,5.385473420386639,1.0055936793998803,-2.4921767006669757,3.655877146627718,-3.2620843009322753,-0.28149527763140253,4.640159993389889,-3.040982603999299,-6.088722688940864,3.3429284707451283,-2.2810874801384937,-1.645905238068519,2.3160528107986877,1.0123762077352958,-1.7595111983765572,3.3922616702774833,-4.905211165231938,-1.377100287817165,7.1170180246702515,-2.8662061282358477,-4.831504852730006,1.9492038918511998,-0.7238295492505189,-2.4267104392184855,-0.8498396938057389,1.186060295468177,-2.5085915878233607,5.773477927276595,-3.6935258604683474,0.03498581563020976,5.552730023232575,-2.652607263047733,-4.053604897116175,4.095635485201137,-1.030733097809483,-1.86320914498514,-1.4116770532277274,1.881102067872094,-2.76425779179197,4.6878571882617805,-5.3982430847878184,-3.9320866053558663,4.496012413819818,-1.2329126384351738,0.6970321013538668,2.2334802899315633,-0.3891127835160341,-0.38288087384103303,-2.3647374742517653,1.3065705529941534,-1.8155307897239592,4.106713075972924,-6.715989742534599,-3.1793285280710473,4.938293202369601,-4.373353968272785,0.5626069945360034,0.47577506242830825,-1.1348417599676879,-1.7220065475632547,-5.269748104129326,0.9894015668328046,-1.2833190536934118,7.122506504745224,-4.86373615467744,-1.098097808323361,0.9017893779776444,-7.944702082525965,-1.2288814924315759,2.770144225088267,-4.122655467279906,0.5744135444211687,0.8834116328263744,1.092695128249463,0.2768362896014226,6.22968145034415,-6.560303070903469,0.12062469872610158,3.1282230053107054,-8.361730017050832,-1.02911079414223,3.6129561851894727,-4.814133443985742,0.21223027888710033,1.8380195914648179,0.42515729633698673,2.747129706995563,7.745310497175716,-5.363889523268591,-1.330525115860464,-1.1582504762471113,-5.885148810797789,0.1194594165981682,4.172576061871813,-2.467087120170393,0.3366104889451298,-0.06108644816861007,0.1577609599100483,3.4479161700421175,5.109523202433191,-4.988850558518728,-0.9060457213564405,-5.818679116421541,-8.320896926864966,-5.158981442321993,2.409789419122599,2.1251441991802866,2.167016617235967,2.0367555037769343,0.6252780328749119,4.011519935645485,5.504228250801622,-3.7218772001332447,1.195039762488542,-1.7075144449814224,-4.807887479429939,-8.159302744892667,2.7456296570595313,-2.2928102887827952,-0.16581486458831338,3.0525152352163305,0.9523819859211856,4.110078450778613,2.8887956271313655,-5.566011702627806,0.42294000246313734,-0.0965207026962543,-3.2530968953862307,-3.1798247411368723,2.1768937782552933,-3.845964097184164,-0.08417442251339437,1.9333486388568037,0.7565082603858437,4.811892162659675,3.3262131363080965,-4.1728933904867285,-1.0757006954711454,-1.712952074282399,-2.799341361974325,-2.639486713536569,1.537170595892086,-0.14546271950525963,-1.0513696640069858,1.8155577712013904,1.1203757883083243,5.337754536740867,2.66578878019147,-4.265645162695865,1.4830023199647835,-6.50129206148732,-2.734606303607308,-2.0660713241615065,-0.9252284064262982,1.6321407948587563,2.7615778213006252,2.9575272471812477,0.9984903429845331,6.0215209365937,2.7245055569124044,-5.106049507632943,1.602461018116509,-6.189428132858773,-2.334782623373781,-8.802469253624931,-4.257102655028785,3.165489494921872,5.945089286410586,7.690322903161298,,,,,,,,,,,,,,,,,,,,,,,,,,,,,,,,,,,,,,,,,,,,,,,,,,,,,,,,,,,,,,,,,,,,,,,,,,,,,,,,,,,,,,,,,,,,,,,,,,,,,,,,,,,,,,,,,,,,,,,,,,,,,,,,,,,,,,,,,,,,,,,,,,,,,,,,,,,,,,,,,,,,,,,,,,,,,,,,,,,,,,,,,,,,,,,,,,,,,,,,,,,,,,,,,,,,,,,,,,,,,,,,,,,,,,,,,,,,,,,,,,,,,,,,,,,,,,,,,,,,,,,,,,,,,,,,,,,,,,,,,,,,,,,,,,,,,,,,,,,,,,,,,,,,,,,,,,,,,,,,,,,,,,,,,,,,,,,,,,,,,,,,,,,,,,,,,,,,,,,,,,,,,,,,,,,,,,,,,,,,,,,,,,,,,,,,,,,,,,,,,,,,,,,,,,,,,,,,,,,,,,,,,,,,,,,,,,,,,,,,,,,,,,,,,,,,,,,,,,,,,,,,,,,,,,,,,,,,,,,,,,,,,,,,,,,,,,,,,,,,,,,,,,,,,,,,,,,,,,,,,,,,,,,,,,,,,,,,,,,,,,,,,,,,,,,,,,,,,,,,,,,,,,,,,,,,,,,,,,,,,,,,,,,,,,,,,,,,,,,,,,,,,,,,,,,,,,,,,,,,,,,,,,,,,,,,,,,,,,,,,,,,,,,,,,,,,,,,,,,,,,,,,,,,,,,,,,,,,,,,,,,,,,,,,,,,,,,,,,,,,,,,,,,,,,,,,,,,,,,,,,,,,,,,,,,,,,,,,,,,,,,,,,,,,,,,,,,,,,,,,,,,,,,,,,,,,,,,,,,,,,,,,,,,,,,,,,,,,,,,,,,,,,,,,,,,,,,,,,,,,,,,,,,,,,,,,,,,,,,,,,,,,,,,,,,,,,,,,,,,,,,,,,,,,,,,,,,,,,,,,,,,,,,,,,,,,,,,,,,,,,,,,,,,,,,,,,,,,,,,,,,,,,,,,,,,,,,,,,,,,,,,,,,,,,,,,,,,,,,,,,,,,,,,,,,,,,,,,,,,,,,,,,,,,,,,,,,,,,,,,,,,,,,,,,,,,,,,,,,,,,,,,,,,,,,,,,,,,,,,,,,,,,,,,,,,,,,,,,,,,,,,,,,,,,,,,,,,,,,,,,,,,,,,,,,,,,,,,,,,,,,,,,,,,,,,,,,,,,,,,,,,,,,,,,,,,,,,,,,,,,,,,,,,,,,,,,,,,,,,,,,,,,,,,,,,,,,,,,,,,,,,,,,,,,,,,,,,,,,,,,,,,,,,,,,,,,,,,,,,,,,,,,,,,,,,,,,,,,,,,,,,,,,,,,,,,,,,,,,,,,,,,,,,,,,,,,,,,,,,,,,,,,,,,,,,,,,,,,,,,,,,,,,,,,,,,,,,,,,,,,,,,,,,,,,,,,,,,,,,,,,,,,,,,,,,,,,,,,,,,,,,,,,,,,,,,,,,,,,,,,,,,,,,,,,,,,,,,,,,,,,,,,,,,,,,,,,,,,,,,,,,,,,,,,,,,,,,,,,,,,,,,,,,,,,,,,,,,,,,,,,,,,,,,,,,,,,,,,,,,,,,,,,,,,,,,,,,,,,,,,,,,,,,,,,,,,,,,,,,,,,,,,,,,,,,,,,,,,,,,,,,,,,,,,,,,,,,,,,,,,,,,,,,,,,,,,,,,,,,,,,,,,,,,,,,,,,,,,,,,,,,,,,,,,,,,,,,,,,,,,,,,,,,,,,,,,,,,,,,,,,,,,,,,,,,,,,,,,,,,,,,,,,,,,,,,,,,,,,,,,,,,,,,,,,,,,,,,,,,,,,,,,,,,,,,,,,,,,,,,,,,,,,,,,,,,,,,,,,,,,,,,,,,,,,,,,,,,,,,,,,,,,,,,,,,,,,,,,,,,,,,,,,,,,,,,,,,,,,,,,,,,,,,,,,,,,,,,,,,,,,,,,,,,,,,,,,,,,,,,,,,,,,,,,,,,,,,,,,,,,,,,,,,,,,,,,,,,,,,,,,,,,,,,,,,,,,,,,,,,,,,,,,,,,,,,,,,,,,,,,,,,,,,,,,,,,,,,,,,,,,,,,,,,,,,,,,,,,,,,,,,,,,,,,,,,,,,,,,,,,,,,,,,,,,,,,,,,,,,,,,,,,,,,,,,,,,,,,,,,,,,,,,,,,,,,,,,,,,,,,,,,,,,,,,,,,,,,,,,,,,,,,,,,,,,,,,,,,,,,,,,,,,,,,,,,,,,,,,,,,,,,,,,,,,,,,,,,,,,,,,,,,,,,,,,,,,,,,,,,,,,,,,,,,,,,,,,,,,,,,,,,,,,,,,,,,,,,,,,,,,,,,,,,,,,,,,,,,,,,,,,,,,,,,,,,,,,,,,,,,,,,,,,,,,,,,,,,,,,,,,,,,,,,,,,,,,,,,,,,,,,,,,,,,,,,,,,,,,,,,,,,,,,,,,,,,,,,,,,,,,,,,,,,,,,,,,,,,,,,,,,,,,,,,,,,,,,,,,,,,,,,,,,,,,,,,,,,,,,,,,,,,,,,,,,,,,,,,,,,,,,,,,,,,,,,,,,,,,,,,,,,,,,,,,,,,,,,,,,,,,,,,,,,,,,,,,,,,,,,,,,,,,,,,,,,,,,,,,,,,,,,,,,,,,,,,,,,,,,,,,,,,,,,,,,,,,,,,,,,,,,,,,,,,,,,,,,,,,,,,,,,,,,,,,,,,,,,,,,,,,,,,,,,,,,,,,,,,,,,,,,,,,,,,,,,,,,,,,,,,,,,,,,,,,,,,,,,,,,,,,,,,,,,,,,,,,,,,,,,,,,,,,,,,,,,,,,,,,,,,,,,,,,,,,,,,,,,,,,,,,,,,,,,,,,,,,,,,,,,,,,,,,,,,,,,,,,,,,,,,,,,,,,,,,,,,,,,,,,,,,,,,,,,,,,,,,,,,,,,,,,,,,,,,,,,,,,,,,,,,,,,,,,,,,,,,,,,,,,,,,,,,,,,,,,,,,,,,,,,,,,,,,,,,,,,,,,,,,,,,,,,,,,,,,,,,,,,,,,,,,,,,,,,,,,,,,,,,,,,,,,,,,,,,,,,,,,,,,,,,,,,,,,,,,,,,,,,,,,,,,,,,,,,,,,,,,,,,,,,,,,,,,,,,,,,,,,,,,,,,,,,,,,,,,,,,,,,,,,,,,,,,,,,,,,,,,,,,,,,,,,,,,,,,,,,,,,,,,,,,,,,,,,,,,,,,,,,,,,,,,,,,,,,,,,,,,,,,,,,,,,,,,,,,,,,,,,,,,,,,,,,,,,,,,,,,,,,,,,,,,,,,,,,,,,,,,,,,,,,,,,,,,,,,,,,,,,,,,,,,,,,,,,,,,,,,,,,,,,,,,,,,,,,,,,,,,,,,,,,,,,,,,,,,,,,,,,,,,,,,,,,,,,,,,,,,,,,,,,,,,,,,,,,,,,,,,,,,,,,,,,,,,,,,,,,,,,,,,,
10,0.0,1.9726943404382264,2.710561140289879,3.555259497116085,-0.8020297775612579,-0.7766538037849998,-1.738652064117334,-7.213964452327388,-1.5145802370433796,-4.115784980498569,-4.912978088551845,-2.305030310789137,0.563565520194561,1.7970803841812948,2.4206042929797063,2.789735987617615,-3.7245560304015264,-1.1060936024466617,0.3875513923619957,-8.32699507635836,-4.878078009542018,-3.7330549749762936,-4.904944880360593,-4.137776946865686,-2.6837700193350247,2.4673483987906977,1.6541362929568881,3.3031242708281434,-0.9276714479026821,4.285495593407059,1.464781907849799,-1.6884321119818289,-1.1567429920325845,1.5576688165479753,0.8849383195370145,-2.723558825239693,-1.422382158656566,1.537233207696668,-0.0908660095127311,3.3176357522723654,0.11759627310026938,-0.6280385562600311,1.5690320117377436,-1.5537062380508422,1.9035554523779312,8.53555106380204,-0.7439166982166525,-0.2368828767197393,-0.9954871685564726,1.4662722480271915,-0.12694226055372843,2.7634483920061017,0.6316830294128711,-0.8562650039406637,2.401598341772,1.3911641049955459,0.5226671549861136,3.2468135860776455,-3.5063446008756403,-3.4860947799544837,-0.19730769841174806,1.4837313779141748,0.004560000396345136,4.9885845947742355,-0.013580126249742745,2.562668373957155,4.287296070089911,4.4603650621700455,4.181871916346661,4.774364718363828,4.662186430206246,-2.534507716718674,0.038259527215939594,1.828990070252631,2.273998760141391,3.7566724951285515,1.9958216256899217,3.6216500935323217,0.3390598270625091,-1.7334641353916642,-0.5067411843920049,6.475441137084998,0.40833018996107046,-2.056520945030379,-3.9521208274680526,1.6486429613754283,0.7834124617191145,2.983040721049507,0.9261264032790893,2.6957777235956604,2.185588448006714,-5.148333878363014,-6.749949370071835,-4.517726236219074,-6.765272635767621,-5.7971183478779515,0.9680460675120419,1.9285465580603571,1.199666427288648,2.824334189046139,-1.390539971144299,-2.5125765055879463,-2.727553684919162,-2.066490613955831,0.512439816351666,-0.31765816161133653,-6.597092599799816,-3.9957924847057487,0.35497233454206856,2.318025296057865,1.4247975075367116,2.4494111254051343,2.1140846290622277,-1.0584816543318922,-0.06744114024282982,1.487474427987546,0.29298750011097296,-0.2678445645796151,-3.759467565698421,-1.903710697755071,2.0509646571863334,2.2236116774459154,1.9990228034725033,2.701045190806997,0.783972235834506,-0.4102599930058503,-1.9780756070283922,1.4325036646538927,-3.320054706314392,1.4556131973715771,0.2220640428718566,-2.381891807372793,-0.400626552042142,2.138932782016206,0.13893947391379416,2.5011736634010475,1.8018181818229906,3.2065021826441633,-1.9198737949721965,-1.9193089350922683,-6.312229792809695,-3.197410847716948,-0.5175436463587889,-4.168800653141613,-2.9728424329154395,1.7284301140812748,-0.647716616647202,3.5157926243646687,3.2194127649755413,0.1402979442546441,4.409294947586657,2.6602341610107256,-2.379397065817128,-2.77141788056809,-3.17264309214169,-0.6489632200929399,1.999223480108736,1.803106070208176,1.858265661279085,3.790337490403306,-0.6514405610292047,1.8073013409547618,2.403975306552263,-3.1710920417748136,-6.562130025016498,-3.5340372430245917,-2.45457197477186,-1.0333666606146876,-0.052383525405818095,2.055955007163486,1.0487230255568614,2.814633892792508,-1.036984968262591,-0.546937143090126,-4.807153162464831,-1.0478903064912939,2.7666284888915937,-0.7223697345225533,-9.094429150391807,-6.111329875672618,4.529623507869674,1.9479398802560761,2.115638923541957,2.3392503946373178,1.651361915861363,3.308014491485659,-1.059147046175082,0.9018941559082984,-1.7425832464796898,0.7691984302698605,-2.1535911167026778,-3.760105382913833,1.973158530914182,1.8723864319017796,0.058298015732876254,3.3708633765634284,1.3611133732901102,-0.07807928146300867,4.112704056665833,6.0187798188704225,3.307879799943736,-1.1924418495658016,4.609275936509853,1.63201985620087,-4.45251335765918,1.9796100795402065,0.947941050624749,0.8535357796023633,0.4549929207116968,2.466371705568008,-0.17901175548223364,-2.729895168466729,2.229490690161591,2.1962757113603155,-4.4419189371945045,-2.2219770054042884,3.1264881408418965,1.8632156164639389,0.1398640970274784,2.405791548875713,1.4879931212476616,2.4588702479165394,0.45867802514726236,2.016993414617737,-2.8584216528915865,-0.8321129425377632,1.438032057800412,-3.391868751163462,-0.33403770543791106,1.6726272073450468,0.4478405201252085,2.038384729690381,0.8756148537803896,4.393474372224851,-0.5240336038675558,-1.652708660974986,-2.319586905805597,2.9022170208641747,0.5978209267688868,-1.6702318804715397,0.9708238104746666,1.7834427107361788,2.428691039317718,7.5307070571211945,4.173197526703482,-1.3985699055753424,-1.714220946947757,-1.2757604737487431,-7.770595470013524,0.8990692403002781,0.08934829619558063,-2.685134244554041,-1.9248930605960353,1.8134582517414246,-0.0012158964015293455,4.879581830939195,4.173244396710671,1.2559443240348864,-2.1370326142713836,-4.4430836654406995,-11.828233517397095,0.6690200223839914,4.18320137831427,-1.1137309548828058,-1.7757980081745308,1.5898701373915851,0.37452450535462717,2.032486262987727,-0.5512697437180295,0.47449532128042443,0.22187516921844058,1.1024766821428962,-3.410682058207256,4.432931461190133,5.451074212913903,2.9540871616516697,4.026730868580087,2.301745275697148,1.6487825673366323,3.111832881890401,2.8213337198000534,2.6187036484748716,5.489991869571759,-0.052174231755157924,-6.0299408428974495,2.087542052411703,-3.440508216206569,-2.858138451163557,0.9950812663937444,2.233737227476912,-0.3607042658006703,1.6566508156890487,2.2616523149878973,0.35186795528650805,2.649313411509494,3.6896394778830612,0.09169058061701796,-0.4995690271469113,-2.5314015176395004,-3.0054833047339358,1.3976870459044555,2.218798270936988,0.40620411432970327,1.1652053947329581,-1.3283587544744722,2.515085425936918,2.7907234069567113,-1.249817949520808,-3.2400160168602925,0.5813509936894216,2.3064050084651226,1.101267367062171,4.093436754181511,1.5940875916811192,0.9347343512549644,1.3086696351996716,0.25041863688462845,3.907742978871066,0.15429516846365493,-2.44618586988502,-2.067639312769554,-2.2131800830433463,-1.0330003300122907,-5.544271709566803,1.8439610581419046,2.162951619663465,1.256536350040339,4.107793561541708,0.8892679464651794,-2.902394678990908,-2.9616513437351806,-0.8033479591425853,0.7884223743220918,2.471879277006419,-3.9008365429137326,-8.45056656629531,1.2248559288207972,1.8574312344697126,-0.280957251670583,1.9604538842669317,0.8179895528639537,2.4291935351788148,0.3252765457122946,0.64484999799232,1.0078295513683175,-1.0099035391905617,-6.7632443128842095,-2.381925183832299,3.649989608719563,1.7028059679231295,0.21889017917578407,1.107121558661595,1.450047227538113,1.5333601561578474,-1.6515796621996512,3.402584502954221,0.2546713949860349,1.100052535634185,-1.847861406433777,0.6333747235998862,2.229143582615568,1.5496927531195657,-0.1778005170688873,-0.09647629957472768,-1.3596447544913464,-0.21115608770060654,3.1958313529346296,3.0281038685912165,4.243522738001314,-1.3974940195426084,-0.17117970582862008,0.8642858913524649,1.0510748383102295,1.253832006006252,-0.5679582960726116,2.917321703005092,1.1037543090754949,0.39450965171603736,-3.02042709068405,0.10526937967572013,0.8001587964112102,3.9462916856159898,-0.5517523468773197,-3.209477928800799,-1.1984451054276966,2.1819277720166563,1.073981523221597,2.264563220114348,-1.5753527516710173,0.014422864262603991,0.5201672452856906,0.25375941933384666,-1.2224483493739873,-4.11485384418387,-3.6708543516950733,0.016788014426864308,-1.7925456337636136,1.5496585276878725,0.9896211785131147,3.103823693905724,0.8433397061992346,-0.09517157732096748,-1.2404947459601474,-0.44637272228989006,1.2359340096742362,2.92360233623212,-4.260258584218311,1.9234027391545017,4.257853745166743,1.694304754705581,0.2945147990233067,3.74620629798092,1.9582339239180087,4.052310725587938,-1.518248033623789,1.25455812869243,-2.3301925909749,-0.6211022475907746,-0.5442981163059937,1.2203355030625394,2.4307156624733754,1.514499491390535,0.6491024057177986,2.7770284664170064,-1.4599191556330835,-0.5699818052292077,-1.7100582731626195,-3.1254115018706363,-0.999800852203922,1.7682882807502618,-1.131156654480446,-3.1924817521018185,-0.2838254310246401,1.581399286757829,1.4443864397410495,2.325795609649349,-0.8656274610523201,-2.7828151174459315,-2.3130910087381618,2.216366819348408,-1.2944556622281704,-0.8101300118267512,-1.1881399793067382,-1.5836294974450347,1.285743462564049,2.0820556075254735,1.4589839872331682,2.673869155632735,-1.5393535338981672,-0.17775090259338827,-0.5635534109004452,-0.42576646530969653,-0.01077938117478676,0.5313113826246133,0.4153675062681323,1.5349819343022915,1.9526733237208458,2.2553193141967824,0.26445573057207744,0.3062484028519432,-2.0687548155086737,-1.2094514137676837,3.4779835373050654,4.34946810426031,-4.511947091474421,-2.4189327174312676,3.076784680718043,-0.04951611033376671,-0.004971406884461127,2.2763004651864462,2.6033441083180375,3.2674553886450792,2.3705817154560136,0.940707524561587,-0.9282431224357257,-0.42504807905887204,-3.736707524300937,-3.2852857994857025,-0.6963578184377238,-0.5923184009902595,1.4312882620352412,2.3364259448988385,1.8105780333367898,1.4795393382108277,1.2532332209610193,1.0636448306788735,1.718827232036029,2.939784438461217,-2.5789619977406697,-1.7961989541937955,-4.845568361870697,3.3673199797532294,0.24709015479996488,2.2032580598929323,1.917664173436034,2.6898428165721033,0.3935306144668811,0.12782947258256874,-1.8005049481915572,3.178339803718765,-3.666438003412258,-4.257448662161437,-0.8505327883609516,-1.0002876281952664,0.8006941263251419,1.8129297783741187,0.30505395627665766,3.8276609576782703,-0.08418111092892601,1.9936218009967337,2.702301237413074,1.8796098131716608,-1.421437001220782,-1.3909631481489393,0.6844004805627752,-2.222736101423018,-0.5556244925365166,1.5412535944445511,0.780077355334785,2.5124191620623164,2.6625617470849914,1.7950881196431496,-3.285265779194287,-5.14027455508427,1.5288717576842652,2.1281428916810663,-0.566034705457874,-2.8820305841371936,-1.991059819397145,1.4408554100967643,0.22379177462240119,2.937116057348259,3.533959247231031,1.1970407925355286,-0.6568635674889705,-6.815522137201653,-2.151639607464628,4.799154005457862,-0.6470082667211777,-1.1324902779623445,-0.5064885640623416,1.95507449147568,1.4493336780058055,2.7216141999455856,-0.5381797465652871,-3.4227816193530107,-1.5977350797595924,1.0674674028421762,-3.133709394461783,1.111294042291246,1.020683723831988,-0.22664528554693797,-2.5182874772460786,1.7468716887532918,-0.3621824546351114,2.5148914188664113,1.3371926101005704,-1.0777818097491014,1.3060457372063128,2.3029607793936937,-3.761322752966847,-1.067279252916176,2.90794583124255,1.701438311609662,-0.27875805894980366,2.0634094029295826,2.2393882619140815,4.455824370029331,1.1242412088515392,2.9195442999813728,0.19862948655933024,-2.4201569463684587,-1.7786311495986489,2.8901406239937675,1.7938742365919902,1.527337984972629,-1.0499937447646008,1.401220712576735,0.5204660497316369,4.811372011720656,2.235031661363058,2.3651352946054045,0.32921849422050936,0.31593201638944096,0.39059930366425993,1.7902144183501636,1.765389119354613,-2.5143307280336797,-0.856931858545962,1.3149912460798456,0.38005128010511774,3.2624478752001096,-0.3004004135875169,-0.10110906373581569,-0.32543769533800243,2.9804095165701763,4.234651347178888,3.8008453397884154,-2.643937290338614,-2.9438033502518746,0.7527611636109819,0.9692712888191682,-0.13892348335196553,3.2841989281502326,0.6766949304644667,2.226546053155176,1.3178913575299862,0.7062249291191097,-3.8178368218419245,-1.3304485668045132,0.14064578230527097,1.6048435703916224,2.207854404937591,1.6420203561318962,0.7100551023148838,2.56175917452177,0.8629653799397241,3.5173000716410456,5.096936129619055,6.144012205282682,-0.13186402504533776,0.3969866296285084,2.303062751373149,0.42033093219523987,-4.17082283953165,1.595651538516779,0.38956697417435326,1.1233307180470815,-1.6448310716930685,4.401162077385866,4.40572443731785,0.7122602235137496,-0.5220911838904603,-2.46395332467544,-0.9415308938266878,-0.9878960778455259,0.5125058702365881,1.8382473674814117,0.9004739982124291,3.317566856855353,1.673911489754476,0.1997246645198393,0.2384673949066351,1.5205382627438384,-1.246193139259131,-2.6114980281133455,-0.8003779583116526,-2.8812939388788914,-0.2587214219280537,1.7682605691013353,1.9369364899355694,4.250249574192063,-1.0817074111400156,-1.3929604049272024,1.3667351783615005,0.8829744951264867,-1.1442211210810933,-1.1751559801724978,2.4014206038861055,0.722624188159796,3.0629751298340904,2.1836716882908718,0.6891111865204592,1.7099974179844115,3.809470030651975,4.50193200130679,0.8776137708962309,-3.500151408486434,-6.720257975485016,-5.850593497380817,-1.8335113561786125,-4.757748088982048,-0.005624060580280405,1.7158216690585624,-0.42594786847635413,1.286322665020308,3.068311913250079,-1.1920871381540439,-1.1308015733795158,-1.0229433462497193,-4.634261573730013,-1.5365491970133953,-7.346275511201526,-3.779566946712593,3.509370634995409,2.4633915095860885,0.18786502748409842,0.06354395826953636,0.8129948240077541,-2.9481917649654186,2.2381464764290575,0.7728704849470979,-1.8705772533322955,1.127671314694626,-1.9800921401395704,-3.4319678834836713,0.8802560971722174,2.0199407436193004,0.9073318278198029,1.416398639627851,2.5343386532856047,4.186943651378164,1.1761235971803827,-1.3775261612166514,-5.04713094331783,-2.3034169064974215,-1.7613065324987598,2.389038172384628,4.8823721664432345,2.3147473872874293,1.6592076025720566,3.40838968378345,1.9990207300773113,0.6629648866721574,-2.8764143834110363,-0.6902327137830545,-3.6005889373029625,-2.8601305903904692,-1.78799178713565,-3.2617723939704426,2.646086663327468,1.5045934795335434,0.6456676418625404,2.489780123283759,1.247884143743333,0.38112111054405395,0.07528221566729301,0.753759423505381,1.0103956440642554,-0.37291667465347444,2.140608696660425,-1.2610645299933056,0.3940632732146698,1.7144181502822111,0.068695487833165,2.344555617202433,1.0390342141822662,-1.1308633716183984,-4.0378283611280175,-0.07225463158345002,-3.734483549982353,-2.5083731594275673,3.742555876746081,-1.4868212324178989,-0.0699221408949999,2.147621939700613,0.7290199116853021,3.01795960777825,-0.9101328581981364,-0.07004904804866172,-1.782727821936025,0.665087815583403,-2.837512915518852,0.3418699808955219,-4.698630886592464,-3.7635376605892197,-1.0286627028471953,1.8786356953124548,0.6394244805428414,4.249749070172941,1.1899538670085812,-2.8899485597071735,-3.159381251917887,-1.4070244881244434,-5.9626820085249355,3.7343704455047795,3.5121157006226293,-0.4875653309456337,0.2764857964299464,1.827025146220997,2.866903459449211,3.320088448946987,0.20610519922284273,2.1158409710749946,3.846336688083789,1.4712509316270914,2.919916899201804,0.488200248333755,2.0037761865969217,-0.07924680963745029,-2.429831489073922,1.5403802063512089,-0.6664339026021003,3.8048167365577816,2.028287072734366,-0.4804681742108094,-2.294233431164495,-0.5929833942613807,0.4875373218566569,2.2359161272910613,2.1796321723262655,-3.6353861411010273,5.16976940972924,2.223423193044686,-0.6322164130614074,4.251789222329143,3.1534440884373494,-2.356198794127234,-1.6846370816208567,-2.143935719331537,-1.5014887568882669,0.5937790461748055,5.16655399419514,-0.7329017691946416,0.5368361485092461,1.275046697133376,0.12766735717868058,2.0881325604755454,2.216327717789017,0.37042049384985487,-0.5720063155216839,-2.9073982770871747,-9.618305267835938,-4.061878885787773,2.865398139060996,-1.9747545206236379,-0.2911828022692866,1.5199603518708846,0.7777512912896591,1.1059108625406429,0.47415005041817443,-1.869385490994021,-0.7526389174575128,2.57028909765563,-4.223241366681753,-4.465468677853766,4.986073145763538,-2.970409902768759,-0.32758982979029183,1.8290136815555886,-0.042887083437915176,2.9604813168685187,2.615414708692325,-0.17774746361296553,2.092261909366292,-1.0495204339994504,-2.9628951980707225,-1.93028103800913,-1.6806763437724346,-2.860912271701337,-0.8329836310951335,2.1129976295207453,0.5378233462432186,3.175621280248029,-1.003261415691861,0.23012557418441226,2.5264815217263186,-5.104135877290898,-3.9044874080375873,-2.84417058923271,2.937618716193034,2.4974352637413464,0.5950829690608127,2.372409196311928,1.0657665284983384,1.8284126449272702,1.7467656572293884,0.8792096605552149,3.165366214506928,2.822427960963819,1.5359601710179502,-4.201089630764782,-3.5762229698865706,1.2792752437177866,-2.3222266241008107,1.323075480803594,-0.25556246310019365,1.4413328210299892,0.363658282030939,2.4232728289718217,3.5789330541294286,4.7705737775882895,0.8457584423179741,4.5721786890862655,3.3249682141086274,-4.390316765836942,-1.947339120007268,1.2441245184289857,3.7289048838291388,2.4486584686809323,0.3687800591056524,-1.3492571340935606,0.6604102338093208,0.3654563361764686,1.2135125771896529,2.656461705857631,5.9976318464057545,-7.4549053935058955,-1.199165447310266,1.3115645843584764,3.032084065930871,-0.9775590845039077,0.7859791705492494,-1.484291570849043,0.09622572153931486,-2.9213309214409704,2.742747171573873,-4.014990312778117,5.772168419785331,-2.8936983159315726,-0.3057531818408749,0.7470259954448472,2.794656236947227,0.8232933564918115,1.4322848923375984,-2.4309962252827306,1.7330770599875682,-1.6201215001312446,3.543181664796222,-0.4513147959941593,6.990244020841065,-0.7556802694342073,6.108720932878176,0.20931199925918048,2.2191612701507437,1.041565465530703,4.269598005795869,-1.7623060853562202,3.4976058945476116,-4.009905420255144,-1.5297331234330065,-1.523048410561606,2.6493780222036727,2.142127793809328,5.659155844453955,0.8307496177655778,3.9446057018701706,1.0020810637388782,4.538382984254333,-4.687431764864773,-1.3667051679378572,-0.9788463270410662,3.597490040023322,-1.291136268006247,-2.9828382496489168,-8.457647015880074,3.3291921023593787,-0.019214561911121322,2.046385575532049,-1.6915930953483584,4.968864722996591,1.5574858349581175,1.8080820299914078,-4.819462657233451,2.302471893293261,-5.507484137535329,5.30920988662295,-0.7855842887648077,0.5117457615846184,0.34358043515963727,3.799277267714601,-0.7588649820065047,3.2012133033925583,-0.8027999616043225,3.088327075965408,-0.3925108113150622,7.301211909838783,-3.280330209969385,5.840547142828418,-0.7559817890565855,3.055203388600979,0.5412204057639565,4.6837489377039345,-1.4503618449351723,3.853922560282949,-0.018548213730838176,1.339334374431159,0.2719532623764004,2.23933451325219,-2.1837858868835114,2.7513525893418427,-6.714113251676484,3.3024214460465813,-0.32353644771712503,4.274384110321149,-0.8077440829499619,1.9998611619360118,-2.2354519998993854,4.986922078696062,-0.013645463989011246,3.394573643732865,-2.4044075605576585,-1.4563664892137849,-5.92530957199827,1.9323457712970984,-0.07563065372664737,5.608738372572899,-1.070022406652058,3.323118659676921,-1.3726816214105608,-0.19572077704830446,0.4389727207658438,-1.689460747588192,-3.2653589884933756,-5.649072237801266,-1.374736918862404,-1.1202748646898075,0.21040419542556626,3.5443994818504327,-2.1091353412625784,1.5384649448174976,-0.34679334327315914,-0.8913871993816197,1.144188527350824,-0.5454999726639213,-0.018233925814916195,-3.189312708791684,2.264354559661079,-1.9856779190025717,1.0256705450902057,5.473945861905339,0.7168484222654147,2.648909364173754,0.4506999582053233,1.1919190615699662,2.500552033428538,-0.5096410568549762,2.6778330517452944,1.3777588938934486,2.8260364122585364,0.38286437327305556,1.7829094473359468,6.569279002636357,4.6332904567742155,2.7958851849089865,5.107259673844846,-0.6276378644288104,1.2489839675904646,2.613304651024969,1.475499168915357,5.2132802261554545,5.030034987827574,-0.1568301556793484,1.7220374570766213,6.274015019177185,1.705896319665176,3.258754561926253,6.348926105112323,-4.760235501925901,-1.6221426738063345,-1.0476941213689184,5.028333717146187,4.014334078560862,10.712858403961327,9.401377641221746,1.5546446550614836,6.8405522760684985,2.217744082642728,1.7446289832417199,1.811177979656532,-11.125767746754855,2.27470148268611,3.6775975261896203,6.292392003321536,4.437073693624934,4.456772775318724,10.163394736109769,1.5973692881522392,6.848764148247672,2.058438730667774,-1.1494982002132599,0.8164492824757288,-6.68293510881561,4.130414876024672,-0.14088383817510847,6.340838550078281,8.46580982465441,4.820556684848346,7.76410910469604,1.4000444904849363,6.452611058172766,3.142012320073281,2.713877421658953,-0.5978120722986693,-3.9162680124004625,2.313462049857948,3.808642164030198,8.424493398959,2.2083396225450462,3.161282598820926,3.984305760236384,1.7889182759440427,6.350007477180435,3.3401322204632957,1.7847191647609382,0.9870669056382269,-4.394990975129011,9.250308251746505,4.589409321043749,6.166739670862979,3.757155275288791,2.050307520842396,0.8304463562401931,1.647505459488907,5.454535187323796,5.0404572372295675,4.001481596742042,4.095269013894901,-4.400185650599792,9.735120523070472,3.889905699193239,6.306893274302588,-1.7021400725295646,0.862338768901775,1.5463192489311335,2.0183914934646263,6.893578254213309,3.8622459359209214,1.7027730280821018,4.355775630336721,-6.2857901537869125,7.489519324236424,3.8245964018952305,6.937464652012802,-0.7756893781771725,-0.9220286746840959,-0.6478738988305257,1.975815889404743,6.335175369480624,5.351090683333436,-0.0920220126943924,2.595158329591044,0.5357470276584102,6.124164246810234,-4.43060090534881,8.731239889080262,2.9592998229301206,0.5818413511598649,2.5966693970509316,2.0079737501804003,5.4904523817670015,5.125896723525378,2.4332876170147655,-1.8912653648889381,-1.4200716508040618,8.41152851274296,1.491033044237356,3.5324093162432217,0.777727150559989,1.7311879096736396,2.7029742202204026,2.3242976835225098,3.261865092347623,2.619179827079836,6.604389453641455,4.91762308830671,-1.4397859957378043,5.226119301713002,4.447918497864165,4.03770567127568,-2.9084065760703224,-0.09175999809506157,5.1652129321140965,1.9137416067814936,3.8993628724564253,2.8529301083134455,4.421985877805968,6.489958062678164,-1.8491756899119247,5.199406108361322,3.373783027171627,5.58843215617292,-1.8022060815438479,-0.8875037998406419,2.3499975808394353,1.3534081414038255,3.1098469521047467,5.189120403689231,2.972087346759438,5.170657444950687,-8.716685466989667,-2.202314244639206,2.670038294405103,7.068918778631598,1.9016654754388003,1.6571623747253508,5.563037981644743,1.357753358891952,1.4655810027106428,2.721641583095695,-1.1781024271388854,8.156301985996478,-1.4010320028757248,0.9014179843000034,4.395720295637188,6.906683621131541,-3.083783103896636,4.292861005714081,8.409657340195938,0.932964181777404,2.0844366805041954,7.043193309261729,1.275479408799256,7.081075493908673,2.9579474739802736,1.4792047530347525,3.432070385137665,7.108905507488038,-2.0232820627542414,3.4767464183802894,6.0364713729652095,1.2253688345615839,2.7761113824686654,5.809811706756728,0.39095825249530847,6.244676745264286,4.054175312347596,1.4100114411950482,5.973542840806659,4.670727345440675,1.2521406231550656,2.95606476901564,-1.6378000242886208,1.2320131795756528,0.9836590105023061,3.36267087734185,-1.3940438596280147,6.8080795494440505,8.34307616875676,5.826824811248713,7.1371225606517354,7.096912504965502,4.884942038047974,3.5662422997719854,-2.232247657503168,1.4509593022906735,0.5794349635874559,2.8487488094153215,-5.195136873885913,3.5590426854095965,3.6084825334562396,-1.084137950780767,6.358139037424759,2.999894231574232,0.4786784066595063,4.237874802257781,0.12955595254599428,0.7919397269545828,-0.6098771751909776,3.447927606459469,-3.3451673675441858,2.7527405204575324,1.9778634993363347,3.216945149914996,3.4080254401875463,1.068282956907631,-5.29269961729725,6.290584750055472,5.290976982968352,0.5434680469538892,-1.2659220282392383,2.165518167122754,-5.187397462927017,2.9143575475520387,-4.551746347540263,-0.8453731740224325,5.817895968286443,0.5281596479130439,-0.5452372222852587,6.640156881392145,1.9992369472643272,1.1124654109511454,0.1167165555079689,1.3840312402393664,-4.920694491554259,3.1445415441729003,-3.942519242959752,-0.8504343996266773,-4.636934793940238,3.336517431693466,0.7685820011581611,6.573201912696017,-3.8969864715093014,1.5702008985269793,1.5263950725076438,-1.6464903539222164,-8.082760357570004,4.787393902298069,-0.16024439930522336,2.095023895449337,0.537183247734886,3.4956566433891445,0.36665104800597476,2.6211058969668026,1.0375404025919392,1.473113400655556,1.3476787535678074,-2.3853147030204305,-8.448451182743646,5.768033693626244,-1.7038032178141371,1.1400085445343155,4.333502375443652,-2.951585674603128,-2.160307473621963,4.415821013570724,-4.84304633082246,1.5935725241223402,1.334000425057347,-3.1941172088650878,-7.402755790811165,3.693715736472924,-3.5808763754921635,7.454666965697167,5.027346209600589,-2.332813436001175,-2.891641759122064,5.873906421681042,-4.090169076577961,1.817649888823894,1.2222829198716136,0.8207161383853311,-6.173200325340383,2.6842302320334928,-4.139936712520242,2.926834254847163,6.958329328979467,1.3714799046330943,0.768584721283375,0.5316340250730576,-2.696280225060023,1.3671382153816312,0.8459700606012217,-0.6994776065400504,-3.343569858827662,4.887535775616903,1.850498526839591,3.4471680132925595,1.337250687352284,0.5490535425713754,1.0541596670226017,1.9050701576449067,0.7384799902841874,1.814852327216812,2.297043286414421,3.2245947124401764,-2.042420707291039,2.994058887582248,0.573587957544465,9.520948528984334,6.071726542624404,2.274654295786839,-5.380919998807061,-1.4607521801401726,-1.2840411856442808,2.767731552646267,3.1257423730651945,3.590729162549413,-2.3441082272422493,-0.3146243690164569,0.9755476552720821,3.9909631083048525,-0.5989684132533972,2.3150017200309843,-3.214633690043463,-0.45056413310700943,4.554766340122448,2.691034219636827,0.9285363984520101,1.088849886699282,0.21179663864112136,-1.3915921557444977,0.006951356767354927,3.7264316711005807,3.170130174657212,2.5008000745287826,-2.6650069432641073,1.4356696379751233,3.3384367581388608,2.4269924989105363,1.8511024158663107,0.5393842438124729,0.6075663988348279,1.8050865095052866,1.6404818723745167,2.8663939692005056,1.569753024054829,2.2783351416959876,-2.451880370184947,-3.1157383566474914,-2.4686974209631662,1.8047946695071286,1.6180215804696092,2.3400740047744164,0.2299262375082301,1.4162659996827118,6.503573776689963,3.3157452619890755,-5.23320318032072,-4.144226397464423,3.0125785964505667,-2.7169090763950567,-1.3253941867090062,0.9883807255498704,2.3369016807390017,0.6134974417272713,1.870394732399522,-1.429432030008368,-0.7408678461684959,1.0784649900016934,5.641786297783126,-0.06019827127579078,-0.07948147563863348,-0.6229842049624359,-1.0692359654406143,0.5695941099733471,3.1944607773462663,-2.2117318105390447,3.4827734289964445,2.456113095996605,2.957757316660717,-1.388601666693408,-2.8363529041876867,-1.3007944259205777,2.3620655805180806,-3.429528298512745,1.602619250009576,1.6266760862106713,4.559479125480695,-0.9515567035300189,2.745959418823889,1.403569878054211,-1.492263085622261,-2.1427292561445572,-1.8087651343100701,1.804069658620065,-1.9160536842974314,-4.35394710948071,1.0010657570826504,0.7906508918604527,4.387747374865653,-0.6590636709197593,1.368949278653945,3.648898117192715,0.5509810077088393,5.256235204169448,-1.5454545071574934,-1.9733410392456732,-0.14288656831074514,-4.938570114118619,-1.684464915712116,1.2605321334040003,3.2952551806328105,1.4752724527794072,-0.6531995443540374,-0.4049965509765129,-2.1950990489498845,0.15215046578877203,3.511989377938525,-0.5818589436453506,4.550447115900747,-7.322931459453456,0.6086654655950167,1.5238370615533448,3.1701227279402495,1.9671887637675416,-5.526709617383729,-0.697895279237634,-2.595728248113983,-1.93094418936136,-0.8894045432443065,-1.430936349997933,-1.3168377686526063,-3.4022750804891184,2.8579137007557396,1.9237993169469736,1.8938111414786236,4.505011947332884,-2.212266364705751,-3.0749089134271608,-2.8123571256017024,-0.719660413357387,1.360993575302339,3.899627506132254,1.9948742765542775,-0.9692811643901841,-0.9661939258027115,1.8334133865026176,2.3008430202259396,3.7578931133705265,-0.1932931012893069,1.0369600462470703,0.448412695491055,-2.6774304893946455,-0.22868522828388804,0.13711733608035978,2.903514747361664,-4.51734218463236,-1.6994858134635784,2.348385685541229,1.7267857580170631,5.114849912493004,-1.9112313156155136,-3.1115852372522035,-1.3096155051420488,0.9587421397774298,2.0399581297894382,0.07190310422780571,-0.02383690417477883,-6.172116662114402,0.1618096259783782,2.632487302876531,0.5686047222419972,3.2240730538754123,3.6567945758318943,-1.257290480176067,-2.2262676817961142,4.855518212651696,-4.18107518814025,-3.1470242234538843,-0.5683329732283983,-0.28561852576689395,3.9785372504685492,2.695635461690182,1.041796824604827,3.812337638341465,1.7212027179942593,-0.16872899078434458,1.3685760089614956,6.793942249232217,4.458326732124802,-0.08813894821904081,-0.29328429956402413,-1.9346372491279933,0.4689855600676712,2.344139687379366,1.8801269556062923,8.897678633283464,0.041355358997763374,-4.113738867671364,3.5873575591035194,7.920200765347929,1.5536067333115353,-0.2004569819655401,-0.7277418116947146,-5.6334256838692625,-0.15365914892343008,2.5539182664716855,1.9097115881345847,5.510402677715699,-1.6178866127104548,2.2696920079876164,4.444132791878732,-0.6747757424943234,-6.3419932937014,1.177982952222371,4.883269496412476,-6.906363512785121,1.899375262405357,2.2262536666722097,1.684590913103347,7.5058869470643685,-0.7266977676675077,0.09408129801634833,4.448736373282222,0.3392654472063488,-2.6700295251784993,4.781370056920615,4.725129168873947,-4.46275002112139,2.6639498423783365,2.5676537913443327,2.435082356436245,6.595572628266185,1.982375403538226,3.6884748968939105,-1.6322271256678598,-4.070080980004467,-0.6537242387459776,5.908465008244559,2.494945309192172,-1.8171240754750226,-0.538697514850234,2.5936705776738043,1.4505773031536187,4.573954898503299,1.1882457371535808,0.15899478201591938,-2.459226033249655,0.6334517080775031,-1.0623695938426199,4.082606300669766,5.680086566722131,1.9080276163919287,-2.50171768213131,3.3597206847822463,3.7600162165895106,2.2546041360588824,-0.11297879938297191,2.7340014330140754,2.9462709406505847,3.319214141816312,1.2333209207633797,0.0844016182665029,0.3033448853419673,-1.2725539868616438,-1.172531016593372,2.922103943459195,3.0515118848305796,6.530019244697798,4.213674830794724,-1.6443205067950264,0.48024937359171893,3.3130668485442647,2.8613465861137946,4.093062096877358,-5.182275108424914,-2.3818644321651368,-1.039944482119955,2.0607487977037655,0.5528665734433572,4.298961940329417,1.644830256124444,0.051815988641266936,2.4941976197378843,-0.9536365059951297,-3.8393770780056746,-2.706371516739563,0.8768582542627202,1.014366535127996,-0.7547419134376552,2.5809542963936303,2.5557966580023948,3.1158407739110476,-2.0394578794078004,-1.8475796344148376,-1.432900093132962,2.396585292624448,-2.9186726179007416,-1.1326302329612923,-3.741046806446521,-1.3786141730007857,1.823678390606767,1.4234300653687026,1.8275780121834917,5.584931794484754,3.55799610944043,-0.06917420400552592,-0.7456893249464404,-2.0159537782847443,-0.6242486788794405,3.6474704482669846,4.832016241948431,-3.582616114784853,-8.28063732979796,2.2207106728661437,1.9245319400086287,4.223935101145325,1.5949848289961164,-0.8523298805740441,-0.18297906029443778,-1.86307803835385,-0.03388847484440032,1.2047260452358897,2.63450269931937,0.003066147798867282,0.8873968021452482,1.8098997188138184,1.3094508716040647,3.7218737633586745,0.15951525068960756,-1.728787168908162,-0.29925104071483966,-0.5570431564192362,-2.2595992200224493,2.12008352554526,3.7607005094159107,-1.3389113403701614,-1.1958962763156906,2.067089768583813,0.02060655970098336,3.3420140324316443,-0.5484788617065619,2.139827001056132,0.7276589848612796,-3.887200304897947,-0.13445086851405155,1.776622867193637,1.3824331490534214,0.9212735402051653,-2.011029554056594,1.4902800777358056,3.1878418617045496,1.0008326056572088,0.5884546866970907,2.149426865594968,3.8690425530903574,-2.5297254701923846,2.1632517954868096,-3.1719995409149884,2.2460446321695766,-2.265812675594804,-1.6308053538839338,2.2418260615586116,3.7341443917389876,4.562158514936175,-2.503437236490543,-2.9167726248345756,-4.069677836639268,-0.718712329675831,4.994288003285504,-0.26615732320146324,-1.0928150218636374,-0.8704826422545798,-0.1671339166035238,1.9254000459886431,1.4337693387106667,1.8688291606062255,-9.540703950162706,-2.745785029947769,-5.518388283603041,-3.511289210116782,1.8158359618269462,4.160914013489854,-2.00385098104923,4.559698255448945,3.7025705393553348,2.4664011832517887,1.3929959332334232,1.327947543250742,-12.662990300208675,-0.27381287826355866,-1.4620840051095787,-6.26352731613534,-3.5713070684518304,5.024874928237754,1.8007480047561508,4.58586921790471,1.6381120213823144,2.643066418247269,-1.3817238058574166,1.1130732421941099,-11.116773313098646,-2.1279368240779144,0.41204025624611146,-1.5426160901862247,-2.0262703012020866,-0.3560888544542653,-0.36140790115738924,0.3388489307491264,2.5023314878244602,2.3887993875790796,-4.629844980955329,-0.16387283045993645,-7.358013181390579,-0.48981240935211096,1.0051573933684184,0.5322777775544467,-4.511531089058692,-1.4935682551345542,2.9356573282614855,-3.2574145680692363,1.85064270542961,2.3899933412448964,-6.469971700418925,1.2879898719550937,-6.291085755003607,-0.7629484961633747,2.1802504307733885,1.8952494423781328,-6.200886555744733,-1.534874255843528,3.051676314887309,-0.4435663127616265,-0.7805337767859771,1.8596352498282298,-5.889949237518177,0.4779675673577647,-1.8324265563140592,-0.4793256049401163,1.5189376873241074,2.7467878064583866,-6.619924876141302,2.792422311935359,-0.3618126754205823,-0.0023096730399530295,-0.7623930611903769,1.6616791785260216,-5.36664885646364,2.333906890833802,-0.8451469042095902,-4.028281263018195,-1.1108391658609105,3.494906802053253,-3.6362943699935943,3.722390618511703,-5.915127417238575,2.9545010785159724,-0.41010952842368753,1.7804975054270031,-5.059456571848525,2.198384570026603,2.687686187401774,-1.980767161896145,-3.449538136351907,2.1597478535098107,-0.56946200921403,1.1171431054903702,5.191710522525947,0.10623689334458092,-0.9657421960270434,1.9729938611439573,-4.3314580298182035,1.3084962717070163,3.9723002927525872,-5.776350719143648,-0.40509721901814283,3.9712516090696877,0.9163367276755838,-0.970809963527179,-0.7383872579085909,1.210844396291426,0.9799722743706026,1.7285430056079796,-4.577360327315423,0.9859720375502828,4.706957995161546,-6.51209397493179,1.6251531100893808,3.018756403282049,0.1756188072265557,-3.4188489960234785,-1.5489158118720836,4.7049660675988525,5.061192422531546,1.5280734936708218,-5.2631960132710445,-1.1046857467542772,3.4582540528297785,-5.299903373199504,5.332564115088186,10.813580971196082,2.1913815600482534,-0.5114727452296988,4.410384914404821,6.698093689445509,8.331242664276097,1.791871002699336,-1.974252822890963,-0.1677372756510644,0.515123151621282,-1.4108827794700276,7.590677974189722,8.574576328022877,2.702802371029722,-1.134768996837485,5.460384205727803,1.3098800881459902,-1.1447837815118969,2.4021523390209634,-0.5789029486312444,-0.3473892485607758,-0.19565814042405935,-4.9737439635751075,4.771223652448097,1.6945063021568623,-0.9113875945493922,-3.9425150656128434,4.621654227451625,-0.27310028837674144,-4.460861199648312,2.7549423193169487,-2.736423464559089,-0.17850381820370717,2.8759383800891816,-5.305321137017774,0.13178932223712633,5.5408387535738495,4.607524487358354,-0.8269769680447704,6.384617370896802,-1.228931861412356,-2.1434775652819975,2.5468416088147037,-2.2613841710820255,-0.5571287777433812,4.498797022255035,-1.2917803369168188,3.028570092038314,6.77342597365727,8.63196421067915,4.066056444421132,3.3372921477047557,0.44003080002149314,1.7145730561060182,2.5685190419356805,-1.4260144985285803,0.7643606984223651,3.180460930473925,-2.9200216563841925,2.300047925881496,3.8765679923264664,10.370762805104356,1.8934112242296803,2.851340890645069,0.010950189689495182,2.719769615488217,2.662063925323382,-2.457199856798715,2.4937382979683456,7.935997460319658,-2.6328958469246047,1.9646644287562482,6.971007025657342,9.227075127514915,-4.48317389090826,-3.296815776185674,-1.7244740144407993,2.5993648179800295,2.346479470592662,-3.6143996483285172,1.0151334832453134,10.430912478466947,-4.394237859460603,3.626651002554366,11.728430066488478,9.838281112073112,-2.137210566220085,-1.3210560884926879,0.8908520306219252,0.7070252857749344,2.298417723625176,-3.516693317565563,1.3713981099681432,7.911900484267632,-4.7580572311725,2.508741859208226,14.585138919696654,12.149067259744772,-2.511260067858328,-5.573254452086902,1.5612067035380572,3.791845727468747,2.754997882677095,-5.019198887651329,1.0944573350344262,7.3324089347123556,-5.308790137115176,0.625362993573688,13.602604450536875,12.576723068465013,-0.9246663709016513,-0.11917866598694435,-1.5220973386866845,2.1450549052555004,2.949886474411535,-5.237643499045252,0.6101628034368642,6.257146389564277,-5.692746407927404,2.0286931157131214,7.118999648837896,6.084263211319109,3.2934829076054077,6.628146758139658,2.5348105808517243,-4.247348464962015,3.3834605394632598,-3.2178879682515396,-0.12312515993603891,2.2908205099826797,-4.3783349092366315,-1.287712129485108,6.460439004872157,3.1497003533981665,-0.8685799116977376,3.5049368691502765,-2.5019038423262114,-2.013476793827912,2.203514106128094,-4.447607114491247,2.7171888302699276,3.149737701160742,-5.513206623006355,-2.357458318529174,7.081218827529149,-2.2121182435500564,-3.907840817103615,3.814940310067752,2.8100737240459015,3.4752522273853055,2.651626056961332,-4.979503341781698,0.36314798310546753,0.8028798126734144,-5.589072549331037,-5.168838018294969,8.836127936979322,-2.7853683917093432,-2.661683914382694,6.183552618372257,-3.3220313134504864,0.7768687684321516,2.0000567486199095,-3.354338862144944,3.764241131424993,5.2252933303405715,-0.07827520258592219,-4.717740501326405,6.436172338037647,1.9298578642705824,1.5550544617790154,6.249984625651073,0.2666856458968556,2.0517921608770946,2.503976921233323,-0.2770090277299355,3.996336654702199,2.531862895180247,0.4791801878130096,-3.141624221945316,3.023337909486967,0.5925279628904023,-1.6237913750380433,-0.45042650014228913,-0.3546606822331107,0.7269033349744755,2.181091726675374,-1.5088570480254178,2.809652122409113,0.5552633522426553,-0.23129612670308938,-1.617972930264774,7.557198586073568,-1.3705483992653933,-0.5087076913250491,-1.9493877391236527,-5.080724481789845,0.6858853055929685,1.902339082907544,-0.32678182562369157,2.8447491905777493,1.3068202667307633,1.448427935887779,1.5361427396604,0.8411638060231618,-0.1109266897064932,3.1093592348594403,2.305677267453811,1.2445043911266476,-1.4030551402948483,2.7590274570413365,-0.5162076761024103,0.9059252060560186,-0.8863332457762415,-0.7317339314197325,1.901576743424334,1.9208663643734252,0.8027329834225124,0.07017897054500012,1.3548670221793502,-2.3031948739465036,0.5311697403678766,1.8972156949786334,-0.7909603846959418,0.20040107272267663,-1.1306658667007834,3.055656485562568,3.1568906128400833,6.906478908021643,-2.1576534368116955,-1.0906333310638059,4.29576421610456,0.883378554705157,0.9554205114501914,1.8525513851966016,-0.34549401773439625,1.4065632839925115,-0.6090254721960534,0.7768230342212875,-0.5972983336090502,-1.0829748292993455,-2.894181882090251,-3.99941768392235,-3.049713821414765,-3.268093208052927,-1.3694258759139344,2.0017139220561107,1.4137367845356634,2.686876476082497,1.7431641560987747,-0.5559254374526871,-2.93212263866741,0.4397681344291448,-1.5033941071405628,0.2323106009183126,-4.708098098490888,-4.737791623303409,0.24537251437833274,1.6863537904488746,1.5258367051313508,4.916493659388761,0.7229278045068871,0.03128491543818812,2.9990583229850762,3.0356811731263615,1.5832530424101945,-3.7580932146431727,-4.103939813753746,-0.708591889431952,-0.17422979685662426,2.1725320436550555,0.6335075693203903,4.187631883139224,0.4213407433780808,1.1273233310837434,0.8028053527371581,0.857027925583132,1.3546148505584599,-4.707850168679989,-3.663338976525963,-2.4954149428985515,-0.3214001372645452,1.249130827748437,0.46371357462520957,3.825896268738937,2.571261666665741,2.455134792711486,1.480535764303225,-5.876250702900039,-0.20018930385654157,-5.962110657645552,-2.98380126849014,-0.7171219848655555,-1.5751284502583331,1.0501651287853422,2.1694697736628736,3.5140299015210523,-2.5467936328756244,0.765029964749896,4.649025805208183,-6.312862339238552,-1.21818264215482,-4.57646741024091,-4.330529661858591,0.1261270583558756,-2.233431255100338,1.3894315272332243,1.6870492981621459,3.9493598926292246,0.16393092067208143,2.1113184160792784,-1.7199688565322295,-3.636404433546666,1.1278101478596285,-0.22613099570392445,2.2442989852931703,1.3005427104173013,1.2846008373471403,1.5506040660869018,0.3470812644461354,3.088133993958938,-1.97050310298468,-2.5346966635457253,-2.1430602471977895,-4.597948796096177,0.6633749647755911,-0.8678539324899714,1.4447826561967267,0.16340756611766466,-4.3165249327976385,1.8784592851490194,1.3486420024545034,1.5037937011674816,-0.2321821802109811,1.0140509222649687,7.030462082462042,2.0584114698360487,0.9837979146002116,-1.50314760795804,-1.7265977411222566,0.16516321255482103,2.167338983844111,1.724174542021613,-0.37248195905580656,2.503568418293675,0.3091589370514175,1.0931308125860093,3.560882833954956,-1.2862151268001158,1.1667058624996822,0.11650810182175111,-0.12958766707678446,-0.3004463435611281,-2.3481006817035692,1.8176052793237794,2.5546098999611475,6.530386732317139,3.4767785900636508,-0.49679996750273214,0.4297497812661937,-0.48616702664874506,-1.1065405891701519,-1.2015587505550824,-4.951911182163324,-0.9147458519489823,-2.357609111141666,1.9697056729240632,1.863484493978516,4.1421024972216856,1.5739752357147971,-1.0182428412342024,0.3212598522451651,-0.4476356858665883,-2.775920310313737,-5.645268721866841,0.1794985415708148,-2.599220791423989,-2.3901172321897866,1.771333537790647,0.7276776957652105,3.1149560864191104,-0.15826903831168446,3.2916117758700945,1.650280132452881,-2.8964743168014264,-0.9759154123446195,-2.0175569962606485,-0.1447317897413195,-3.175489140042855,1.3721955390594234,1.8932933033039236,0.958661786296273,2.8405948772514806,-0.1374983989281477,1.7016747093541527,0.5982711443395474,1.6842489961758058,-1.5172168989320627,0.8900014915365914,0.033988826672250186,-3.452781670249228,-0.8384492329615063,1.565137616570295,0.7023774259412284,2.119061690914715,-0.674374279319013,-0.6164999619866874,2.1794659154925293,1.9111674336770736,-1.375313729218658,1.1950180590680917,0.718108574907443,-0.34141186726623607,-1.7525989411989873,1.9332200191330537,1.5256663588134973,2.005253395872224,-1.1001975283770067,0.3877021316691328,-3.7883816780701096,-1.497331532914248,1.505149391291617,0.4463176490896783,2.171107066357552,-1.0684026296923999,-0.42160003559886655,1.6265419852991634,1.0983347766980252,1.6670806650320147,-2.0898405917800535,-0.00012307317017257665,0.7352358451849216,4.061434712188706,0.17196815689719547,3.683605382747109,0.7744219599013697,-4.063815737317283,-3.6615725807802066,2.101326614478747,2.5474792892377973,2.6732089409071933,-2.7764475801562423,-2.4576381929384508,-0.004979109301766117,-0.20257248336894026,-1.706988536533344,-0.47503502660423624,4.783320585276424,-2.222718252402486,-1.3850622049205912,2.1111220852908152,2.453439828465816,1.5760110751458507,-0.6555990389669687,-5.642046097560462,-2.4829766233346966,1.5414731639221795,0.9565163288426597,-3.3409545900456004,-5.864537061974111,0.77254599823855,3.653150873537853,1.6398975827731068,1.0988953335993785,2.864569094877975,1.5872698518336181,0.5248296199489472,-0.14369669442422334,0.9892279744849031,-0.6782146040804119,5.234198802065014,-1.3926910662682215,-2.9882936879821123,2.2303649795088014,2.1030609179023867,1.6473466975551634,4.043009237032493,2.319315076791066,3.7152044034196408,-0.5501431820058733,0.604149309144326,3.651248346582852,2.821998479939575,-1.9824287545174155,0.8367995234340808,3.5075030106747476,2.206100145585924,2.5473485583694813,5.8000822752586245,-0.05570179459942023,1.762313258309853,-1.2804564041647533,1.4704232244334696,4.623677906480825,4.867889885329869,-1.8737086342126643,-0.42949384727775625,3.198518757413116,2.110027626136558,3.4810523851325836,5.57107712904296,-0.3430857505903367,5.491618365780753,-3.5212340422389814,-1.8918262241508808,0.8436284812203574,-0.25870102973311543,-2.0933051739328357,0.13474817572957115,0.0015602381361886405,2.218155756585861,2.21642567582826,5.355357161122597,1.5063024900730269,4.485259277042069,-5.864469893971795,1.8093332367565875,-0.01307629093784494,-0.6333285813294324,-6.2050391015863635,-0.9807782546359196,2.325703367433251,2.1571795948908448,3.504013749109969,5.872950458357271,-2.613660867880542,5.441289078204114,-3.836154711223877,2.994980385290588,-0.3419664398989907,0.10278034175436188,-3.1633187207386997,-1.5220607692753696,3.955558433749583,2.0485871593046956,2.855042730958421,5.146408821941786,-1.8664405349605793,4.0294959723193795,-2.164588080524529,2.584789031476892,-7.561936561924803,-1.0484825740462913,-0.41032425183099414,-3.954693173467094,0.42752157629438825,2.682811896613086,3.911241840904306,3.951844871100047,-2.5421119244825796,3.323243527939026,-7.677765205346875,0.4582668309662676,-2.3678477680833785,-3.6530527622917655,0.7615597461793485,-6.063365984687746,-2.3553181494546656,2.582268251675376,3.4324797190192635,4.074895376061221,-1.26193089087103,2.9355685599006316,-6.271635880277258,0.7230503437891938,-7.3993216318519694,0.7899847152060401,0.12549158551568507,-2.865815553769094,-0.6969260696405278,1.8666573736627823,3.2409692715498366,4.50960161879573,-2.3734454952208903,3.314442309238168,-7.96379598913066,3.3054685891414786,-7.071003339618688,-1.285279442205588,-0.8982355191206591,0.42831338173773453,-1.852921495105381,1.8703175395083464,4.46598171750975,5.318126683767103,-3.4951525389362206,1.1242540371217316,-1.8095157542566558,4.531096866338725,-5.113501609233653,-1.949060515905032,0.6509171476988618,-2.2802770935336554,-0.22219734261322982,2.0502271894709763,2.023294966011248,3.3193900755179175,-3.004813977818679,3.745095609424736,-3.2690897842170057,5.7929528168253634,-0.3553013936051295,6.451901230437834,-3.0077706806701823,-6.3568164234939974,-1.8312084825432375,1.7262195380452878,2.6065404913072703,5.1214615221467845,0.34426765703824996,4.093947909208637,-2.0092593059150206,11.450297854546518,1.3236977367810983,6.703434816795369,0.24308836251508528,-4.340427382951363,-4.156171183527295,3.1615715960101234,4.005287201154516,4.845818939238989,1.5976342588842616,6.224825210279809,1.3174769272437428,4.952604368021229,-4.331089249315342,-3.382967484292597,0.958174317933124,-5.735813906708967,-0.3074714811149182,2.075327108897493,3.731383771568771,5.550405725894238,-0.5788607532936125,3.497030354369475,1.6855415902596307,9.915314076085458,-5.718421649810673,-2.781120374094503,4.544692251774227,4.0191661598581625,3.0116942515251046,2.2229257939288924,2.5683364084242823,6.83444365036743,5.898867426576725,6.78151317119457,-0.5469061398299628,4.131063909502977,-4.903658591745544,1.011282736958133,4.331295883929632,-0.26162446456791805,1.4005375060145528,2.287675089025464,3.6282878446353997,3.7276623262704502,4.276577881279024,6.645225328040482,-1.8534771759834268,7.013158721591441,-0.9101841526108124,3.622345039939425,0.7159227062560911,-3.643108773739753,1.7632230387080967,1.6750309701440507,1.639943105603577,4.531337199469766,1.7366765528331547,2.1234067280019433,-0.09809332990968245,8.717837347589253,-0.2748101626474117,5.5746366131639284,4.49094564151644,2.3801749482608066,0.253706090664496,1.924814086039177,2.1027422045427078,3.20940204073481,1.9848102784109976,1.0701597456807774,2.5975279356769043,-0.7515016494327498,-2.6983504327386547,-1.674129259119723,4.405676207544215,2.6005980501423385,3.633294126112087,2.000713375427335,2.7999578969105356,5.846397594704929,1.695229214237646,0.6173183708701501,1.5917047279058836,1.7272507696916364,3.680115135416262,3.3592156789259424,2.3723134932258834,-1.9627518629941874,-0.2377018164025216,2.240812967596776,3.0649820030089248,3.956802307111797,-1.9273691883524218,-1.7126596818914206,1.114111471842298,2.3419686699938405,0.558623882892516,2.523250072182256,0.8836327678677357,-1.3361455571876084,-2.7955340729596374,2.0335385624124864,1.7462195260931743,2.452404804263906,-1.779546095426025,2.7005888789873604,0.04445933898387776,-2.4113915841255613,-0.948699735296571,-0.07558164570201278,-1.836087759581723,-2.140611028150495,-0.7710063058865023,1.9503101871912907,1.6444224098981965,2.890215574813703,1.6014718258862897,-1.0457502304560364,0.25271934695006065,2.6825732746778534,-2.213682302226495,0.7580456357016072,-3.936487794529347,-1.3425464036274497,-1.8018084341590592,1.7613221165308772,1.0280055108801376,2.4012977522951617,0.08534165217910746,-1.6604049994037582,-3.6202967872519185,-0.9144201108282619,1.8910063822227483,0.7357392428988835,2.118902026177285,2.5141429145253893,-0.10350473204792071,1.8774251085564992,3.285981395406861,2.2459738916332457,0.5148196335986357,1.1919116008217931,0.8145616206471616,4.433259165840597,-3.0362995654321874,0.6514159001830426,2.6743596887450654,1.2033078711354899,-5.018488447285472,1.0760659962225418,2.4798854878841308,2.6441843940955927,1.6175780979893246,0.3352061186533594,-4.523341650653205,-0.5233077325250902,-3.98343174827914,0.5722676492255071,2.8779813008735333,-2.392807159440668,-6.0186894379253175,1.2674033054412277,1.856153719301163,3.0743829169142725,-1.603426802817394,-1.605777371166694,-1.2437490766452215,2.7540005973698984,-2.7657800725484396,1.1547945198357743,4.14778308311922,1.147279362702063,-1.478736644043815,1.4523804673595917,2.3026393075314786,1.9022921660512302,-0.3759479147537977,0.6129382221976585,1.2037736059347022,2.2573913584387424,-10.07173296489544,1.1111514471045991,1.0753152282652412,2.168786091493408,-1.831198261650174,2.0960579390547895,3.4578338335111,7.348374173018336,0.5503328609669141,0.6669576080620073,-2.6220866977446007,2.261666596847215,0.9525578634863927,4.8441529918754975,0.021520640927768737,-4.835146269550453,6.282357093133037,2.262302154702773,3.7017326188946726,5.365421465832038,3.083030036856289,0.9514789069136702,-0.7249593874958158,6.495079759775362,-0.10488826491716938,-0.9084666826435555,0.13919544281863758,2.768204629488962,1.4057388945897622,2.692955876186458,3.441832093238536,6.395520678600322,4.3015414664160785,-0.3067297241439628,1.7735385416491152,2.6111784277335888,1.8194120091787906,1.2895092861447979,0.2667248360561915,4.358956361833991,2.2457321978526847,2.7907527620933736,3.014344181224269,3.8523705628196074,1.018827081065209,2.5285269195144413,2.8330049361186203,3.8719712500393357,-2.0679910408735567,1.8286028945552188,6.072836519947988,3.203831422217746,3.9441407835038227,2.4547908238063885,2.346903552059251,4.994382740638924,2.3793759082815344,2.831206517558464,-0.09748055225592256,3.453615904370333,1.188998980142065,5.534811421974895,3.696183788460881,-0.6159842366023071,-1.4401810141202236,3.014384872079192,2.6509139220764433,5.143729597901664,4.334940565189659,1.4742267579590183,-0.6486679723712062,-0.1942049166519835,1.862202788649704,4.443802536546938,1.1830767115036345,-0.19441369723189814,2.1950636977258884,2.962487771865084,3.913596149330958,6.277467865315972,2.8409474699737625,-0.2773287263983362,1.6847045775927103,-0.3567857846121399,-3.660289631230854,4.986468365653208,7.163517520028955,2.5975915805850924,-1.3057537879887073,2.700197148618911,3.3570900186097536,7.264237230350937,2.5697310939323486,2.2033611158947473,-3.494414410439555,0.7561431474792757,2.6775924625506855,5.722775152198137,2.955160069100313,1.4692524819643582,-0.6648783460503044,2.4530935883427265,2.853963667113858,3.9261215961158986,3.773990006955844,6.0599347954246,-1.3272948221500107,0.47836644175282256,3.8331581877082392,6.175704424177222,2.516434259522026,3.31825035657551,-2.8085360685732446,2.3116299706542907,3.852864646499583,6.807396995719113,-3.230091581725668,-1.3902208268169682,3.1644534309682086,3.228434773547517,-1.53946675056447,6.292005195568932,2.24874350223756,-0.06322271084594523,2.090834275939572,2.2475388121430826,1.7488759817730197,1.5287026909687331,-1.2481136520744964,2.500298069452481,1.20473597277919,3.9669857938736786,-0.31851791853620254,1.071144650630608,4.363223274319998,1.1539837205861387,3.626159968651029,1.8497966633866088,0.26296867779407745,3.546670132892839,0.9603446342400144,0.9923765073488319,1.7117306220208632,3.01842529857347,4.601667319251852,2.565029340066198,2.6405027317224863,3.28031978240606,4.0042670659010335,1.9134930484522086,0.5989235074456124,2.2240692782372173,0.47986178953468156,1.6886330174422284,0.9331107709797828,-1.7090487140228112,-1.1339013517966137,0.33878215662906325,1.3344928429013811,0.4113327962432231,0.4070522392636208,2.056501317290651,-0.4669292747422738,2.244157348288838,0.6688070172149893,1.4484445665302106,-0.7585436399738839,-1.7155914660570757,-3.4777995641610673,0.9224618798023552,0.36053990049080537,-1.6680460916350668,-0.40535567118087706,1.5544869542348587,2.2611243987084295,3.171834380728577,-1.9018333779223193,2.678639482753157,-0.006498218222061193,2.06962714266231,1.1478170800638836,5.950515276098838,1.595051101052099,0.9696881343295397,1.13258209162388,1.7727638406536397,1.1532135382715372,4.041050650371817,-0.6322060989115547,-0.5432771503217563,1.9061949660910222,-7.778085193452583,-4.7722232899380765,0.23607738444356555,1.5146254382734272,-4.8270590286833,-0.3797404360438801,1.7398016557839313,0.562174307111124,3.190036935519744,0.36691592779800297,-1.839455360377006,2.2288313946157357,2.4669095008381334,0.8594964350520937,1.1670260899179743,-0.5971780730926708,-2.0378728619668833,-2.189461505433209,1.6975354525041202,-0.8405369552116564,3.050895511423572,2.601848209091239,0.03843772413269833,-1.481810015602297,-2.581676379146797,-1.1161248798701242,1.0516994972112426,-2.937388483464653,1.72821107809395,0.19190052857348155,0.9466976221515685,-1.011431250693293,1.5818849747827632,1.8969865957391776,0.20833098330381206,-3.1360384480656376,1.3211701621638756,-0.26213133863588356,-0.5912477513164452,-1.5735024998951992,-2.5787269444396883,-0.024686452185179442,,,,,,,,,,,,,,,,,,,,,,,,,,,,,,,,,,,,,,,,,,,,,,,,,,,,,,,,,,,,,,,,,,,,,,,,,,,,,,,,,,,,,,,,,,,,,,,,,,,,,,,,,,,,,,,,,,,,,,,,,,,,,,,,,,,,,,,,,,,,,,,,,,,,,,,,,,,,,,,,,,,,,,,,,,,,,,,,,,,,,,,,,,,,,,,,,,,,,,,,,,,,,,,,,,,,,,,,,,,,,,,,,,,,,,,,,,,,,,,,,,,,,,,,,,,,,,,,,,,,,,,,,,,,,,,,,,,,,,,,,,,,,,,,,,,,,,,,,,,,,,,,,,,,,,,,,,,,,,,,,,,,,,,,,,,,,,,,,,,,,,,,,,,,,,,,,,,,,,,,,,,,,,,,,,,,,,,,,,,,,,,,,,,,,,,,,,,,,,,,,,,,,,,,,,,,,,,,,,,,,,,,,,,,,,,,,,,,,,,,,,,,,,,,,,,,,,,,,,,,,,,,,,,,,,,,,,,,,,,,,,,,,,,,,,,,,,,,,,,,,,,,,,,,,,,,,,,,,,,,,,,,,,,,,,,,,,,,,,,,,,,,,,,,,,,,,,,,,,,,,,,,,,,,,,,,,,,,,,,,,,,,,,,,,,,,,,,,,,,,,,,,,,,,,,,,,,,,,,,,,,,,,,,,,,,,,,,,,,,,,,,,,,,,,,,,,,,,,,,,,,,,,,,,,,,,,,,,,,,,,,,,,,,,,,,,,,,,,,,,,,,,,,,,,,,,,,,,,,,,,,,,,,,,,,,,,,,,,,,,,,,,,,,,,,,,,,,,,,,,,,,,,,,,,,,,,,,,,,,,,,,,,,,,,,,,,,,,,,,,,,,,,,,,,,,,,,,,,,,,,,,,,,,,,,,,,,,,,,,,,,,,,,,,,,,,,,,,,,,,,,,,,,,,,,,,,,,,,,,,,,,,,,,,,,,,,,,,,,,,,,,,,,,,,,,,,,,,,,,,,,,,,,,,,,,,,,,,,,,,,,,,,,,,,,,,,,,,,,,,,,,,,,,,,,,,,,,,,,,,,,,,,,,,,,,,,,,,,,,,,,,,,,,,,,,,,,,,,,,,,,,,,,,,,,,,,,,,,,,,,,,,,,,,,,,,,,,,,,,,,,,,,,,,,,,,,,,,,,,,,,,,,,,,,,,,,,,,,,,,,,,,,,,,,,,,,,,,,,,,,,,,,,,,,,,,,,,,,,,,,,,,,,,,,,,,,,,,,,,,,,,,,,,,,,,,,,,,,,,,,,,,,,,,,,,,,,,,,,,,,,,,,,,,,,,,,,,,,,,,,,,,,,,,,,,,,,,,,,,,,,,,,,,,,,,,,,,,,,,,,,,,,,,,,,,,,,,,,,,,,,,,,,,,,,,,,,,,,,,,,,,,,,,,,,,,,,,,,,,,,,,,,,,,,,,,,,,,,,,,,,,,,,,,,,,,,,,,,,,,,,,,,,,,,,,,,,,,,,,,,,,,,,,,,,,,,,,,,,,,,,,,,,,,,,,,,,,,,,,,,,,,,,,,,,,,,,,,,,,,,,,,,,,,,,,,,,,,,,,,,,,,,,,,,,,,,,,,,,,,,,,,,,,,,,,,,,,,,,,,,,,,,,,,,,,,,,,,,,,,,,,,,,,,,,,,,,,,,,,,,,,,,,,,,,,,,,,,,,,,,,,,,,,,,,,,,,,,,,,,,,,,,,,,,,,,,,,,,,,,,,,,,,,,,,,,,,,,,,,,,,,,,,,,,,,,,,,,,,,,,,,,,,,,,,,,,,,,,,,,,,,,,,,,,,,,,,,,,,,,,,,,,,,,,,,,,,,,,,,,,,,,,,,,,,,,,,,,,,,,,,,,,,,,,,,,,,,,,,,,,,,,,,,,,,,,,,,,,,,,,,,,,,,,,,,,,,,,,,,,,,,,,,,,,,,,,,,,,,,,,,,,,,,,,,,,,,,,,,,,,,,,,,,,,,,,,,,,,,,,,,,,,,,,,,,,,,,,,,,,,,,,,,,,,,,,,,,,,,,,,,,,,,,,,,,,,,,,,,,,,,,,,,,,,,,,,,,,,,,,,,,,,,,,,,,,,,,,,,,,,,,,,,,,,,,,,,,,,,,,,,,,,,,,,,,,,,,,,,,,,,,,,,,,,,,,,,,,,,,,,,,,,,,,,,,,,,,,,,,,,,,,,,,,,,,,,,,,,,,,,,,,,,,,,,,,,,,,,,,,,,,,,,,,,,,,,,,,,,,,,,,,,,,,,,,,,,,,,,,,,,,,,,,,,,,,,,,,,,,,,,,,,,,,,,,,,,,,,,,,,,,,,,,,,,,,,,,,,,,,,,,,,,,,,,,,,,,,,,,,,,,,,,,,,,,,,,,,,,,,,,,,,,,,,,,,,,,,,,,,,,,,,,,,,,,,,,,,,,,,,,,,,,,,,,,,,,,,,,,,,,,,,,,,,,,,,,,,,,,,,,,,,,,,,,,,,,,,,,,,,,,,,,,,,,,,,,,,,,,,,,,,,,,,
11,2.0,1.2480320568363652,-0.05060271557530888,3.3326845714927593,1.1269894546224184,2.3453840042248193,4.646834634410909,-2.0899284722845297,-1.4151991576174103,1.8671865901632654,-1.857961968186347,-1.74676240919863,1.9630389656713338,1.1943928932230767,0.15676724713914922,2.8057998334941154,-0.5643007660728171,-0.14021625406508473,3.5231841241217694,1.9925912733045414,-0.39234936487311806,0.7762395244510312,-3.406228794103322,-0.6785688456478709,3.198015159229522,1.782038582423049,-0.3682974447717777,4.217846530498175,3.0871041205390664,2.8484004098672395,0.7914125875806104,-0.19039627922361724,-5.818314228321729,-6.189643491572721,-5.825207252636837,0.9023217006576473,0.2844097676784959,1.7436605753494638,1.0143360357522968,4.986309074425543,2.4067102046138986,1.9995311455847677,-2.352447580812516,-1.2158398502321166,1.3859735288763229,3.4996804915006106,1.0786466516092643,1.4645575202542995,-0.7880197807943281,1.1870097355722498,-0.8627042544559618,2.5199627610783217,2.5557063462201137,-0.46674577393879013,-3.6209096365846545,-1.1511070191671142,-3.060224791486286,1.2366230824133502,-4.435919570868308,-4.9887491516593245,-1.323268890354953,1.7689607441241157,-0.8069897333210279,0.8621531693755823,0.584272646480132,0.4660315103385848,-0.9344687518847417,-2.5107910634318724,-1.5683107201586108,-0.988834778833274,-4.551221353519508,-8.21875518983159,-3.0286964713239746,1.431769536186562,0.7587397360630975,5.326730434397201,4.179962626223072,4.272896329322188,-1.2972029268078207,-5.1086581272414255,-9.111941028832954,-3.9722201438089746,2.679775549949353,2.8804193327426235,1.3644237504566352,1.4339584763659403,0.37460864793586035,3.87545704735494,-0.24172944212897898,2.2042006394409563,0.8885019460789706,0.7615716033560259,-4.846749441389199,-4.66643456348851,-1.7036569179166223,-2.086517570875756,1.6471480108339676,1.6975439379479322,-0.41761923365598524,1.6203815326942408,-1.5353772744425915,0.3431556563672279,0.042039334591418454,1.6560019557418313,-0.2658098724912619,0.24687885474963728,1.8761751675925926,-3.6266912203401245,-2.220762181176671,1.8379196985211859,1.3669778938029857,2.4049628153362237,0.2398564199269697,-2.14165808880811,3.086800436226448,3.4492592596673846,0.8295722392337811,7.445005892505476,4.109199289421761,-1.3700791544650603,-0.30980620663519287,1.924824536607375,2.363777516752106,2.430040158402935,-0.7472193855380163,2.198138125156232,1.0361461741172522,0.5945029393703807,0.06287526829019188,3.752879494067046,-2.858772676495742,-3.7801621383567525,-1.024374898072877,1.3945388836466026,1.4754298372172356,0.8922051377016093,-0.6157653136440802,1.441220967969351,3.224196264302558,-3.3954280415765328,-2.393638250994137,0.29785907323239813,-3.297833475091212,-6.118291047704231,-2.166788489727373,2.0024471707608527,1.3848736557352301,1.6602054552736774,-4.910447352834891,-0.08302449276158913,-2.0306625462749657,-7.159136608905613,-4.408501543892152,-5.35586353350135,-2.9545126645043998,-0.7268017063623967,-1.9530808215054765,1.8269916970446987,0.21420971343744188,3.572481699552571,-4.142520035421334,-2.540001515170787,0.9264802115682884,-1.2076666576965236,1.1846604786200874,3.5759111786577917,0.27109359074281214,-5.403517959543092,-5.212844090552348,1.8584177630939573,1.2238291959251644,0.8822779039885752,-3.031106841594895,-1.456454498213404,2.4002149422907366,4.3952383913763775,-0.22240512253177228,-3.5443536585837103,-4.545483410464144,-2.836202750900415,-0.519092617211349,1.3793463613606,0.9613960632511223,4.196359119220156,-0.7963486627304807,-1.1520564179902422,2.89000933476758,2.75257677029332,2.3579344596865424,-0.8097350741011762,-4.890176340100432,-3.0118907751403667,0.7386180227786717,2.1045031885936316,1.0987088831273812,2.465937873356785,1.5525558146013263,2.9639601406950167,3.1253571334002834,1.107061478614658,1.9418808275617452,-0.5251890504381421,-1.831177754998082,-1.6604539694698817,0.21317487563455922,1.7116722841665117,0.4323711215027001,4.742423566594819,0.618920042086739,3.0213769106083683,-0.23697210094335186,0.6931082975779612,0.24369394565552516,-1.2107904012069366,-2.400167324699232,-1.7342922959488136,-1.3586242852651316,1.6039645861988343,0.8416599061569819,2.151247562072064,1.0051148429904657,1.2659480125632718,2.248406829354615,3.515464131445091,-0.2537506972000197,-2.9419459763730393,0.905851277533429,-1.7188730083776023,-3.806803986459494,1.6115383777954158,1.48605880034701,2.3334444381267962,-3.8100651695762555,-2.291572285781378,-5.047687735654509,-3.657140099477153,-1.350948445579218,-3.6957695549733427,-0.8426885014562276,-1.5938259324298902,-0.26312883215066957,1.7838202941535108,1.6582453479851536,2.7519904031159834,-0.6665410033874588,-1.8100364242684999,-2.8962761721372354,-6.6285716705349715,-0.6987861292519302,2.819405183583661,-2.6218744612666365,-2.5869727549507404,1.645382830983913,1.1896625183755478,-0.1404961468237255,2.8893927594464746,0.9959042520491621,-3.0719272706399705,2.546879973065182,-0.2158900155595245,-4.022689602776531,-4.687968554039206,-7.36402414363908,-3.7728025997460573,1.5884191975395257,2.129217179733053,0.6327347484115331,1.1143703653321624,-2.3918565271318526,1.135013793968292,-1.6806395287027358,1.9669548709347802,5.281788785520715,-0.5781417407786215,0.09869058280158105,-1.6961190318817714,-0.6795923016079172,1.2594639166950712,-0.06864264376559676,2.032883656802573,-2.2557736164335433,-0.06843359874921091,1.3972269599015485,-1.8261965007676297,-0.8070317597972616,-1.19106653943464,2.4249866528975472,-1.315927923398287,-2.966562028423843,2.3308469925689526,0.7898090343124521,1.2148793761333927,-0.1890449184756174,-2.4207690103303907,1.51062738336019,4.297849089991773,0.15625950476897427,1.0629857029474734,-1.5799090502990634,-2.619178957774693,-0.7201470852674324,1.324682217766456,-0.38373828434336493,2.5735387950422415,3.699502355477925,2.753052687145982,-1.6746622858027698,0.37894790154594554,3.987925799028724,4.497035802981011,-0.8188037619880042,-1.4321531271532382,-3.072010146368083,1.8959444111107948,-0.518467989472897,2.548343550667556,2.53506479317901,1.9885296639004038,-4.958798219684864,-1.579608978436478,4.290119286771589,2.352288583737226,-6.41833765917929,-2.7039405458344112,0.750209500764417,1.6949469870379505,0.7702333911121482,4.591733513770009,1.3822534202866412,0.5560402984131187,-3.852712801229459,-8.731665286435868,-5.043112700716744,-3.051018877026728,0.4976886186581565,-6.6307127174770475,-3.391993711450035,1.155455672261739,0.36815137318778113,1.519918523248695,0.4349322392744859,5.078205154583025,-0.45650559135454555,-3.6451465125015448,-1.453615948908735,1.5117155688737172,1.9459326914546013,3.661644891251867,1.6383174594336396,1.8938572536165696,0.7161968093266922,2.7073187175962095,-0.43229349455081556,2.3745397481791595,-2.0348879808529174,-3.7784715535056814,-4.256395888940602,2.1937901191534266,1.577357740735658,1.7497218973888808,1.191963006684906,1.8518868926149277,1.6481356910706022,3.9942921645527742,0.7448021366259476,2.523050861193955,-0.8917348089633461,0.015002196178507666,-4.761470977325734,2.466159605776739,-0.20170601604766233,-1.9676046098189512,-2.4458349012092553,1.7606950954075076,0.6747265426476802,1.9191469575920055,0.26205554818387367,2.9904796459997303,1.2917277776195546,2.4034576746073752,2.0378267316191123,2.98160775599049,-4.9078001654066785,-1.962881604733312,0.3729301666218472,1.5792623480943875,-1.0571540111393511,2.5189189027154004,-1.760491788170154,1.8808175916236942,4.72387354353845,2.036708190762032,-3.937819598624575,-1.2025407420589347,-0.5264008791684668,-1.2980307013205403,1.2098772768411856,1.9930343984303327,0.9666212846347666,3.2552381409375437,0.07340706244935075,1.4370444542584522,1.2455045394056288,-3.464725630126275,1.6374184519842523,-1.519954183832124,0.11276517671778742,0.35095242605464244,2.042666456271645,1.2700961660989145,0.08759634905908487,2.6150654450406328,-2.859632385418698,-0.4248969236593367,0.6792183803493268,-1.1436630615888086,-1.9968704610271872,-0.1181899977824959,-1.9144199549126386,-0.09271373633707726,2.197781791294427,1.7095790125523251,0.8069567977955334,3.4733688535197156,-2.472298834331736,-0.39832792014384777,4.224441499652107,1.4027897072658373,1.6921289510220152,4.591671014600092,-3.3956607672685997,-6.037715932143478,-1.4835875218549144,1.9846600038812283,0.5219266790558329,2.557518246113234,0.6004501008070763,1.1698658995740665,-1.2367148456177823,-3.388541792332887,-3.3110426745262065,-0.15888813567071955,-3.2049395003796155,2.3618644465359386,0.5171045180316108,1.2621141558965632,0.9246654746982023,4.727057463179542,-0.03783815608080914,1.443836860844322,-1.314681924016952,0.729282428473213,3.050816670455555,-0.41488441435550527,-1.341019997668888,0.7672203109629081,2.7819809834944764,1.8143868710540465,1.2055643054864984,3.9609678174075817,0.9006319959846083,0.8463159667886486,-3.193380273183114,-3.388495620424298,-2.260822409607096,2.3649638342567525,-0.4752511687678704,-2.0461121201604153,0.987254291122964,1.3862246764125736,0.3688426785859808,1.6036370302654652,0.5889972101824922,0.5751991974598363,1.1189282833287497,-2.9422152350844413,-3.2961925297388364,0.4675781048747073,-2.2256597658501693,0.6082915102845371,-0.936177897793691,1.7349703341222038,0.9499439428149343,0.6006753100198776,-1.2660824161111084,3.5216476031822657,4.103353380313079,2.435551952179581,2.776992028606092,-1.4107864013705655,-1.1502932270832256,0.3159657675425953,0.48286693695008037,1.327091757616235,0.25888899091144285,3.3229192503826113,-0.027806241844605166,0.7605832926175251,-2.399617822101754,-0.138417040015794,0.2820790337497651,2.9967506443719487,4.703952573600771,5.522133423978393,3.085272778375489,1.7773725926622874,0.9594726386572563,4.018425071984916,-0.8427028741649101,2.1610975292480203,-0.5931811908474679,-1.149017343909273,0.3158135697015668,1.3929541543538932,2.910799500577077,-2.8846778863407216,-0.5563076441871888,1.1285603647817948,-0.20553300099518543,4.246813595953404,0.053647970967394855,2.4541885579353284,1.6022366505951318,0.12979189340186,-8.763909155997583,-6.562971802995085,-5.784394664738062,-2.9011566195013088,-1.392748981676064,1.4393297844591422,0.645374371667775,4.10037921675921,0.9601334273973974,1.529362765375806,-1.0848178256333254,-1.1687142540525468,-1.1728850967736737,0.8524496721769711,-5.372786040005329,-4.069890478142882,-1.151854735617841,1.1964551492971387,0.4060963452595345,3.259696595039754,0.6380367752669918,-0.9112673859068862,-0.9906426102624803,-2.0638512087551337,0.5912948836779823,5.616469272301752,-3.4814892275694214,-0.026119663789925952,-2.3420533196102573,2.2760984121237016,1.5895939940251267,2.077193945472357,-1.0533380695194778,-0.6489891718996471,0.5398831448946839,-3.0918875622877264,-4.684017935638529,0.5185449241543153,-2.07115866473099,-1.4140943140463875,-2.6330352294712753,1.7362205123838763,1.250699440366444,3.356525461176653,-1.4920440682855298,-1.2999828639472328,1.1077865814014671,1.8227214624147159,-2.4076389866224535,-1.5873061328489506,-3.0360038427809317,-0.0007962519566644952,-2.741643526260268,1.2223858286126503,0.9878908755654576,1.798715371595392,-0.40426031408843727,0.13948698005875804,1.8394984849632474,0.8405035565257989,-0.35302555444273453,4.094510655715362,-3.4766687412557697,-1.335909529334278,4.954516398031614,1.7039660366076061,1.1253489161559111,3.22415935881698,-0.5321060979578217,3.8877804214568785,0.8495034714859313,1.0742500141684503,0.35326631748177156,-1.394929055278792,-1.986753040128959,-2.7695057517370283,3.8876133940675093,1.7847308580509982,1.017806202964785,3.6773085390227593,3.130124901349156,1.6026364092416645,-4.046347131359104,-3.9602388212387414,-3.9903308825974397,-0.47966404313815686,0.9848974433757888,1.7082155837594806,3.7017627836910396,1.6163711954100004,0.9040943018107158,1.0812632996799083,1.0309780352525093,-0.10508849273468167,-1.9994608487059264,-2.928654693927251,-1.3762627368415528,1.3160493579568675,-9.45351862403378,-5.223298362048111,1.4786657981467353,1.7158422350832927,2.216819669794003,5.146558612711985,0.03034199381496962,0.9623544593200931,0.8905316788104825,-0.8049213275869774,4.640950826939332,5.506767180602846,-2.8374702111249053,-0.7733954396637784,-1.8224762156052137,1.4837534493450633,2.280280185771092,4.859689163065948,0.41050861326828203,0.6801054181721489,-0.8032010968954766,-1.995680646340863,-1.69285094837055,0.1316634000766395,-3.6275768400872366,-1.1946239586765415,1.0737923755963967,1.645913178640972,1.6158499562479642,3.5037815536351267,-4.430055293012587,1.1923323659611533,2.056401934719973,3.1046180799736103,4.189427102225344,1.7503857447799773,1.0697723210649952,-4.196362589115944,0.14329601324597152,1.9801071812838638,0.05936255008634801,2.2560481985993466,-0.48383933581256433,1.9852198073060188,0.8352551925872962,1.9934843208314856,-2.4791417768637194,2.940222191022215,0.8316019648687629,-1.8104082842352522,-2.075401671644899,2.117565165699929,1.2421405050812404,2.47322513611228,0.2508736301279445,1.5120316588578517,-0.5047899812758089,-3.405177829128191,-2.261480443905749,0.33916829152124267,-0.20044414429085933,-6.358020680553858,0.41887773907891435,1.5542997741188014,0.9377710163045957,1.4313017304006985,-0.18776805770473684,2.826301658843598,0.3628874541114039,0.4467950268722426,1.9771053880662925,2.0159204387922802,3.0732682401187295,-3.8311816270478563,-0.7873765915701301,1.5013726097149243,0.11794493790446146,1.8260752030864886,-0.5819360215956816,-0.9593675979914972,2.7885939987680204,1.8207714363597056,-0.25325768501083484,0.5438052184134435,-1.0661894632522315,-1.3423548127830915,-5.608314321405846,1.6306485962569897,0.9138958621567467,4.159251066077201,0.7275554447105397,0.9607824248638043,-0.3749816845347506,3.963956016550021,1.1527460700959182,-2.0033053555051454,2.087709627431687,-3.06260767462136,-0.5610046444824953,2.095202433955117,1.2966740484059016,2.723518864267658,-1.6587956686021585,-1.4934385776062091,-7.3206246383194955,4.124121839894231,5.164078050060625,1.0535796322053774,-8.333872010850605,2.046440546829849,0.432097828602154,2.1589390945280997,1.0334725359186767,3.6935961788996647,0.39671496846055004,-0.5844574114637174,-3.1066223811499367,1.2828822738615901,1.2051048339047747,-2.0627615993146318,-1.7380240944429752,-5.090307795779906,0.9464900086374723,2.1744013817104166,0.8381548357436134,1.5328217711099323,1.1858150447250093,-0.2189712380404075,0.4476181230726476,-0.25579327736786395,-3.761372263012518,-2.825424764871923,-6.110711307666291,-2.5304464910656814,-1.1778512767641078,1.5015656274761964,2.0235766411476983,4.943423186000099,-0.8476410929909655,-1.1123143141118106,-0.21441391733347376,-1.558225865676159,-0.5634906125765311,1.0121673954371224,-6.354483406649754,-5.9770516212420075,-0.6227178625516092,1.8029297474792179,-1.009227040926824,2.038809166220373,-0.06370864934130195,-1.573174724284112,-1.5151157657681757,-1.8678092005094544,-5.794733036705271,-1.3245101921705462,-1.8905999806583818,-0.9652365293762926,-1.4247335895383897,1.7488599475633317,2.7592454726629567,3.5344859047917714,-1.3363070747278716,-1.3066841527461364,-2.3421184158555928,-3.767787074511465,-7.655446826290143,-1.5222145948024928,1.9605772120832523,-1.9719238059353212,-3.292387886881846,1.4483719289036174,0.12516612261269658,5.296129557417478,4.133980620344202,0.017314218900263377,4.119752746652043,-5.736120939003726,-7.300062207526362,-1.6783231985885254,-0.07688969850702387,-1.101724991560719,2.360221710643465,0.8854717725079779,1.8432165931219713,5.470179695390392,-0.24006747041988402,-2.7350363301044505,2.257968955345704,-0.5492291830126742,0.24929904124177968,-2.455873448677478,0.6494508282321311,-1.470774950648285,0.7637282034137001,1.5050242807775913,0.8462800300593348,5.009424447099263,0.7959602551917468,-1.188172584073414,-0.864860333962343,-1.7767799667947397,-0.3337490304382313,-0.8197383719329835,-0.30460424571038935,0.9995812337440321,4.934281150494863,0.7496023475209223,0.7359324849801583,6.073781965847994,2.6515072504731143,1.0842307265556768,2.6931650605726696,2.480068581743634,-1.3399247145888833,0.8043228623340658,-1.223210510115434,0.251832336927926,2.3461906396724936,1.2783311547090594,0.24698418991725893,4.862996482324443,0.03157952802968993,0.46432208806090813,-1.0851680342007837,-3.643446353391408,3.2694772252016886,4.180744611840835,0.922308104046859,-4.163202780318714,2.1008859710838323,1.361436147241739,1.3275687671385397,2.156591993411938,-0.9054622249736488,2.0285616222645553,-0.30514788503106854,-1.7976903685124423,-5.694324880042494,3.147847771225071,1.8856754085284928,-4.95928588068184,-1.3367387902189372,1.203515982845006,-0.6436119429786711,0.848243597452308,-2.0574794168643997,4.139679300965063,5.612658967745817,2.556521864358785,-3.438296202261541,1.5253532075502867,-3.053018003418838,-3.5487454486614087,-3.5377109700594462,1.8679799271031066,2.217886731060097,2.621612665368052,-2.2999787876749607,-3.5875626853896296,2.093080643478267,-1.579935428645865,-0.5333002102613575,4.266919526584124,-2.482490495900095,0.4901180621484044,0.28792949057812445,1.7850363675122725,0.14739542647098744,3.241508464426821,0.3167119711341104,1.4087075344722735,1.1420667442574166,1.2942026304288796,-0.2956009583491734,-2.0509269714975034,1.2690316162154582,-0.506313939531281,-0.21196772571184821,1.5604978432759464,0.17396663926562225,4.758948040068504,1.6400239545234758,2.5309798564639965,2.509768446087363,-3.3801373842559195,-8.457445223472604,0.4841034235355764,-0.9962867338123634,-3.719162801735539,0.29086955439044604,1.7351773504019685,-0.0903395262745241,1.4458723785330654,-1.798468417111531,1.0281297938436984,-0.8578686392544932,-2.133237870835731,-3.2814990890938955,-1.0330556373802704,2.051540940177136,1.2994915440778214,1.6160812280111982,1.9232304392389008,1.7086518865593976,2.4737391041168344,-2.022547307671268,2.1318368175467213,-6.55622630224703,-2.9795460272073444,-1.2618565138061866,2.1748189823957054,-3.610789489626845,-2.958008136846376,-3.1720610067423003,0.7606179190141902,-0.08869429950314922,3.0474202367744327,3.0166154132925116,3.9189842125968233,-1.062834528821602,2.888908595017523,5.166458955881367,-0.0007639146605618079,-4.129051282996308,-7.51580368792605,0.26273463589653673,1.8612409382033583,0.6146330381170871,2.682244411860982,5.404618322112557,1.551796058107122,-2.020966111053457,-2.8839879874038674,-1.2410084157720356,-2.8071603174809225,2.92125026879369,-1.6462291139461205,-2.7877389571917783,1.369223445535584,-0.7163792389100043,-0.10836347074715924,-0.8087822106937772,1.0845333337576826,-0.7742266980784215,-1.5913357343643066,-1.432005263004472,1.261924120828216,2.6946493767547772,-3.1497249889036416,-4.054806008765315,1.6783089979068977,2.2019679059438912,4.11164174594151,-1.0701175332567343,4.53126397723693,4.37540299921438,-0.22235416532926316,0.5993876650774894,3.9102857471178236,3.4656108758539914,-3.4693788090093363,-3.4067786016445396,1.3903984338387227,3.2791118339611396,4.092483937430411,-1.6884137199981335,-1.80641263531976,-2.132380000366848,-0.22848820349190965,0.0923387493061543,-2.1774037991743382,-5.657747610719608,-0.4133998390775092,-0.9569746208683934,0.9013461894094289,1.5312136455368315,3.3127022932235377,0.984981165975614,-0.2733220542968181,1.6151213241021751,-2.5251409047908555,-6.213745822765881,1.710975873501998,5.7717285086921395,1.8681275566221707,-1.9388698484246287,1.9660069288852273,0.7843395552137117,1.6170947171692593,-0.39589825825086533,3.8442245554239447,0.9995813630316188,-3.7237988566529396,6.082197009940285,5.737724870986072,0.14728712035933497,-0.9748944445616242,0.11492465381821296,1.6364834319589519,0.675491688852861,2.0116561927107113,0.7312363615214745,1.0587328177672275,-2.453022171842685,-0.8344804652594028,-0.0885982724409108,0.17944936391667488,0.2807651780865038,-1.4016843874769112,0.6539955836354068,1.5615353305335131,1.2369204505645688,3.8330891640515485,2.6705015782977357,2.0267731377011344,-2.0224034576586924,-2.86870981389685,-2.028270781945567,0.601409643282258,-3.9134430250928256,-1.1618179048236528,-0.4938646792850214,1.4822401190754249,0.5905611411286195,0.8838209432847232,-1.718066657457445,0.15121517258528558,-0.8710030307963466,1.5178426268636123,1.0891278728253877,2.089329172924942,0.9687641737633532,-1.8003202891037657,-2.0865466118057974,0.919481635066315,1.9168875056586245,4.1493627185261985,2.4682558402540495,-0.3934122999943936,-0.2377961573553516,3.083992583367945,-3.7092699172792014,-1.30132321577231,-1.7121217554700483,1.5920375556564592,4.378337436049159,0.6241639734465164,0.17811869604789926,4.2310297615819135,4.518020104368846,4.527056548947851,3.987996099164147,0.6046972200499693,-0.9043048652189487,1.5306842837452186,0.14180597323159283,0.47528447367565363,-0.7771881383766345,1.3908696064809336,2.3811663266399394,1.0857052450220641,-0.9542235105229683,-0.318246964640082,2.2484996843793272,-4.305729145060602,0.9054935337976582,1.5475622844220425,0.8754532485250868,-0.6455565268112153,-2.794381504126666,-1.0984413409058205,2.3415883636609456,-0.14600041013482062,6.994722207718989,-1.0093156202567455,-2.0170426858615786,-3.55983391531928,-1.0996923202845563,-0.7063761615818486,2.5854713739416395,1.6238004040542875,-1.3880372807093286,-0.07551371072301656,1.883649679815721,-0.1524810819648593,4.561678441298122,0.1415839759146281,7.100382238692034,-4.721695405946618,-3.579671938328795,-4.337861815916766,-5.745525005742165,-0.25441395769120984,-4.153455675445826,0.3694310881216437,4.038662376600869,-1.1544451466747052,3.92318137576288,1.326757359001483,1.5203426639538906,-7.492089812646932,-0.2389496764633583,0.9193790438278517,1.7609631013814346,0.3980482739905232,-0.2507884730537026,-0.43513372173576376,2.3539929318442314,-0.3185151274753725,1.8797078678869785,-3.033665165013461,4.614567287156976,-6.31807092828336,-0.8260861441137832,-1.1860222519954984,-5.267194948905007,5.538661505545658,-3.110227502764472,-0.07902317139960484,4.026024694544997,1.0445903528987628,3.9829492251898677,4.440098885492849,2.8174801734892556,-6.141702238925019,0.2048003241424809,-1.8157746225577993,-3.771452817330877,-1.8283956352714281,-1.1140471592984265,-0.5831709874489581,3.2237377659688957,0.32427657490523243,-3.18522611772899,-2.7808293417305068,2.6752772044401363,-4.625887820982817,5.748780792046393,0.29393654607532194,-3.2464510746052504,1.9407553517361387,2.1962641937814222,0.02083673404428006,2.293205023610123,-0.04466490363010849,0.3779671220625504,0.47986816497749457,-0.22084154551929033,-3.096717168579392,0.8434423425372106,-0.8506318820716033,-1.6775659701034056,-1.9314282125236537,-0.4321791389919612,0.7257561374839576,2.473195057374006,1.9504575707315281,-2.5269436546248616,0.7283254492470267,2.433712578858733,-5.104348692488998,-0.5194145978525179,-0.6386789282967592,-1.5673442832724176,-1.1220332185351392,-2.44481564795767,0.7246583502870493,3.1092090476328758,7.551673052606897,3.527127308128655,2.3282244827689165,2.304091459883584,-8.110379598656614,-4.522846624189212,-1.7948049635091283,-3.125293394287739,-0.3511705651892088,-1.7970367936270133,1.5448641111597181,2.5640255188041774,4.125003208931958,4.56615334336073,3.3137017309337393,5.475577640791271,-6.6330349649169,1.2825434311969213,2.8828615957650263,-4.546133983777774,-1.2632489646739855,1.1791990940229202,1.4520850999755919,4.181231838021658,5.12377818052694,-1.162770390607985,5.861272180701534,2.397471066152642,-0.01528894245619647,8.409808917494527,0.47289387106326486,2.7326031589835313,-2.648260533653273,-2.196896298808862,2.063992627688329,3.6306009290433296,6.421462578510887,-2.1713421344258776,2.7379183809379866,2.7480870627340512,1.0162677265446656,4.434356128033663,-2.11277111319326,4.973123788922831,-2.735974587071121,-1.4587739925778793,1.9319006800059277,3.82696681134385,7.199167614022595,-0.9215943811325824,3.829602656936086,-4.15744729113646,2.693283600076311,8.1948866865609,0.5675168976594243,3.241830665400541,-4.68349074987007,-2.8274471510754102,1.5498174905552238,3.3280128283169317,6.556525462291803,-0.5132906125907671,5.858133840581012,-1.780163221394627,6.219817667996382,7.940953170841311,-3.5888906475946687,2.6999290896013712,-5.068674107099601,1.9709498517216495,1.7104930175488269,3.322151432053404,4.825290510026683,-1.510067422416238,4.0198896870649605,-2.1191274381517995,7.588186992271414,6.7893573163022785,-3.5137080376028105,7.6941598180512845,1.254996357639547,0.9497601392599055,1.6575983702640071,2.847541068763625,6.405978649570178,3.4164812567966463,3.392554028036177,-2.5394623668725353,6.377361460825219,4.811869042904325,-5.850227161056257,5.475192641538411,1.8343735561692653,-1.2867166745390117,0.659958858731037,3.2882780629403126,7.031756425079937,-1.1258506198177156,-2.2798301748936494,1.871410547451885,3.1956678827064096,-2.7332228258611515,-2.7527337909359937,-1.253665316602032,0.8250960969995115,3.8551811478098514,0.24496491641596196,4.1986976211441425,6.220893336014056,-3.9436034999042557,0.06944348443674228,6.54441769228488,2.412617075517205,-7.045167285320885,-0.3493421375415678,-1.6922896286403464,-2.857988112718408,1.8799572416999104,-0.36549770912864316,4.307118935798883,4.628312720016405,-1.4435335854006475,1.74232757242295,-1.120264921802362,-0.8493021312111863,-4.1701715057082405,-3.161061133382495,-0.0686229312812028,1.5850296334957839,5.809710462783787,-0.9233979646866178,3.522412528298669,3.132423637019904,-1.926388730147303,4.0800265402877045,2.000613268562908,-1.665402139289239,-2.5378439273733986,-2.076242216564496,-1.9195227463091935,1.604191192332392,7.07389374849407,-0.8808029626030679,4.844932164597515,3.036886944327481,-3.4766017883805795,4.243319670725257,0.4382422432277465,-2.459247026520892,1.4124007687176081,-3.533586792798924,-4.333607734697951,4.396874361578056,7.451237281291499,-0.9048691214000064,3.799401586209617,5.2164131445747195,-2.1718319950396427,2.089675893529191,3.671730492982822,-2.729873103181536,2.4248570293319287,-3.252492415137058,-8.180394103624531,2.3408445859644904,3.754410534005582,-0.6991258092486395,5.577296612590678,4.9263803126047,-2.313290881984792,3.069912767148238,-0.6531497583551809,-1.9655387172418801,3.151829900873536,-0.8634105507963357,-7.93080614342704,-0.3342500139902344,4.118684408229618,0.05211880162825656,5.49127947262862,3.487082261121803,-3.436050920020594,-1.0594137717194838,2.2538054566989096,-7.113014334668504,3.0388144777806323,3.0868546277794096,-5.1812976111794695,-2.013503689720363,5.420652544944989,0.8862717571205263,5.935842917181799,4.212841820733284,-1.5497835387898717,-3.3356523892029113,1.5960517871902342,-1.9407987603268035,0.9744358370630577,2.985683921982158,-4.702480713224596,2.2383743141827512,0.322196509921874,1.1617533425986892,3.814541190931291,4.3715324331651875,-0.24411662350029736,1.6667546119526535,0.44100990297353915,-0.8705635615480959,3.544061300299117,2.048853272943282,0.4551757693216967,-0.05674965900430142,8.574120351636969,1.3761920918142005,4.421245315538276,3.934344620132967,-1.9034960519447865,1.280035325411423,4.048490182779098,1.9750787467536184,5.930586803292894,-0.5759708107314754,-5.73929143237217,-4.061020587864453,5.309082235465327,1.0875884654913461,4.83410750182192,2.7970767906421146,2.2816704594112505,4.338686128719089,1.904412731214269,1.2319667776302579,4.276900637351624,-1.2439171643093785,-2.4067108774704264,-2.622535388662659,4.140251270963775,-0.03451811135838668,6.8852325079743295,0.6887388157994266,0.6356268518742714,5.223556677088454,1.8987189006444032,3.075717361461799,0.29751201370081903,-5.047698347449611,0.8592998429711426,-1.0550672040642082,4.1730252757012405,-0.6022484718457619,9.200014989266665,2.4439070234515397,-2.0839648025014745,5.530444287088382,2.212876571621089,5.949208462351308,0.443202112298307,-4.881100799513981,-2.510360161476961,-4.324197793861633,3.2891959865833256,-0.012084926394771227,8.536771795939902,1.987419066645263,-1.1889787788472368,5.990789399987541,-0.3303354035148632,6.9699004805746,1.323318624705648,-2.6960117131430277,-2.9102661742691285,-2.8943370147883236,1.1720976794473665,0.6053109449185846,6.903452533138656,0.5667543698005132,1.058949394271899,7.571931994497558,-2.42030968089642,4.049039193082926,-1.5024974358402883,1.0123787987174353,6.448393636021413,0.14588639627709088,-0.13168517122697018,0.4178839654553931,7.941844410656363,-0.09920172994345916,1.4901929511394831,5.730992452152328,0.979265906274623,5.685136268184318,0.25286098466853757,4.591545709791614,2.039989226258581,-4.8766808282650596,0.14114648977160163,0.677671189727989,6.284863576653348,1.7533217962734238,5.169891848601146,6.7089241502492705,-3.043685282616915,2.1541657635323395,-6.717827062545652,0.34611991074690257,2.0054296358666575,-6.00322650563704,3.3933929441525628,1.0536998581605777,6.594173720708461,1.7627796969597105,1.8231903414144923,4.272636818777382,-4.118571952099565,2.515938776760581,-5.34188021313149,-6.539225124461069,-0.7024963122147848,-6.882892479310763,-0.8417863369587578,1.5925279741278178,6.22543697300673,1.2391646587280065,2.847119899118551,2.1697471005031033,-7.899363062950113,-2.5247536591832227,2.2203374082093528,1.3603109675929952,-4.2317697140708335,-4.880352292857859,-0.8055271702332925,0.8561569229176667,3.5604850574081333,0.29084226331904445,-0.5615377750835234,2.0896803591105804,-1.1294069268031315,3.5934495505529607,0.34854866342479024,-0.5694730725631759,-2.165192320924438,-3.222833798643021,0.6265370290860359,1.5510316936248738,3.4486068277545243,2.476236016606793,3.5377208817912003,1.122383212254503,-2.4719840935296498,-1.369451996786503,-6.8272608749264005,-3.059212873266911,0.30420454907853717,-7.526465430102533,-2.4498913523879944,0.7510303711220554,1.8385104023080645,3.6270833962654483,0.3805825442806112,1.287605905092958,0.4841753586791393,-0.8627469280943849,-3.3020852480081695,-2.7467838664717914,-5.249861875763068,-0.2540656293490732,-3.3426582108230383,1.7121399620149873,2.332170809807508,1.1089195926477526,-1.2394625479590813,-0.1057164709512307,5.831688886511474,-1.3570283902953264,-6.975690581306167,0.8247125933871361,0.6523984918463527,-0.0690791930119768,-1.1268278605095519,0.5167899929066171,2.8023665301029905,0.3194828647515338,-2.9257968613843417,3.2225810035150997,0.7677078586896018,-5.124006119860674,-0.5458852197463852,3.4628835738732184,-3.7309169877152075,0.6087905050971573,-1.0126350032622138,0.22031239307343645,1.5816127943916716,2.120413572617731,-1.2270756545321744,2.279502258697395,0.9421112924035513,-0.03310960358853261,3.2894806331663022,-0.18059578548802038,-2.246053791937013,4.939655585270536,4.778204994851963,0.2803719848500782,2.5824294933458196,1.823236889071629,-3.541807337161117,5.011888721470696,-0.9422580711329991,1.2551824002078331,-0.05623345063186377,-2.2457456847334645,1.6338745038299447,-2.295536018174578,2.9119295076142535,1.0719135833515463,2.76595393831038,3.3728439325908335,-4.865392562094488,0.9249911554675813,-3.0162946978174134,-2.602511893795149,3.826367739490131,2.1502339719343087,-2.0455799314350367,-4.610265444309022,1.895734859237968,0.13959808383292566,3.128396908126537,-1.189965908604777,-5.154423131043058,-0.9237346246935769,0.25388074337215444,-1.1340252289981565,-1.3794624347130098,2.518970596252115,1.4056511950657393,0.215876437671155,5.543004843609538,-0.2706790339598541,5.073576761689321,0.26654828924457774,-3.7631481118930523,0.9225062895790529,-3.8033117305073465,-2.6510584104403048,-0.27067943557449087,3.754629343389463,1.1408821068422117,0.17209546431091233,8.052300246960971,-0.17995944932182756,5.137604993681017,1.0981007432104564,-5.303224456227025,-3.344159881293294,-2.1561566337082207,-1.0254881944874241,-1.3489894691161681,3.032314480801113,3.3704806528828355,2.9737495793073077,9.123763330485733,-0.1161132786385006,5.477367462295687,-0.039081522928878745,-6.535672297419298,-1.7614508381156768,-0.8691027579440941,-3.22981788596235,0.25366259506441435,1.9606413994230527,0.1878691149994213,1.4970861191101097,4.3505180772518885,-0.20903933235476127,5.935195996342305,0.9909914623707089,-7.218332049995237,-4.861412604259839,-1.731529266814653,-0.4495257040375819,0.5352006870180445,2.6688926885741977,-0.13023336418611053,-0.787049916733187,4.2642012027871985,0.427263081655577,4.504367292975658,1.162707077294264,-4.459247571915358,-0.5608412829968387,-1.9840929930101876,-2.5890338447166954,3.648396789708843,2.8185720428878436,-2.472763454009877,-0.6104831331429545,4.571110870180631,0.2052797818270146,4.830914486375637,0.8250686380482413,-6.764869837555375,1.1818296009976483,-2.7866062389417996,-5.134637579682767,0.0053981178074564455,1.2907492149425042,-0.5630279278735166,4.830320546795572,5.5580471570145695,0.11945223616939682,4.064447667775818,2.7167273958254023,-4.32573165534287,3.528026782838127,-1.4493499286030715,-5.665521298880328,1.3029497388076794,-1.877208024854176,-1.046449028327186,-0.4784139338827561,0.15731857964056872,0.3805107085173766,4.4861797305580975,2.377846571898889,-6.169787521021011,-2.153098842777439,-4.44421388859768,-3.7424354670481783,0.2774043835868444,-3.2067448845028848,-1.4775236058210623,-3.7194982044576648,-0.26894390094673026,0.6718630981794357,3.476252540168051,2.427162725336731,-2.705569421349218,-1.0625103630225978,-3.5635952077000668,-5.665703026135003,-4.486340018203324,-6.064881740556119,2.2468524277577235,1.48704269300482,1.1335943092093144,1.0764512388322267,2.7556702179935817,1.9215198423625512,-3.8034364061596464,-0.7742264300292254,-2.8286744492398115,-7.745509306376643,-0.7131265640585928,0.712095680713976,-1.8275858652250283,5.482100267140631,1.4553383933983497,1.168056691263603,2.8930809203380528,3.8614959818316827,-1.6421013874462296,1.6499016042843206,-0.9237497678714324,-4.208061513746748,-1.2620095768820523,-2.932193900602422,-1.376582347861836,1.3053493747901344,2.2668501015163636,0.718286644159095,1.814521212118276,3.0755974033485955,-0.7372466264909593,2.6757006942758412,1.3297821819279558,-1.6738068379879436,-3.3722115360587015,-1.3718192007143553,0.9944426929509768,-2.0810998737948614,-1.7630495242237147,0.678915535208822,3.0358493532899233,2.5242979423014207,0.631474961795668,-0.6582341071428073,4.825846748967198,-1.9610381520545546,2.237487289464002,-0.7799775567423777,-1.5364703882727628,-2.108747601269679,2.897795128561568,-0.08056680896833963,1.4447835590099984,2.030691607316956,-1.0976992090210251,-4.967293294511251,0.9655847872512602,3.2242831232350473,5.868940018632634,5.521456397818399,-4.063425701752239,-6.341959726279196,9.192699396308837,0.1766742914989147,1.8130005575737949,2.2629753451041323,1.1292407156888804,-0.22709662365456912,6.5749311971779525,-6.288480530350538,2.4977810722086784,3.205321214923973,-1.215575032882618,-3.1817455705041353,3.128102064699404,0.5454981472171572,2.40479337702349,1.651652054549812,1.4505706045446816,-0.852672598931816,1.9972455317556745,-7.642682033238908,-1.2324786165902726,-0.33437349625636636,-2.271626409707893,-7.568138443756731,0.10476712355368674,1.0174213272152075,1.64635557786836,1.4795490469382764,2.349446420202744,-2.5295908299555827,-0.4926847216012215,-8.17936092905736,-0.8596835121473803,-3.168178738526728,-6.09057780125866,-7.3407011355655545,-0.4331896865323362,0.912373878362772,1.4943524792342404,1.2372928345700076,3.716326360408559,-1.7912216311836453,1.5496659670423154,-6.7054074650473225,-2.272994267260253,-2.398581302718849,-1.0186072912355912,-5.454823313560881,1.6055533070938441,0.939893328880898,2.4786791757828506,2.7362218499095516,2.9145754371266883,0.16814666120603142,5.483102606978508,-8.528134500246365,-1.4079861783845502,-1.2767146636260693,1.244739885506051,-7.19339893404652,-2.7764085093569033,-0.3924823490056405,2.147370901835545,-0.17912670426864902,-0.6515703086546589,-5.9908666818494165,2.5067899753013245,-7.942565617982871,2.202851745043506,-2.7597782510039908,2.0012879750795496,-3.3689493850104713,-1.4804549514821304,0.6187602975608356,1.697316103292172,0.151367367596306,3.3030558400714782,1.322667126561764,0.9472606009708465,-4.658267700399066,-0.0753181694177134,-2.928000119856586,4.947773870153429,0.4021060490371079,2.770542269530624,0.9916332391966196,1.005802966996544,3.036021408237957,3.5310513500667895,0.7515156473770049,3.524421492617649,-3.123127317177525,-4.607008265337202,-4.824466907580504,-4.7691409485075145,-3.029627727547169,0.8882688595602902,1.4388485849915935,0.0694361922950138,0.807265811800807,-0.7254139650112525,-0.40109565060385455,3.54663660272549,-0.20065212332005056,2.0663022125233055,-2.920022874993027,2.872149088745109,-0.44472982852657317,-2.989632590895982,1.3721746784154762,0.1956116797997839,2.423943218834954,3.4237443878973637,1.7624150099964335,3.9691016612590433,-0.015279800795704753,1.1952271806303245,5.364328431885022,-3.1164462168127653,0.8646398425630915,-2.9678307766875327,1.0806151505011756,0.4167323378883095,0.6065173716362499,0.13684944821043551,0.8970893907835565,0.14150469687169198,-3.291682968998806,0.3534713515838963,0.6738870431426001,-1.2905532522942869,-1.261373357797171,4.788436775179923,1.6144822126141707,0.27995792492344546,2.6168594465116097,3.4392616093739097,2.7893401719246254,2.0821533981878524,-2.0520094671252678,2.199497967945926,1.870729508464596,0.9408942755700479,-3.3644084104140584,1.1605965362288613,1.6917299038889253,0.062066324972157756,1.8356315008046482,-0.15613751519689728,-2.4696685427376237,1.387755131770021,-6.101435624587692,-3.621828094454795,-1.850360537549595,-1.4081194202275933,-2.2856674465028433,-0.9601980791866807,1.9761508159407288,0.19528279515979957,2.9299916731430775,-0.6876473919550699,-1.8220861119619067,3.537823815875127,-2.413975333160677,0.21821796178633193,-1.759317819215529,-4.328344803544,6.924636380429949,-0.00566154655250192,1.5518130148962954,1.4376056689700372,2.74101999883387,3.2708851238449417,3.2097755028996873,2.9913027406382526,-1.5784481534272,-4.681511435505595,-0.5374137686440829,4.94467921179051,-0.053096157866107045,1.238507799304683,2.1684492227308714,1.110975083667872,3.07362757753608,3.3475381479131805,-4.116961395907004,-1.6162958939233973,0.7450889183075896,-5.176769022362726,-6.371580725801155,2.3803645319004483,2.0689481125303293,1.1044421051285986,1.6170856053158742,0.7414280769208648,4.508717480485644,1.3091274152577808,-1.3040317943468553,-2.469881398116998,7.1328191739438624,-4.633245550416662,-4.508986318712921,5.258205676230478,-1.7121677971806502,0.14076750645284225,2.329718784342118,0.7485708854504942,3.7038393763065653,-0.9852634590702979,-6.461188873500199,-6.340076587078077,-2.261426074275567,-10.274923550612257,-6.113335400139593,6.5835607665172216,1.0556191652004554,2.3878188390251385,1.1152018165048418,0.24674149350492144,-0.7641440033601173,-2.5889891231270057,-5.959556787361149,-3.2672270504469116,-0.02874197431951371,-13.782681959244025,-5.90940701818767,5.600206762569353,-1.9915160722816334,2.7509264896478394,1.3811133255954324,2.673020707705324,0.24170396998084853,-3.2971875873281777,-2.7593740104727456,-3.4822716653544004,0.5250261018351463,-4.241519769013864,-1.3251683307314064,4.023457806778748,3.7150830263057113,4.323159078781295,2.1035342951600073,3.7620118625920225,1.506977631470055,-3.444546854341756,-5.90946903325212,-4.20468583393804,2.9612100682959817,-3.5590624434773197,0.7160169112530704,3.6677557038240494,-3.4728226638490827,5.750405362243125,1.803930917044891,4.511053696749784,1.2397281280169363,-3.10385170664624,-5.231684705655633,-4.827761733973817,-0.151743749181969,-5.683871548174088,-2.712583176481978,3.5487538267942056,2.650932029592305,4.320951803175714,1.5614344424826678,4.516948644532669,2.1586453995292882,-0.18589097651528552,-4.46385158528707,-8.028678473724941,-4.4527123542736815,-5.0792986298225635,-1.3767391777384095,6.208782385169916,4.027868509927971,6.382326894376879,1.2288915162406124,4.481550317345278,3.0951538022437606,-1.3025151226615943,-5.895398074659887,-3.918639327586665,1.3288860642991005,-4.2263912368377685,0.8564128764850465,2.50920329529406,-3.798893034894583,1.3615555359204103,1.481110632159296,2.738467864180326,2.2319872135867476,-0.49833503302659393,-4.921137294961343,-1.4977959372950524,2.3777123461627903,-5.288594695047342,1.4880939267242503,1.4841866992747828,-3.013186823142148,3.9872614833588007,2.322993288531624,4.428009413960815,4.215005147338596,-0.9025470252486114,-2.4054523117336952,-1.611283773407554,-4.7306872624751515,-5.367696628265933,2.1611903679449087,-0.3713283347330152,0.4817986963051285,4.4025777609276995,1.7552807667566834,2.6105056825922577,4.118407453881204,-0.802842574983166,1.9773577552454369,-1.2616119535023507,-7.067765395350189,-8.179112259364903,-2.412950163556442,2.5353446478857933,3.8123968684622955,2.4911102146744843,1.5633626891820098,1.5999209533263568,3.2917571718900627,-0.016070000360093456,2.9509418318959537,4.5378360356427265,3.060581137402699,1.9669293664835386,0.31860216886015624,-1.3448365882890743,-2.7671971098858013,-0.11357129581320327,1.5914316563659183,2.211718263352397,2.566732873717934,1.3793372527183623,1.9636640580532256,2.0574392000648887,-2.9147574714102236,-5.124638636431613,2.3856070440662216,-1.2393653056079132,-4.1830162024380915,-0.28225572102873053,1.8091055680492028,1.7260183534612936,2.9508142322928865,1.9197667609592122,-0.23068387975889515,0.9022928907223048,0.021302498831308022,0.2549733076904082,-4.64400864755857,-0.45782030122131934,-0.8025729027446303,0.28447655623497037,1.405604752276937,0.6422703958784116,2.7419109801731185,3.383418025015658,4.8523176490174205,-1.2930185966612087,-0.0798073180203456,3.3349026952337275,0.42853401107984895,-0.2709233032138281,2.179447694810257,-0.22626556865439373,1.2777301194451853,1.4290278595973591,2.197242131431748,-0.25858856454510293,5.35228012311574,4.336390543982143,-2.3931629680979696,-2.641350716192216,-5.0900316779352925,-1.2974246254295163,0.9582572750961765,3.0739993068360496,1.0102367763628122,1.1396455586227277,2.5601332663612633,3.1726223441033317,2.586921981331781,-1.070471362067432,-3.296122043940568,0.979171136205688,0.7925049800385559,-1.2741742209874989,-2.2338624770562467,1.7705287153739993,1.5491911233677629,1.5764789833471173,2.7148749672305477,0.8399853465999976,-0.1959814570456879,2.7587528554620704,2.5403753666820705,3.0912107634182178,1.0936605492398572,-2.257739793010505,-3.0264582018461126,2.420531578357137,1.584150554993622,1.1687884012853893,2.3734783608827823,1.9857980299253635,1.4122312055087083,0.5541280744002022,-3.3271133385766056,-3.378677663707981,-9.292272902931732,-5.430275023540164,-1.021991005607869,2.3892366587313543,1.308326265899712,1.7170204183626276,1.3041204761169747,2.9602082150395232,0.003972416301852248,1.2301679409295223,-1.7550428644361606,-1.913334407924503,-7.666500107129366,1.693310503263241,-1.1227584038415515,-0.5290569505394034,0.8412766333713181,1.7512956519143859,1.1544548430948345,0.9040926157394161,-1.282210048022664,2.0691212403204555,-3.3641115297064674,-4.838735327877554,0.07936727301490075,-6.423894240596394,-2.9392769528762366,0.4685302127919593,1.1660446337129124,1.1678860007362548,-0.315013599695438,1.4167962578781996,3.418396720907024,6.279406636579867,4.427166526613261,0.8066277641367832,-3.518972800664457,4.850949993867666,0.4703341431547917,-2.3236748142144594,1.2176979771432985,2.6772890134635734,1.0313958846300018,0.6422418317472008,-3.1849364426528206,-0.8016646004953043,-3.2543832387765916,-1.4471288886880074,-1.1936912222449416,0.9453035996688856,-6.421033984913741,-1.0029251355940518,1.019713362348467,0.8297838213520553,2.444609858759535,4.412101227566949,1.953644675130899,-1.3369959603247572,-2.778593304117676,5.356548131771128,5.23968718670296,2.723388922671672,-1.5303378691961531,0.06193772938409996,0.35540937359805186,1.5378769216455455,4.647847343517183,2.716655532881618,0.2612409933933816,0.5307291320002272,-2.759168859946772,-1.098984209451119,-6.200803627060449,-4.284410983778028,-5.933335681344229,-0.47008999626123416,1.4902046028703368,2.021942348876382,0.6591218066993966,6.409111092015636,1.243223630479955,1.399399383403453,-7.618179272294001,0.67688466431552,-2.6229960360584954,0.7725182961820384,-2.994836487495529,1.713186806141505,1.3454677725223219,1.0543692694783144,0.30339606551239995,1.064642626100508,-0.9668988612903957,-2.8362126000360424,-0.8780874775377304,2.4911206804293835,-1.6755401917742523,-2.040272385988616,-5.6854600122774634,0.15590942029944968,1.4499954380202444,1.6001780710705222,4.463775101485948,1.4354118894727355,-1.8162872661822698,-2.2044447983051785,-2.7866133966141247,-2.320964116267774,0.9168252370269443,0.7923015792414966,-2.9441389509101232,0.5497422446481832,1.318190790707722,0.7455299856313753,5.160949458117128,2.3254513959471974,1.2146642328465274,-3.5991295011577753,-1.828687292994049,1.4701335767284744,-5.546028541364806,-2.1039327096016747,-1.70080016295675,2.2264831353435213,1.7282251587556685,-0.23794415822357548,3.6314700729420664,-0.07384166411632087,0.27501122224427493,-0.26844866471723366,-3.9789374281430567,-0.9983211419996666,-0.03208935307893845,-1.0167721004066388,-2.6006600929600387,-3.440237505526155,1.419844122448326,2.7862807655050124,6.5175428908817326,1.2823384647484688,-2.9963651841887,-3.3134830676644644,-1.0982029125768098,0.364788228488055,-6.042314102460653,-4.014326388629855,-4.787211413777624,-1.3007735261965885,0.7175920387606899,-1.0264111466639105,1.2011019070853644,-2.1350600251423497,2.275746789741423,2.5596241845818843,5.078404959502336,3.8258785984767694,3.256537466272102,5.322205563384904,-3.210627841113243,0.718613642888762,1.0759886542737382,-0.48926822792292785,3.717829143732033,3.341647387905816,3.5513355639367257,-0.9287460018249156,-2.1943084196446434,-3.017452259861621,-2.795354866317977,-2.8981899220060847,-0.2281977270406148,-1.829127772259851,1.7540125476947805,0.26015756911701665,3.272420592499403,0.45815594181576447,0.23875802225623616,-1.1006690643818073,1.3752974085115672,1.1860848042710141,-0.5206755562559988,-1.1528834429422383,4.085089860195985,0.3662843796428228,1.1929740939482287,1.2600143067358156,3.1929520711498625,-1.2360129177006287,0.16800860995668343,-4.54143774749664,-2.065177133848312,4.813001167214214,-1.7325228869828582,-2.5041542231959713,-1.1512759559650219,-0.5077639015811888,1.4197832149022673,0.8889134190267293,2.7772787179773384,-1.7274231935760955,3.586656638471495,6.025668849564379,-2.1560368516197186,-2.135758847294175,-0.49305259772184096,1.953044980860186,-3.120684610590006,2.4869698930273176,1.568856655930965,2.6484508981729085,3.747683032442152,3.7716382127579138,4.685987998707189,1.8622951870809623,-0.019435288445475173,-1.5232079031680281,0.3187022089356817,-1.9655198100578077,-2.52266977425961,0.6099247531708857,1.0831389570797958,3.490378729774927,4.117934578681519,4.980751751096115,3.218379470307268,1.1235332796059727,3.3011742201083765,-6.513681500691367,-3.103424895140111,1.1596537142100398,-1.435949586177785,4.962266962802846,1.3919243248759892,3.6587310578737973,3.2786773230613226,2.6548842012256895,1.3049246323051356,0.15034330656679282,-5.930468333189079,-4.826393142959866,-1.8913280831342585,-2.7927969422766616,-2.84562642797918,1.3521191303922382,1.5198445164737324,4.571024228509757,4.13732935520488,3.5984551747654256,-0.21696822229331622,-5.469813966706718,-3.682787504962538,-3.914718100125643,-1.0241789762890345,2.729705569336085,-8.375790968803138,-1.0038473422210352,1.2308775525082687,1.2037039582538382,2.467777580573784,-0.18096422430119782,-1.8475375631555837,1.4040369686123912,-7.412156407899555,-5.75450940029024,0.06308521360252362,-4.558839889134072,-5.116614282906372,3.8084064436439524,0.7110202242749083,1.455565449862956,3.0823790622633864,-1.5090813539983874,0.06459356059924197,5.956772631566455,-0.40487588557458065,-7.011722282965546,3.4566880256426273,-1.8748059278720546,-2.6577672606849494,5.879030144574586,0.3990429749065609,0.2960135966940909,1.8880452920133204,2.9327402030171834,-3.182707041010063,6.1986210938185575,-4.842655351748548,-0.845521453901673,-0.6994963263334903,-1.9562264257033992,-3.1700400874056114,2.716389020102589,1.6342124659857495,2.290479101422251,1.6056474778004866,3.3356520318093246,-3.3419958779188144,0.001318065627520206,-6.8251357035413305,3.1736270020309476,-5.23151545672803,-3.1901183361124925,-10.183305217912379,1.672412485687283,,,,,,,,,,,,,,,,,,,,,,,,,,,,,,,,,,,,,,,,,,,,,,,,,,,,,,,,,,,,,,,,,,,,,,,,,,,,,,,,,,,,,,,,,,,,,,,,,,,,,,,,,,,,,,,,,,,,,,,,,,,,,,,,,,,,,,,,,,,,,,,,,,,,,,,,,,,,,,,,,,,,,,,,,,,,,,,,,,,,,,,,,,,,,,,,,,,,,,,,,,,,,,,,,,,,,,,,,,,,,,,,,,,,,,,,,,,,,,,,,,,,,,,,,,,,,,,,,,,,,,,,,,,,,,,,,,,,,,,,,,,,,,,,,,,,,,,,,,,,,,,,,,,,,,,,,,,,,,,,,,,,,,,,,,,,,,,,,,,,,,,,,,,,,,,,,,,,,,,,,,,,,,,,,,,,,,,,,,,,,,,,,,,,,,,,,,,,,,,,,,,,,,,,,,,,,,,,,,,,,,,,,,,,,,,,,,,,,,,,,,,,,,,,,,,,,,,,,,,,,,,,,,,,,,,,,,,,,,,,,,,,,,,,,,,,,,,,,,,,,,,,,,,,,,,,,,,,,,,,,,,,,,,,,,,,,,,,,,,,,,,,,,,,,,,,,,,,,,,,,,,,,,,,,,,,,,,,,,,,,,,,,,,,,,,,,,,,,,,,,,,,,,,,,,,,,,,,,,,,,,,,,,,,,,,,,,,,,,,,,,,,,,,,,,,,,,,,,,,,,,,,,,,,,,,,,,,,,,,,,,,,,,,,,,,,,,,,,,,,,,,,,,,,,,,,,,,,,,,,,,,,,,,,,,,,,,,,,,,,,,,,,,,,,,,,,,,,,,,,,,,,,,,,,,,,,,,,,,,,,,,,,,,,,,,,,,,,,,,,,,,,,,,,,,,,,,,,,,,,,,,,,,,,,,,,,,,,,,,,,,,,,,,,,,,,,,,,,,,,,,,,,,,,,,,,,,,,,,,,,,,,,,,,,,,,,,,,,,,,,,,,,,,,,,,,,,,,,,,,,,,,,,,,,,,,,,,,,,,,,,,,,,,,,,,,,,,,,,,,,,,,,,,,,,,,,,,,,,,,,,,,,,,,,,,,,,,,,,,,,,,,,,,,,,,,,,,,,,,,,,,,,,,,,,,,,,,,,,,,,,,,,,,,,,,,,,,,,,,,,,,,,,,,,,,,,,,,,,,,,,,,,,,,,,,,,,,,,,,,,,,,,,,,,,,,,,,,,,,,,,,,,,,,,,,,,,,,,,,,,,,,,,,,,,,,,,,,,,,,,,,,,,,,,,,,,,,,,,,,,,,,,,,,,,,,,,,,,,,,,,,,,,,,,,,,,,,,,,,,,,,,,,,,,,,,,,,,,,,,,,,,,,,,,,,,,,,,,,,,,,,,,,,,,,,,,,,,,,,,,,,,,,,,,,,,,,,,,,,,,,,,,,,,,,,,,,,,,,,,,,,,,,,,,,,,,,,,,,,,,,,,,,,,,,,,,,,,,,,,,,,,,,,,,,,,,,,,,,,,,,,,,,,,,,,,,,,,,,,,,,,,,,,,,,,,,,,,,,,,,,,,,,,,,,,,,,,,,,,,,,,,,,,,,,,,,,,,,,,,,,,,,,,,,,,,,,,,,,,,,,,,,,,,,,,,,,,,,,,,,,,,,,,,,,,,,,,,,,,,,,,,,,,,,,,,,,,,,,,,,,,,,,,,,,,,,,,,,,,,,,,,,,,,,,,,,,,,,,,,,,,,,,,,,,,,,,,,,,,,,,,,,,,,,,,,,,,,,,,,,,,,,,,,,,,,,,,,,,,,,,,,,,,,,,,,,,,,,,,,,,,,,,,,,,,,,,,,,,,,,,,,,,,,,,,,,,,,,,,,,,,,,,,,,,,,,,,,,,,,,,,,,,,,,,,,,,,,,,,,,,,,,,,,,,,,,,,,,,,,,,,,,,,,,,,,,,,,,,,,,,,,,,,,,,,,,,,,,,,,,,,,,,,,,,,,,,,,,,,,,,,,,,,,,,,,,,,,,,,,,,,,,,,,,,,,,,,,,,,,,,,,,,,,,,,,,,,,,,,,,,,,,,,,,,,,,,,,,,,,,,,,,,,,,,,,,,,,,,,,,,,,,,,,,,,,,,,,,,,,,,,,,,,,,,,,,,,,,,,,,,,,,,,,,,,,,,,,,,,,,,,,,,,,,,,,,,,,,,,,,,,,,,,,,,,,,,,,,,,,,,,,,,,,,,,,,,,,,,,,,,,,,,,,,,,,,,,,,,,,,,,,,,,,,,,,,,,,,,,,,,,,,,,,,,,,,,,,,,,,,,,,,,,,,,,,,,,,,,,,,,,,,,,,,,,,,,,,,,,,,,,,,,,,,,,,,,,,,,,,,,,,,,,,,,,,,,,,,,,,,,,,,,,,,,,,,,,,,,,,,,,,,,,,,,,,,,,,,,,,,,,,,,,,,,,,,,,,,,,,,,,,,,,,,,,,,,,,,,,,,,,,,,,,,,,,,,,,,,,,,,,,,,,,,,,,,,,,,,,,,,,,,,,,,,,,,,,,,,,,,,,,,,,,,,,,,,,,,,,,,,,,,,,,,,,,,,,,,,,,,,,,,,,,,,,,,,,,,,,,,,,,,,,,,,,,,,,,,,,,,,,,,,,,,,,,,,,,,,,,,,,,,,,,,,,,,,,,,,,,,,,,,,,,,,,,,,,,,,,,,,,,,,,,,,,,,,,,,,,,,,,,,,,,,,,,,,,,,,,,,,,,,,,,,,,,,,,,,,,,,,,,,,,,,,,,,,,,,,,,,,,,,,,,,,,,,,,,,,,,,,,,,,,,,,,,,,,,,,,,,,,,,,,,,,,,,,,,,,,,,,,,,,,,,,,,,,,,,,,,,,,,,,,,,,,,,,,,,,,,,,,,,,,,,,,,,,,,,,,,,,,,
12,0.0,2.1607718168191634,0.5458923881033575,1.6695454385492963,-2.883360737515655,1.8681276817560355,0.6339273938766551,-6.519661896036238,-1.6633416852117189,0.19964800516734293,-4.525439752989028,-0.42784390227333224,1.0339555273409786,2.115007056730749,0.6692643611952586,4.700811661171086,1.4868662039099727,-1.314243445762253,1.7119830149176956,-1.5695093525181951,-3.3189760525459677,3.8726098659806003,-0.15570960175377627,-0.537795693175163,-0.7740410981366506,1.2899221180303062,1.858856964911459,3.4638866643363357,0.218393048964999,3.093963236564851,1.1492863618580005,-1.4773649647651994,-1.0733067988436291,2.322740041385071,-6.120592995837647,-7.893233738324971,1.7212239459509489,2.0196394643469375,0.068466309710534,3.004131185024128,-0.4375660430996908,-5.109195326204802,-2.7486958153532113,-1.0774844993599184,-2.1462737225643633,0.6831777486400076,-2.7691721135603586,-5.38537167166539,0.1685015410479166,1.878283923967186,0.9176858139466687,4.7494627356691765,-0.855290149523656,-0.7045929887145037,-3.219536086530593,-2.8748412533880656,0.5160705043965105,3.9036463972830817,-0.9023233779108761,-3.235884948352394,2.3959177383410077,2.3331478242613053,0.14833567963273722,1.7754399238844776,1.4131441644665916,3.9859763909613872,-4.342208846857379,-1.5453617957017898,0.5866498830182765,0.43919434547520947,-0.8775416537135949,0.15747803506132296,1.0183008856906448,2.3338738557742857,0.39698071260174617,4.766850087073159,1.1953253835238529,0.1121917729921639,0.1788746049862247,-0.7443039508133897,-5.684644086337988,-4.676044642208415,-2.8827089323126756,-1.7944705326599442,-0.12754831842891373,1.9827895977003547,0.16863633621131385,2.5167063847129594,1.502936177892915,3.549311234893448,1.5060916944612877,1.2407599927948045,-3.8368533109550573,-2.4381216293013854,-4.234688823632801,-1.255577944855505,-0.00814047050685546,1.7291538419557584,0.9083298570581966,-0.40426937910885036,-0.8881822754475234,0.6833427972023264,2.447018444790411,-0.6364324912021312,-0.14331514334104523,-2.2851261092304553,1.9266956621642064,2.4542404605953547,2.582266130952323,1.7142864818967851,0.1622999092408051,0.8968305513637218,4.66257901013878,5.041879188762203,2.799110317285802,-0.37313678548669277,-1.0120903354998978,-1.0285462496512712,-2.5543319300160867,0.5534630727045978,0.40513500085005544,1.6990791535716754,0.26074512876797207,1.7545392561630744,0.9263089072529276,0.9388706416380241,1.1799942835654937,1.5826538956937461,-3.5017971747503793,0.7225773099310709,0.3223734411591522,1.2508560079400717,-0.13936141134150154,1.0550912031896724,0.6393056166524989,3.891697291905061,-0.653217793434705,-1.8062565355798397,1.961031912824059,-1.603796445799594,-3.494259841953021,0.6230257563700251,1.5659211733560523,0.4649836697463583,0.7274657854538883,1.5139437018999862,0.12399588189599246,3.9735377991318592,0.32193174489072746,-3.281239764814036,-2.0666010638792773,-3.463979867779075,-1.4321282130106074,2.1477186832831143,2.9804129695774297,0.7183641361680416,4.294344971422122,1.9358371424802805,1.223265795478699,2.9113940672467566,2.107584063024461,-1.2757902597100559,-0.35568927170184217,-2.7841692773953475,-2.1746890533824685,0.06295977744139644,-1.9656107951515915,-2.970982099230142,-0.6918811363426765,1.3652815563226024,0.620247881131314,5.351529378099467,-0.20662929138253636,0.9199939812482254,-2.476080410828302,-1.6876635976669383,1.3407923079636481,0.15665337669149085,-2.7000151710027818,-3.247796641445963,1.3753198861294653,0.9559408212405135,0.20407536307591834,4.988547630907241,0.5565997799717692,-0.9247680827054948,-4.008069119101074,1.0389789336920017,3.2163158186931105,5.413066860683724,-1.6937012110301952,-4.7800533302241455,-1.0257242018931931,0.8913801208781152,1.9581831492141162,1.4840771514446942,2.0943331358244595,2.8394333119649713,0.13214558563268441,2.125764446835501,2.2476534619014723,8.06065946506309,-0.27205144785210883,-2.9379296274916706,1.9374157839453723,1.043208208985618,1.081966322015834,2.7993427215614717,1.2007897763408664,1.9213240003991603,-0.32429376051633024,-0.8999065610989401,1.09364361577106,-2.12534644694503,-5.017673001079158,-3.8460852251773354,-1.402697177512798,1.2579904173736653,0.6118700234571307,2.465619123370846,0.21302983826599975,4.547896252575655,2.9215932968623233,-0.6251612286288868,-1.976654228151099,-1.493389003794121,2.1208548454847143,0.756554177521034,0.5661412359523488,1.0133170845854864,3.916367174939273,3.455700012568206,0.4943539833531555,-0.5374365333296924,-4.727972749171442,-1.309168381268889,-2.642892171100139,3.2955743506525375,3.0348901948653766,-0.7063978906782461,0.0067872181326804285,0.822521931613408,0.2659500241254703,1.4796946836108622,-1.7336683446665333,0.07695179792953297,0.8746635854553516,1.274165240887738,-1.353377237936894,-3.1639412098233657,-1.0690206034111924,2.059225155993674,1.2062482283587046,0.9635166675658734,1.395500024764959,1.6459388793920762,-0.43646390046212086,0.6637646214428642,1.841126017876471,2.805618835441076,1.1088056976634773,1.1184716151360863,2.7288901075660097,-2.0125501639015217,-3.5531349730365696,0.7444742517563547,1.2190340765489782,1.7419837647622536,-1.6994668027960167,3.327488945323879,0.7902424793223576,2.1660149976050893,-1.6570666656859314,1.4029423182445118,1.5704963107869763,-1.0446556065576365,3.2194718675608867,1.0271389147624523,2.724802417077548,3.4842467105400607,-2.1070374449285763,-1.523385624408322,-2.9511893699297005,0.5419394522184826,2.638654985316731,0.7957769777718884,0.7642317567499668,-3.182940125048332,0.9782641454018073,0.9075829724314207,2.434098194804822,3.6793598180332214,-0.07791809382757788,3.0210519098449953,-0.1678939015590042,-3.3526099795664157,-1.9582162434930026,-1.3762734290508103,1.5565930800917083,-1.6015601537745452,-0.9364553281206588,1.1849499657898699,2.315545134937946,1.7508426582106071,-0.11597040704042982,0.526258649367859,3.3554803258763393,0.9856124723465444,-0.7815484469659674,2.7443325479099494,0.9390269538013475,-3.5518766911653206,-4.247035088497117,1.416360322881556,2.077751165745669,3.312724424747237,-0.06713210690748225,0.9263122513309305,0.4147225298178197,-6.551265278978892,-5.117375345126813,-0.5419629729405182,0.8915123931597353,1.0347926591604968,-0.6717426480603835,1.2521414584245392,2.3523137623733485,2.429098550188457,-1.274543221918973,1.6915234845983784,2.4442467753410804,1.764789887732692,1.9498941924706252,-3.2687458616768192,-4.0348348282643824,1.5138462847238794,-2.3286654317691333,1.2834138845481062,1.7920777068019726,1.8225736035183808,0.6108302660946526,-0.38961904126524866,1.2906137506573896,1.2762131857771617,4.807204685011238,2.3620403722319097,-3.467289057263972,-2.140769294114252,-2.2317253061574327,1.1184705532199921,2.4189300138247205,2.823745954547191,0.13406950270607484,1.246780320928829,-4.067291203652352,1.8059052415859278,-2.00550779640739,3.199386698669329,-2.991213205296787,0.016403991528474104,0.9062305143968724,1.7157428144876934,2.364870804712182,3.399578679317202,0.6391676025401676,1.5277152569881522,-2.858227530603224,-0.6952209686147804,7.190344648078243,2.9867626515457553,-6.465033469712048,-0.3522680211654836,3.8972932944789136,1.0900649547966506,2.0069566831015577,-0.3582967802680092,-0.6237040736150531,0.9751968383496195,-2.129393033810961,0.023147283472306258,-2.0902941421935135,-0.2596280384026938,1.6491290773861131,3.755846912376003,1.4795166134607076,0.582425870535479,0.8820634801160367,-0.09440613497150686,0.8131074848266595,4.2645271454826,2.9120438526789387,7.804363916970719,4.284091398847093,4.002194073545762,-0.5665423800931688,0.45896372661747137,1.338788013323268,0.8230023211055992,1.5339549371914571,0.7486215737663502,1.4253497714294099,4.332317528889766,-2.0034598458995467,-0.6465244330976629,0.12364337690298459,-3.296386710166623,-5.047471139816079,-1.6422829568086907,-0.21480384681902726,1.3844072446581148,2.4013709948016473,3.976638163683746,2.798826046599766,1.2165557154709166,-1.7488499022979993,-5.5348297072428805,-5.978347765641731,4.221458652949947,-5.591806895339846,2.5299655049102925,1.4163347302644544,1.549377908065276,1.695735042293474,2.317765375531378,0.877348198652575,2.0321230391413763,-5.075156129211868,2.382294457627893,1.3222891745296852,3.8534006682708064,1.2757046480696224,-4.859390936826349,-0.5579371584751951,0.9773876330687082,1.0599984485184253,2.964118515467829,2.203234136662312,0.013225381617942766,-2.196694126513732,-0.8095638418825205,-4.223950782739733,-1.2627862350706924,0.38053305749142796,-4.1089246764801395,-0.5385789147163034,1.8205936688323467,0.23455872648744092,2.0477415020246856,-1.8080313429497772,-0.19764394151327816,3.389545070941217,-0.9636762685300032,-4.73540741227531,-1.430703147462446,-3.828434592710585,-3.6437117356806135,-1.4687326382098318,1.6341594882155397,0.9594590988739896,2.621837472766468,0.7500390065540853,2.331341984569349,-0.7508936588211226,0.38354217722277034,-2.4743006436392805,0.2923692719740452,1.4846988581029978,2.6090227978181777,0.39194491543708926,1.5924782133997952,1.0227390215810677,3.2811840806077943,2.9041674009733045,-0.4293221313993598,-4.328794216202971,3.9472441344678244,-3.4359351134033904,-3.8526934505666324,0.7557961219072538,-2.873470463221032,-1.4829262336039815,2.2343154808176133,-0.3089607147796283,1.1353018942999134,1.0542270050069762,-0.4463410753228333,1.3013121243944394,-4.758736895972692,-6.3224038512096445,-0.2512843084649186,1.0957715009797204,-2.004552225615023,0.2501203425550417,1.5614673998372692,0.8990305609589283,3.0404654107755804,3.511718767830327,-0.44671055981640073,-3.369277910686719,-2.231593314023234,-5.035265609742866,3.5160414851912263,-2.996841178370692,-5.022461389381853,-3.289282228842968,1.584546123341529,1.4081402820675921,3.4006351546067926,1.2063661078375287,3.0461329700528443,-1.6362412641413424,-0.8605898110486979,-0.28325811186016886,0.2029212913605619,-2.4900562159690636,-1.9669957460849727,-0.57370104800892,2.090223451223163,0.9227367584826208,2.9301866759185238,1.5852764121599705,-0.2831789457894119,4.2393719234315,1.6585831962433617,-3.298710510748789,2.420316693666199,-1.510869661814636,-2.369841620970625,2.155162783636693,1.9841167011894565,0.6947624864762328,4.461930226908009,0.9928685288988706,-1.2444162455160237,0.4877031738447302,0.9767906980007934,0.7167740999523892,-0.1631909401875485,1.0210840354829014,-2.6836747379041137,-0.9811276383750398,1.5831851522908458,2.792507770127977,2.3099586935023564,1.729461009577942,1.5393901538706452,-5.718366446015101,4.068203678407145,-5.680892434652955,0.16212214274990516,-1.3784475744784792,-1.0638572900898347,1.5256910564163788,1.4701082774556296,1.6190474653198785,0.09566911654866153,0.11438874956080766,-2.1411549333944686,-6.434198882485049,1.647891172726871,0.040363057838365586,6.081871471257265,-3.728309406587784,-0.7372463076903575,1.644669290444531,0.8622182701931151,2.7509352998525083,2.312343907357864,-3.5619508763952954,-0.8721667868807256,-5.122324842157744,7.917632705107209,2.453600825165689,9.967576174098605,-1.932290651069191,0.9000310758516209,1.3337577483186922,1.3563914473967826,5.974750183090907,2.421890478670548,-2.225353296454548,5.755974694111307,-6.935313345884388,2.8736059789831625,-3.7608018953126794,-1.6598128943887798,-3.2845839269093378,-3.441393606177278,0.3674325729406242,2.309531426480849,4.612447868642076,3.8400139709974774,0.0800260708831673,1.109422617217229,-5.96351926773788,0.7842887032429058,-5.416737081812391,-4.160251220039183,-1.429482454385008,-5.305895090011692,2.5226832276835176,1.3903869957719461,2.4224849284219214,2.651554174025618,2.6490913253385946,1.5041397561518763,-4.796281159770603,-1.6712625700415245,-3.754417747167226,-0.4895759997216481,-3.6410507703946853,-3.03567397716116,0.9192009762101336,1.4320864768248736,0.8965688494459718,2.5566147882637025,0.2756752835688551,0.5248563460507902,-2.017213225555086,1.1897930465067832,0.06794907516162961,2.6877661428542043,-2.6546824604748926,-2.142951301776709,-1.8789678040202702,1.5505173929834357,1.2278251758367273,3.78122626909916,-0.009114937696604063,3.1288837178295643,-1.3683371546607652,-1.6304895120210103,-2.1378019010130576,-0.4387894249576989,-0.9138411985721104,-3.682409785882894,-1.8107837895782555,1.3334529067139118,0.16312927042801584,4.950123178112856,3.469933373003485,-0.09958183787284162,-0.9201192252639353,0.5418145841072652,-0.3108587318360731,-0.31599592974084323,0.9687315387690661,-4.59813922056494,2.817441683361812,1.7188246410584163,0.9199791525288825,2.2469696990225,0.5011136495009366,3.6725880084004374,1.0007716560699356,-0.5889211645458435,-3.2720099448489246,-1.6727878653650234,-0.12323573175342242,-5.0299907928680625,1.9298669253953469,1.9038327870392973,1.0155810226301143,1.1721199698883107,-1.0772469256041517,1.0143317956291924,1.0540266153084625,3.7604334284478136,-5.877746600676767,-2.567536320507862,3.3622701587249764,-4.97616672422794,-2.341038296401789,1.3194968003406193,0.6272144122503364,2.8955600312393313,-3.005225418334896,-1.9904503117161763,3.9537427437795474,2.7656144196539727,-0.2572596313748414,2.261994467255814,0.91402307446913,-5.552803820424557,3.407144530086984,1.6039280882497233,0.02785160060427211,1.1023732193577176,-0.404711118777832,0.0909740434409773,0.8766919654030355,1.1352804072774298,-6.433901725786404,-2.800432586852362,-6.58680758869933,-1.0221387779125304,1.1322048661783166,1.7624138000013228,1.8478637146393544,3.8699331800814507,2.0909875599484797,1.2156048897392224,-0.7080670485875411,-0.06735054996464555,-3.5843167159526073,1.7961031134610137,-2.262189488585877,1.0615717801727338,-0.2572603933425784,1.717095765128844,2.7339525557099242,1.4031990796788654,-1.0278347101994787,2.4931044549714056,0.19318245947242854,-1.7628319421875729,2.366445449440629,3.7131488310394474,3.079017922364276,0.11186928238650437,-4.540639162278815,1.067642380885244,1.6199431015037977,2.2647491957240184,1.7310158760718475,-0.5770943424141279,-2.7217877637309127,0.01320842322293979,-0.40251615792226253,1.5502333084267952,3.079294887779781,-4.109219897171238,-1.972479060913551,1.2517559760781227,1.5531748504548604,3.730874334698269,2.6024330016661286,0.27718859603709545,0.19728571151525176,3.339338240015066,0.11694614753474833,0.6833111259489231,-0.9839423332012456,-3.1063226196312645,-0.672993242153296,1.2813342709696178,1.9583175574679526,2.448401835436948,2.157131127655025,3.267591496667224,1.059131214127562,-2.72518390079962,-2.1059216375140175,1.8530186902177308,5.496128332310608,2.45544833808262,-5.058784058160641,1.7079929042783986,0.10621068547474408,1.441956268489985,1.7773739657056509,1.4614429449183253,0.21049413487497304,0.491728182586718,-3.3671194649414113,-2.756714338903944,-0.7368165232531538,-0.05055437073492895,1.1525744529843025,1.0919601366213079,0.16823922694224447,3.0359737116057937,4.625378299243765,3.3471162584748404,5.0818764585425615,2.764220010404068,-0.9233843127735136,-0.22500745577584969,-0.9055202927615932,-0.5560405768926868,-0.834806150194016,1.1931120805850108,1.7775824662837245,3.2592886391873006,1.1226622843840088,-1.2885472874321815,4.697542433635607,1.025413447308186,3.3090467894650164,1.536564930165075,-4.349426257946525,-2.8391469665022036,-5.57250102145068,1.540936081391863,1.9924764837247513,3.229774100188384,-0.22392779299216056,-2.8732200086445165,-0.5407589024526009,-0.3624400203969048,-0.4321018364003398,-1.6640736057564092,-0.5920620157944885,-1.9039705650501393,0.4233475419486733,1.9866691320918337,0.10413836652134753,2.365762334609092,3.6174458579249626,2.450383506863636,1.3453253800702127,-2.0645688052915716,-2.1332922670539225,-1.3551123148408641,-0.738645485401055,-3.5420367453250927,-0.012735624560821591,1.5975095738580118,2.234215010912889,2.4830361994100256,2.7301001344865186,0.5226898911220706,-3.017444036787308,-1.7233760759878791,1.6486228207266016,2.536467605291916,-8.476333759141461,-4.416136358953326,1.6061058741166239,1.2860393112556572,1.2960713592665376,5.238447618230243,0.4782639869909169,-0.9624907666290932,1.1611590650186063,2.6412749547185532,-0.6278925303549462,-1.548270468951308,0.19874264795781785,-3.7220645220980324,-0.18660217544337093,1.676458067237523,0.898454219779415,1.771249606048881,0.47261163003951273,-3.778160326505442,-0.4620477893027268,2.759774673475326,-2.1324268616056434,1.0989761466020216,2.3914497050250927,-2.7669988013673628,-1.2027889428462348,2.597816768064306,-0.4213584394831383,3.91299014306436,-1.412458093584086,0.7142562448262687,2.4560178943648494,4.104460405166526,3.5576916857462555,5.842989233513676,-2.3016012937726473,0.6542163298477357,1.6322512258463266,2.57136577930647,-1.9857228401064004,3.0778451734640524,-5.7051945464452,3.5442134840358013,3.4110965421161707,2.8566590399806975,1.0580201228963912,5.068177025906489,-3.4057345205577447,-1.3710595689031435,1.4533740151142847,2.1038690406155958,-4.080370203187659,3.9988186747379917,-1.052446092605238,3.021784209090234,2.8141827494065375,4.31494609930158,-0.8054986793074711,3.8228249252199746,-3.8833776032681677,-3.947712709560393,2.5132343003335142,2.181913825629869,-4.303700909991595,2.6378302967552756,0.9157393503179062,1.4397309745782492,6.009257278689649,4.124737038477531,6.598495824089295,1.940825705190452,-1.614497427004224,0.04407738530060203,1.7856752566646557,1.928474744776764,-1.9239090491881206,4.625838846678018,0.655477888891131,-1.885545028258032,3.774708792125607,10.275222449691471,3.9096067456884374,0.005009703472584829,-0.728950117103267,-0.35439714617403956,5.25343605636686,1.7018625094671718,-2.063063928690664,5.655500045838787,5.10577317624684,4.315066704331332,5.607962494633497,3.537830561687231,-1.2843641633516591,5.810044487006019,8.089540091547727,-1.9850079040626678,-1.413891715192292,2.2860861439621427,-2.3201278217727315,2.7442881564920616,5.318376943334709,7.312577499882959,7.687949410153035,6.409190076196232,1.2395331470517506,1.1471669801600781,-1.7873913269040658,-3.1460170087157584,0.0688115688406447,2.988778708841164,-0.4614226815059152,5.086265529507983,6.751038505062196,2.134444753951703,2.964653379757874,2.851025737032863,-1.9023700393510563,3.9921807475192654,2.0346857647765564,-0.3117876250694727,6.806988047937149,2.528472467175242,0.42522719723553254,3.7618386389993743,2.954086201462275,2.0408641922022652,1.5592037643431613,6.040358796440888,-0.22538652972745987,-1.7065148286495535,4.463884431651027,4.69420870192573,6.232489756315713,1.9800807038697783,1.8537463396875347,4.298197957317062,-0.329488952917197,0.37027863101433695,6.074358729156644,10.39127772603007,2.9663255364256464,0.19865835691635256,-3.881253468877959,3.6408203988318664,-1.5108845808306985,1.6916716805625815,0.630141027017961,2.3571938551998683,-2.3732657666389634,1.9487387379428938,6.13892551097758,3.897463562200191,9.623755795034313,0.8563524122119174,-6.192037096678841,3.227254793285384,3.3233380686877068,1.758485585208607,-0.5967279468084994,1.4158029941739734,1.9795679536055,2.116181391128383,6.4964387145224105,-0.9584376093825663,-3.7389912849949383,1.6623998319675173,-1.0097525119585504,-4.1970677717474265,-4.720813541338218,1.4939605938106206,1.0161499435490502,1.1955241536228653,0.6808187514183881,1.59352540884287,2.8602188122579335,0.9047424827638757,3.2306594899601153,3.406059283932201,-4.227160893774661,-5.108351778227057,0.4087852180243572,1.5336686134955613,0.2551492170837002,0.31938187438531285,-2.1387511093893683,-4.641580787410333,1.9871910438767564,1.519504289008798,-0.004289387495524028,-1.4068158021886175,-3.0329436432817944,-5.042408359980226,0.3864190465206986,1.886084300592532,1.1073651774370517,1.9218375760716555,0.24723714725525284,-1.3575755605801658,0.5431447112466085,-3.1441128623076326,2.5097916293924447,2.911845769623605,-5.048606493766502,-2.430048352971138,-0.6263855581979176,1.8038383674308316,0.5893455554117037,3.8913738188815086,-0.06564768936864075,-1.2495125816176644,0.7553515449984295,4.488332702854473,3.1347469682774665,1.071389818641127,-2.702832913299908,-1.4736048873002876,-3.269455710471564,1.68636629460481,2.2759071782688105,3.2967899266018126,1.4538695215035313,-0.35196838878970443,3.909637281923809,2.3392806595259277,2.2174308610507096,0.021786673753660977,0.7800255879547328,-0.5673477891416823,-1.3652739024770004,1.797380642931228,-0.139157378371741,2.7559568956104274,1.0814904978823718,1.3843769718018624,-0.7493762671196269,-4.404003131462508,-1.9354079000212612,3.7749096528525277,3.1682670267152506,0.2255576239119192,-0.5109916190239026,1.2584973387875742,0.02952514722897262,-0.347740701366606,-1.0080008228285242,0.6823027757609093,1.5590279296972833,-0.9930271483939058,0.2937903989933812,5.313818678707852,-1.7182070460918224,-4.600556816366159,-1.078689373944007,1.5235575718912984,1.4220150436305012,2.381937974921003,1.3766836205553967,-0.718888802669075,3.1485173182629116,1.7628904025961067,-4.185224455103678,0.90595869442673,-3.3270757252030796,-5.782122608788315,-0.5964635305745173,1.879252023880145,1.3399293289376741,3.088813249254436,-0.5082143121650243,-1.3627196005168798,2.4526852371044034,2.5648869336370677,-1.1867356104502305,4.117010955633233,-1.2320487481500346,-2.579218104811011,1.806487638726817,2.8619382459801845,1.6718353016602314,6.042484692303943,-2.3465318154461468,-3.126344533447922,1.3675855109060866,-2.2553280749786793,5.3264285294693545,10.560101580595834,-3.3244341579437573,-5.699827295819538,-1.7388204784718124,2.8489083756146365,1.780947863903811,4.95791306811252,-5.489309184048893,-5.481832039520749,-1.0685201419216,-3.362403054743804,7.5463253028016535,7.993327781514088,-4.935426940458994,-2.153184509831262,-5.011490427631998,3.2296781772955243,2.1178122809001914,3.202903206520831,-5.710877266841241,-4.746019932517772,-2.178411305700726,-2.4926101360047768,2.4945797463165285,4.486512937376103,-6.647011591047995,0.02280776066963302,-3.211882874788704,2.8972746894784733,1.5085306735464319,3.141684427222837,-6.132132213261556,-2.714854370747964,0.44751517226898785,-2.5899201706797705,-0.5406264740112826,4.998434653120526,-2.0817316761473736,3.9897338856552946,-1.1527923540072829,2.6085702865362044,2.4250334811532936,3.7273753322645584,-6.797010522492224,-6.691385648956842,-4.094805117684168,-2.0373860413268114,3.312120855953571,3.357487129980097,-1.4622881024670682,5.567901482172015,-0.8200006799817106,2.666387204757533,3.5725790049688992,3.1075414163006307,-7.872092495240706,-7.572404492561405,-7.832136007246205,-5.8956462331863895,-2.635768407811997,8.10942631890432,-0.4817743152793215,6.176604594871366,-2.3809822268412915,2.3788660762023794,2.3322171355786168,3.865574791218921,-6.85513103738271,-5.333098385564522,-8.208548816753273,-7.9932023437377335,0.7096539892634824,7.208206551633514,-1.2110694202250325,5.423089349198379,3.923864207810542,2.0078718849684023,1.368772409106324,2.382272583544518,-6.214554184904208,-3.0816959330176115,-5.769185820859657,-6.605267662848979,0.5154972777213169,2.8778243549873834,-0.984715603462556,6.00537252078856,0.2519331752357309,1.5506116293552628,1.8866966695352483,5.485678056392512,-8.491856169405736,-4.498151471579291,-6.093330756121472,-5.133965044071336,0.5623870269952452,1.7409828670563727,-4.039408302361504,5.262921564758833,-1.2735975377247617,1.864214363799184,3.0246994155955313,6.783270276351742,-3.2564414552025718,-1.7112386238423916,-3.552112646569762,-4.491921423596982,-0.5920422032355191,0.19297194841386106,-2.3387744918522952,6.580172258397185,2.506289507272627,2.1750649008285206,2.163178863629974,6.254349243592855,-2.0402320746183897,-1.4562942862341968,-8.276422666714863,-2.9002121862306294,-0.09950064343462395,4.228040929814861,-1.3083691272819122,3.7753192919647804,1.5822460923305934,2.445753281146904,3.8008308427833346,6.0787977276749885,-4.066632244141574,-3.0003615868600786,-1.4359661116400828,-2.7433275429228026,-0.35994326871490057,2.457928033818567,-4.248620211896837,2.871384678602713,-1.8793374066245694,2.2218728734358804,2.515609370304957,5.499251609611517,-2.1067636493946305,-4.1034833754392945,-1.241213143100132,-2.365888898065082,2.2097817849559296,2.3919911767487902,-0.7125123036613417,0.4737411397079947,0.9774852646616365,2.4149295968454427,1.9496473505307181,4.2518161038961075,-0.5493271993707853,3.7267680293122254,5.849560174944016,-0.3667586830232581,-1.3382145920193245,-1.1169607059220508,1.6136684131994858,0.6482579890173175,-1.0746749253591603,1.9960754959941345,2.869244627907449,5.158100885365414,3.5067907489418864,1.1852996126454547,-2.521386123642077,-2.105009895537113,-0.048537785856087104,2.4290538390898484,-1.6633051035417272,-0.8921759789658872,1.043147423551304,1.972609334996231,2.0801855196946724,1.5477347962530805,0.6347755396519139,0.8763711477949596,-3.8647480385808377,-4.178959992889634,3.2059687823650096,-0.1674137163429846,1.116181991904745,-2.0674027826680064,-2.407312023405671,2.0827985263689595,2.7147076312732157,2.52129472921219,3.361649723134906,0.27615108686901324,-0.6291475910777633,4.1025530650950905,-5.29470644654226,0.20849578467983032,8.087881709524918,-3.1369261699491786,-1.2536674864934019,2.0077425230537767,3.0767064102256083,6.019468106416595,2.7771130170547234,0.16840913288436135,3.064179722382536,-1.092717405437139,-2.0428481818378423,-2.2542841845346815,-0.3276575111420272,-0.6004850450101411,-1.2935108133772797,1.882770534577683,1.73193275852339,2.92752819211557,2.563790931269961,0.7392125385977718,5.657082973897647,0.36960891311959787,-3.3710296915449995,-1.8539569245401388,-1.332852095564654,-1.639840661391582,-0.19468544653436304,0.9723639759624856,0.9787499275199674,4.198762252919555,5.15972255505852,-1.3353882978739586,1.2448519739865855,-1.4553208301363838,-0.735372280986321,3.89716393323074,3.9881441176531314,-1.493184383740219,-5.276101754126236,1.8823663877011765,1.6746429210158187,1.3620688865258666,-0.09504592992559555,-3.191327594803157,1.5342472037810968,-1.6834023263015265,1.3561613058047932,2.520546091988005,-1.4750747265490587,-0.6281164556775051,-1.9693273426893376,1.5158850162780133,1.2645984763153797,2.215434342434825,1.8202524900832115,-3.3461939252399118,1.4823925691500557,2.9532761041579025,3.909742174012932,5.65781913004506,-3.122035401539727,-3.2583770830042047,-2.295841246977403,0.6644588402320446,2.2220318798234953,4.119029849608967,3.0685837163592313,1.6102951494462268,1.7235808844885185,-5.635595121710914,4.848476660898167,-0.12470087476360539,-3.1232150432181713,0.5297047557922234,-2.3827984040448666,1.4401869396107951,1.5243990916767296,2.277080314712427,1.3676669381070738,-2.7497315145482584,1.2562434738002926,-5.792775155000357,0.4536970268617728,-1.7694053121558007,0.40782292475787496,-3.2925534710686577,-1.6991629210610744,1.4298334508278485,1.4654502513683176,0.025675118717262357,0.1552053464234954,-2.2132095194562997,2.5435974920411306,-0.12147213600038667,-1.226114974430629,-0.6845241991062506,0.9922611375892544,-4.308556306069968,2.16988800792064,1.8597144501803358,2.62668858059862,0.5858333931140022,3.1001812206272956,0.26733942161801394,-1.1381730747205479,-3.2694670247377755,-0.09920280654043506,1.186419806382236,1.9228370487290354,-4.245446661525945,1.6653192963201384,1.653302950292202,0.8259092012428629,-0.10895694665040666,1.9154137191905607,2.0645101072228056,1.611404354674954,1.8871990608275675,-3.0723396157827167,-1.748963631128304,3.7773354007710482,-1.2554816968305107,-2.523797246908213,1.248356529435422,0.8397006672752978,1.871042774362433,0.721139049491177,1.1224489990790594,1.4376110974984722,-0.5885078345854494,0.6805271089356443,-3.5233947863166737,-3.617196875907158,-2.2021152375533,-0.31636072317150266,0.7673108462187482,0.37020548018324684,2.3066695334714504,1.9876211125835832,2.538644688214028,1.668969935995762,1.4219136099449132,-4.010969726817298,-5.842375832337528,2.64450976978395,-1.6421326236967604,-0.08835286281974547,2.265784065881663,2.1484940013086717,2.757418681426177,-2.9443281650761928,-3.8495468176440806,-1.2328803327277928,-1.86829344581002,3.2194935750217355,3.997066875092767,2.7022698530713494,-2.7015810511089158,-1.0656524923877397,2.7893451384598085,-0.030342318171642534,2.2009321468387166,0.2523903355898032,-8.343074538605975,-3.533488967364209,-4.479719405833441,-0.8549660511336467,5.645431557241859,6.132766589188859,4.162437107484342,2.3524592518316902,3.0585860767512245,-0.1849015364971568,2.4693566187387255,-2.842837188284139,-6.990899543753371,-2.616919677987807,-4.255933385277996,-1.9664153218667688,1.64774540212623,2.4849889962910767,1.8385595924074587,-0.2196953925947671,2.7735543707883403,-1.913479604581465,1.3508331089319028,-1.2668594986100794,-6.84522982772926,-1.7989512151024971,2.6655974248481296,0.7070868723731165,-3.3918966404870097,8.437135274275455,4.811319124754531,0.5952104615478864,2.4761525042118477,-1.6482874223582533,1.175108071896297,-1.3456576381466028,-5.375034951955317,-5.508728722117863,3.6112123210292317,-0.964703117916476,-2.422984099640484,4.219809722851942,3.015102136428442,3.583046034227497,2.401254901094491,-1.6902743348436813,1.5435112259320725,0.48507718412646544,-4.0357710307424846,-5.442149010996632,-0.7265651254129049,0.8339979769973408,-1.546014195868306,0.4193942891488499,5.959937180472398,3.832285026673273,2.2357607758850935,0.4955214365152705,4.737688205082937,-1.7976865801821837,-7.376009919890848,-2.2667178402501036,7.320409094940812,3.3309441047236286,-3.03223076060759,3.2824819156519744,-0.8204504270311642,-2.888283549961559,2.5755965535721304,0.809491842761576,4.344176198927626,-1.0454628052646346,-3.8162796598161512,-0.3979882909372349,7.563716779887055,-2.8203576450862418,-5.235747103329899,-0.29611734374446125,1.2749751011153874,3.1054979651357346,2.2461866809237163,1.7225158795761368,3.2560077331458612,0.04265799863675169,2.5444645121285623,-1.0695131909949254,6.563678394392022,1.25036141838696,-0.1282925825172783,0.734227708530889,-1.9430600923880526,-4.080938319278773,1.8601488006927902,1.353658247809526,3.935370432248025,0.10359081259920086,6.068369427310906,-0.08045660509951354,2.995497284303902,-2.31654082862132,0.4794455476436186,-0.8923977530471694,-5.361593088155651,-3.5864429576435413,2.2615168663121694,1.259576020191227,3.411922372316909,-0.13707258213119086,1.8876929073687576,-1.9984484205451272,-0.38441204286614933,0.5586351951275188,-1.4538872902060593,1.7586443878784335,1.0557805444723052,-1.884711832615226,2.170565475022755,1.0127259323273887,5.17289894976102,2.643589552899606,-0.0114466656500497,-5.861886222149049,0.6313145757927264,-3.609895974258312,1.6713291881706742,2.050827629622569,-3.4853376956784574,-1.5465105654138454,1.9411289771462117,-0.9617653378497856,2.6652507393920235,-0.7226838851841768,-4.5553824903131,-1.142643540195392,1.1491121773380684,-2.8487505570901557,-3.3089958117974874,0.9359782331231155,-2.1622721256457322,-1.5382180411534008,2.543754820467995,0.8309885511251118,4.155438785404703,-7.408667458074441,-3.8117424225138103,7.768082183209067,5.38196969820305,-1.7329179834310728,-1.140747502892775,-2.3840455003418652,0.4059370803753514,0.47494304716950253,2.1255049895657034,0.0909813199964291,2.627226035937772,-11.897254093966078,-2.834522598165563,4.770544832309136,-0.16611483642998803,1.0167527235851705,8.914057400264587,-4.055853404095442,4.311792884211202,-0.2518953748800386,1.9228820023825777,0.4041032385145386,-0.18864612741074652,-11.012988107874362,-2.3177615159654006,0.18351554631159464,-0.332854990992068,-2.187911528830816,3.4464124719493023,-9.199861165112384,5.417321916960093,-0.9549020923621246,1.3175521203576175,0.059081502242729025,-3.1896162001220603,-9.654856978732129,-1.3738859490683253,-0.863931990885004,4.251244209951232,0.101083693948987,8.252382514215274,-3.856250757860943,3.480388702100265,-2.338966137315345,2.3801043572957017,2.13839841191877,-1.469184570522872,-4.688313967318315,-1.6672424955897776,-1.1778087151093604,6.098786442818272,-1.0296880326358342,2.4368320009025384,-3.784696250615166,3.0120750524863973,-0.15166318411769578,2.628907141206559,2.1117459921739106,2.4849142580277648,-2.1459730189965076,-1.1540693903046328,-3.3993966930295056,2.559889527018577,0.7834448227539663,-5.204905505751787,-0.9387140745843836,-0.5299772005834872,2.1331819609987988,2.4475633138221866,2.621349458143088,2.9567295587064155,0.22958735673812627,-0.7686456789471607,0.9346910670614569,5.056917184492496,-2.779799668109701,-2.0025843365810743,2.085236525684707,3.3431939691715162,-1.0032109584144466,2.2725145643227407,1.977403551937432,2.722289639013336,0.7509254089341121,4.469922118203967,4.220677950364203,4.033610122389628,0.33571454305664145,0.6390331897166946,-3.6663909529199805,2.3958524484779007,0.205991958851782,1.9699678706152146,1.4560189797992873,3.456439140236767,1.237258162978713,2.214034341412618,4.877159702051504,1.515424608140224,2.4249158315061523,-0.002885393892141951,0.20069263245277408,1.5669903756072396,-0.8810636667376248,2.640223893130081,1.6786023795554088,4.39674443280532,-1.468256948757567,1.650001042994373,6.321637416062823,3.2469471298345853,1.8832711875880936,4.683722245250017,-0.13070176950493703,1.7040260491507295,-1.4879991239183283,2.4110833326379026,2.314936508154787,5.855583686666832,3.080590662822017,1.5222827922637647,1.1803017216934226,0.4697704656883452,8.130026700829523,2.1432067420393635,-1.7002417957857097,-5.820916522509137,-5.732445617956858,2.0015767571888343,3.0857229747150745,4.7682725807995014,3.8906340766419545,1.2256665406388827,2.8993473775160377,1.3628005346714707,-0.17138666943830141,1.6468426962054985,0.999267653971024,-3.4885591494514046,-7.632345773932007,2.5040282644899854,3.058682301227847,6.37469730150952,1.4566624792137184,4.410555764739826,4.204303542833369,-3.0366551082545183,-3.039516665945552,-3.2362422154464423,-0.218544063058501,1.951638631798214,-0.20029451199542322,2.7811310849167743,2.858960523409424,2.1156558173042055,1.978428866782638,0.009800020761831443,2.1716698975269666,-0.8212073145668213,2.889283041418442,4.786949313877938,-0.5191518727898521,-4.165822646329252,-2.127214398510531,2.4925766172137105,2.6104360159372875,5.231711902229804,-0.6477329997466514,1.2114770365065788,2.4028991325936278,0.7329037704002238,-0.8381491564545026,-0.16684234383118823,-0.3697888676864743,-2.8955155628284954,-1.6938626687119047,2.9631147205130195,2.497790537764625,1.8415581112530528,-3.520137754081721,2.2802024930556355,4.960814792699199,-1.4026960294879163,-0.9999783132651101,0.57323009697899,-3.328701885118637,0.24380642781227638,0.9542023674230041,2.0253385005709723,-1.1265206708490638,-1.488648042128697,-8.443975742700207,0.6553946094727913,-1.3620315462059513,-6.23419588430702,-2.865753567006131,7.544171526973741,-1.1032079522555367,8.139312593695864,5.694929829508785,1.8104711559256894,-2.035915131697247,1.2258456173382724,-3.1171343029680267,3.7870481454019704,1.1724642796084568,-7.48503148471592,-2.0008187671488824,5.656865314524534,-2.3799567112413658,5.087419421762348,-1.0692067931477873,0.3309789630156446,-4.006761280191365,0.2914143327154261,-2.0011516753403082,-0.6602479312230661,-0.009329146066651316,-7.623555497001293,-0.031999078811557266,8.490093070418226,1.270964080823532,10.099453664227756,1.7648332927582184,0.683693921388628,-3.3890412094021407,0.7227123907661981,-0.8420516169668257,0.10593760680921548,-0.697685333967282,-7.281487188930888,-1.8613057860072213,7.611571909642387,0.22440917484000508,8.057505886985853,0.19772578544532549,0.647876708324203,-3.0366799408143557,1.9812987978027996,2.6809344338088295,-0.16689520456035348,-2.3725257651165426,-6.915373245688476,-2.8225444879669577,3.293559059173029,3.8594475818618474,4.691463511360311,-4.781575290391018,0.1468070146593131,-2.9895235223461967,3.25364394409806,-0.03133824764696005,0.33720972909378466,-2.306225790298281,-3.872822621056173,5.627099516269881,5.210973563731344,-1.3568417772320254,8.029546031969465,0.9786145350334479,0.16403059557019545,-3.462089320427451,1.8573006893242807,1.012976543895958,-1.109187978623763,0.2195308842509808,-0.3004247878078741,2.907934151414402,3.824708537899594,-3.3310015401431508,6.532184307452836,3.123066748223443,0.6841851230391062,-3.040783898517823,2.0377710565619793,0.2368182765890857,1.365653198567841,3.745577355649845,-1.8827809602988814,3.0367707624999767,-1.207762601205004,-6.381998322513888,6.67092379739841,1.74403010872194,1.2220244978080288,-1.0797868223891225,2.433976665277058,-4.058188859835982,3.8393861569908188,5.390571979356404,-2.8264885525154275,4.4446646240139005,-0.6543062291867399,0.9165595030460837,6.095197598638488,-0.11255251788263118,0.2765364770348519,-1.0601217856365812,3.9763404996819793,-1.2854781829580106,7.606417326441207,5.937859381325715,-0.9004838643462358,1.1235912538904549,-10.817174953296954,-4.866084789888332,1.2781918120543336,2.0240017506539467,0.8522354004715221,-1.3414704442299867,1.8422117086909977,-4.407514303224779,3.2161818303645897,3.4063262558665595,-3.331278634757155,3.9296972082122035,-8.217702858180067,-8.891912604130559,1.4839716658608026,4.75577474402246,0.30241028198336944,-1.0782945050303483,-0.49337157004052296,-2.047368810081133,6.375007206848914,3.1389987464956643,1.3656408932843664,1.4579919870698617,-4.325266222376694,-4.359140648435154,1.9791395892147214,0.9502342188750265,1.5528968954162004,0.6025945738132344,3.2387447972484624,-1.9649096207391281,5.452707308103918,-0.4638830381337297,1.2768672571965054,-0.42548611402092507,-8.164409643824749,-2.2271102844366624,3.7958460592515135,1.5731928989204436,1.8138771197711723,0.22302850973233562,2.176248202787036,-1.7297393321082166,2.9335285882458617,3.1327735834429644,1.6359354809939028,2.041693418532372,3.913912392883905,3.678330618524624,2.3406564741485516,0.7534441092466538,1.7773217149063032,1.4558796882059892,4.703360488092539,-1.1716250874109755,2.084341411958178,-0.014861795014209664,2.340576038732224,1.247792801657096,1.9863017901595421,0.40343897402119355,3.4099271397725275,-0.45168938576464635,2.271556391067031,1.809753519700063,3.6578950391122134,-0.8293242130205841,-0.4980201695897417,1.8514959451077944,-0.21045262792875427,-1.012513624196471,1.7140574408683593,-2.904654759114765,-0.4669343965084971,-0.7498292047349533,2.281259646884482,-1.0076928981332405,0.6269153964379858,1.4886211166080694,3.2936128435334195,1.5197549005789759,3.750466287578687,4.501003050143146,-2.1506991321648674,1.7071947900453497,0.5138906267688356,1.8220601244556929,2.01945660132082,-1.4074576081251562,4.121036656984996,3.0383545250185113,1.602126323027749,2.7020253923107016,-1.3292240186224273,2.696537709990459,0.5024152040089361,0.1918324414072106,-2.059710235959809,-1.5597239034550552,1.843765945464277,0.40266164075276845,4.22437148103861,2.6169679163638135,2.4081388680867044,-1.9654422041544686,-0.889142716260142,6.733998303903711,4.5365353164503475,1.6318947001945507,-0.8957187607470865,0.17383912167734453,1.972571856937058,-1.1662795819417815,2.762809899522185,1.8242081179655694,1.3001089616976906,-3.2125837859565882,-0.6107704758316581,-0.058785091717082225,2.4355937002762986,1.246786601388972,-3.162102293259209,0.04163749629841219,1.7093174205077668,0.23272520208902722,1.315672356998354,4.226947640555366,3.0520657454356908,1.1998211171392195,-1.7308728260521478,-3.8452512293763417,-1.5294350722846275,-1.3360090584715418,-2.6765998908716995,-0.6750907941768796,1.838220498291341,0.7745477462379573,3.9760100377986367,2.509360709861562,-1.92775532503769,-1.036555080005696,-1.8966449096396183,-2.411143336488862,1.12045478856523,-3.217975255681135,0.5864482135573892,0.7971593614383399,1.6243638270818084,1.1076691741643014,5.60837351713299,1.9254599636081988,-3.0935492290309488,-0.9847870392930514,0.869161436573861,-1.9401767541438484,0.08267464918091973,-0.09753288917612107,-3.3363084960957816,-3.5028200264532225,2.0381242047007606,1.6658329861129857,3.4762425399386494,2.8870849363217626,-0.1691292378376902,-3.8382388240301317,1.3716019030032982,-0.3117695449330051,-2.1472981773616233,0.31247672099391754,0.8520393632840798,0.2860123549239709,1.5512565384541692,1.264987200974079,2.022687984827596,-0.40868305555849616,1.8410779385039668,3.354390152702283,1.8476027474339614,-1.3640779374037029,0.3510432373387358,0.23963850828289787,2.7650692087735513,0.7210340743390513,1.5480200419237011,2.0333019667399648,3.1926806888287573,-4.76224844850774,-5.981828850405975,-0.03941621575711553,4.4188713186137045,-3.407013072624826,0.12543668343756612,3.64127883274949,0.9197582834626343,3.452339238058313,1.3578229418570145,1.6758503457556808,1.9019661673561694,0.36035009989964445,5.700972546374523,2.9171874152735726,-0.16942941347745302,-6.879433586727375,-2.0790045323581703,3.5972711017994,4.393078157663354,5.4827499897566705,1.5079205615294904,0.9532755631815276,3.506054858533407,2.464048863353211,3.3366032991866414,1.9208707114785484,-2.5811284842461975,-3.6175005731603393,-2.676400467593685,-3.1866748498333384,-3.4832243884735563,0.0968958298081444,1.4937882510500593,1.475447969159148,2.014883481339501,-2.9456144376625213,1.7764991313199427,1.4268102030071335,-1.1497192288505151,0.0714181700591753,-2.391131009800349,-0.32187434883047505,-2.795869475689601,-1.888732233794859,1.0407401756378503,0.7424372831234491,3.4638303301725837,-3.6730138439238984,1.8708161455877734,1.1009885381704418,-1.416236342798341,6.191099283759537,-1.482144889550378,1.911764139039459,-3.580653441835534,-3.430778513830934,1.036333319366731,1.29921854892798,5.65493238574747,-0.21392192874005408,0.38114212978529427,-5.273999525977605,-0.6006085150813213,1.8200132272757734,0.4917233413469171,3.429688261476054,1.4534851813778535,-1.1342142402476385,1.28057971382207,0.2479861510477813,5.4577456345726,1.8045398835187285,1.214748339239724,-5.635614224035908,-3.4876457571863453,5.930228727456458,4.435958068477874,2.0602993861475016,-1.937722966831364,-3.2654693676199322,1.8545583225904545,1.6093503740532755,3.039766732443554,0.1121971758217592,7.862082459791815,-0.7656219114228632,-3.9317282357607106,-2.4824117376878427,-2.1496372581701904,0.10502364802921035,-1.3400340250259875,-1.3990413563121773,1.7446457631546115,2.259020181881555,5.69563183475673,-0.48139979173615377,-1.1976364809832982,3.619937174916531,2.4894411700315278,0.8170288289206211,-3.333452113763339,-1.932252762565698,-4.4314023346368865,-3.4652982019198317,2.025411540248155,-0.7248989907588717,4.291738921692489,1.8336903205393975,2.4298272847956097,-2.1391356134240485,-0.3369724734519547,5.412760952802133,-0.1364609521473244,-2.6752738495208623,-6.035198823065657,0.6508158039777925,1.9199401500932987,0.8977000439298976,6.537288086323284,0.10031361217951269,-4.871113342269142,-2.6451933779401124,-2.015379567245843,1.5499125208853701,-3.997447739471164,5.725791509386283,-2.231374143163117,0.7044109955963812,1.433825797987496,0.0600374416857424,6.10982280074516,-5.0080166299890445,-3.3967391204533706,-2.9296973208815547,-4.0962975897596365,9.214559395703992,7.464346986930598,2.2695509133445855,-1.584787538989473,-0.3657527735902711,2.0417344008919085,1.240377239342253,3.2523362802945295,-2.1854776084540295,0.38533820220412934,2.3795424657657205,-1.569623951017254,3.7243731612925948,3.586487283554537,1.2323361938299233,1.3103872262259968,-0.3299155836590776,2.2771467324367602,0.25570221362781254,0.6402458721539602,-5.765493385875073,0.7418991473891771,4.668298274647006,-0.22169290366244324,3.9949094053169834,0.28190273455954534,6.419953619553992,-2.210438088582519,-4.969344553810863,2.2619861429664785,1.0562705315235612,1.1622751412059462,-3.831525578351497,-0.35544855227068206,-1.523835417908143,-0.5414192065116687,6.038001832831449,3.832163055054474,-2.961317461348998,-3.472080444163735,-2.9948942362350657,1.7111545172835505,0.32109368729064125,0.6526509895180508,-1.4001077587456199,3.2704099812384633,2.721798960220264,0.1524964993116294,2.3749239728124047,-0.4926712345001345,-1.00358923993115,-0.653170597097719,1.3539189058831584,2.12458099259139,0.8886833737584732,1.6289815212878946,0.8506531738742542,-0.20976350575061894,-2.644203089746961,-2.9000038987394654,-3.8482685281434645,-0.35730658563264467,-1.239335135051309,-0.7910066145111824,-0.08566676220767173,2.0930326089166664,1.3878317883177016,1.721182644447194,1.2044343351836408,2.124371933278693,-0.4334816755251251,0.025567411759837008,-2.1645812880855977,-0.04473679555395301,-0.8941143812086654,0.3691761503512608,-1.556944041315444,2.4609166169588694,1.9612382301634081,3.3974719658914645,-1.7952318713007596,-1.3219494498153948,-0.09928474113261748,-3.6438554069355895,0.06955415923680248,-0.08186385124977132,-4.298102181353586,0.03683981636860374,1.1558062575399903,2.1681780148886287,0.7087556035007926,2.5628397964837926,-1.5153416079269493,0.026244563686016055,1.6475003027807957,0.2475001190446303,-2.465622943669072,2.281733844752566,-2.8558651314868055,-0.2209696830062395,4.827730642370966,1.9504742763568519,-0.29114437747283994,3.2793999179722655,0.3655336904707603,1.4835781230604441,1.5936912502600504,-1.8123311365639438,-3.0892394615329497,-1.6458948237683955,2.341101268699661,-1.8908963705128323,2.607698349121007,1.8201636181978726,0.1476764650246791,2.1252198638430544,1.2832050738237695,-0.31493072153436075,-1.7497602426332817,-5.183944020444114,0.5991084031516922,6.594891590796749,1.1990705724101158,0.7432243829746139,1.3654542530384282,1.9247857827907744,-0.24972237312346007,2.79593994593013,-0.7007579875017254,-2.961713879314544,-4.118283518054901,-5.145555994147512,0.6539778991950861,0.6051272617935123,-2.5719422247680104,-4.760094537797489,-3.1524084160167734,1.646225841418312,-0.3509532584752887,3.648514865758461,1.9146637639041344,-1.1361947497293188,0.43601667196552313,1.719167303553456,1.317661976068148,4.056191124966034,2.7341203139142447,-1.8620873046175657,0.40602525347023055,1.710841438567676,-0.4837664260806623,1.5421427943909074,1.6964194426284795,-0.3747202194358965,-1.4671062999768363,-2.1221355373429143,-3.4445849510813726,0.1765143079213291,-2.7253294227121536,-1.9179702959083198,2.0568885702407185,2.115098795196412,0.6124653793479294,1.7140947348676612,1.8989481904681806,1.4951229029184185,-2.1255075679501534,0.659613313643442,-2.1561656020018836,2.6489392209556466,-0.28737793139691103,-2.5427301824912187,0.03672153292343571,1.0759590132258674,0.6648140567860877,3.300709309316978,-1.6066209216310974,-2.706045509136853,0.6579567906802517,-1.224563602487722,-3.871273181615604,-2.610599766612739,-0.6027973158299934,1.4722962746786559,0.014374641131002636,0.6191570862516227,-0.1263360717786062,3.017523037802836,0.4328117595843048,-0.3848143416238299,1.7982980029476012,3.21326127899901,-0.4727327804095175,1.036446774469605,2.044469461525418,-3.1533195817709108,0.02142145269138067,1.9104898374502006,0.12209914533992798,3.415162379841145,0.7350887527531543,-2.9210859879534787,1.1862324262795478,2.2302655360460246,2.3137360683407873,3.4965663557211313,1.3146232573158947,-0.7658489706417619,-1.529307705479038,1.5562152188757692,-0.2448490867637124,2.572211526781308,1.5205752797926342,4.0522065297598004,4.441450655036231,0.6368755405673157,-1.4012132847255867,0.39504731844785,-1.8715883292634699,-5.347112979555246,-3.1052918147169684,2.0863094796889428,0.9605768288974614,5.692981771145375,1.5234318934676454,-0.9199047417695619,1.2742936604714556,-5.571567713594027,-6.8827376857276175,0.3092499790050729,2.0375883087210767,-1.4674293886225114,-1.5760326775295015,1.6150553654325286,1.927731855577088,4.160948367972736,0.285992527357539,-2.94639708864237,-2.206176448448118,-2.89130394479956,0.16220947574376635,2.252304650854164,-0.4547588981018894,-1.2100501695510242,-2.797846006378289,1.9579925520621693,0.4736880693124001,1.5612733908392897,0.3849836381200917,0.16867639590909345,-0.6561279919549343,-1.4906912525947091,-3.541269936037809,2.2675455440932173,2.8715696191298057,-2.350892649900188,-3.5086926440009387,1.5792167126038756,0.16179329207183357,3.1095963350563314,2.467362956953759,-0.7183159170029544,-0.7051990595624327,-4.063875972691179,-6.875607198269907,-0.7541574505474056,-3.6367718718239255,-2.024113784892125,-2.0347010999282773,1.6541908168377373,-0.507527615919782,0.19144310521892074,-2.174154952916672,0.4063370847051794,3.51608053923675,0.5098545783125323,6.1669559417861155,1.3933216476745311,-2.4215843126855967,-0.8591584812606413,0.18673751409718153,1.6029909422106527,-0.6388785795395988,0.668241514670002,0.21948200735543832,0.48994685949788047,2.6235700809600337,-0.14750633456615309,-1.800999559444316,-1.4570232195926196,3.341285470154818,-2.2529804314529494,1.6283623046874658,1.8917203704239864,0.9526244039706467,2.3199790094603747,2.381454042968495,3.3339957159526366,1.5645983098012457,-1.6736713618189045,-0.5051807659450069,0.354052104447933,1.0695901349787833,2.0729807889333283,2.7284605657883985,1.5822094619665394,-0.16863304526041828,0.25347854052587715,-0.5894879791868807,-0.33535400913186686,-1.571011454692219,0.7965396753376474,0.7887867106330333,1.706348497806517,0.35804639642174974,-2.067801851151606,-0.972034553378944,1.499368518955465,1.0432848683704394,0.9415419624992422,1.627575187757487,2.200120132621096,2.2241023243592037,6.124298523400529,2.524707452784841,1.6227717882697572,-4.753092357546018,-3.601010072580989,0.3936120424319457,1.7555037658436328,-0.4564273455565806,1.7680470042084466,0.7897250205207004,1.7946592612913228,3.75193628986632,5.463308966576225,2.4941019706454597,-3.356718776265885,-4.976490510708502,-5.855980849613946,2.405812230490123,2.605852473755348,-4.7526983682226005,-2.101108705167884,2.4857554691869908,-1.521461417151534,-7.309725046092457,3.056065241221133,9.141096883158372,4.845842536760549,1.548557760992813,-0.25387289114324924,2.093016665488106,2.809002548326263,-6.182079214555553,-2.86560502346397,1.262338511226332,0.9026953198235519,-4.376407837572253,0.8605268601229364,7.236729925945208,1.566343373689255,-1.2401924841174585,-4.337023430733998,2.27534549957394,3.356520136675408,-5.072512083508987,-2.9604366750278515,1.5686174480450388,2.3663493159681526,-4.529350310099875,4.512040688937173,4.8810689283386655,8.423854792488576,-4.1302043391547985,-1.856185677403826,7.361290595555868,3.4445330865146553,-4.640169436778125,-4.664845076729872,1.20137747806234,0.05896185239113631,-0.6925347930138911,9.039530010548873,4.848212456999982,3.2739467851887505,-4.066440973297024,1.565440529740239,2.863453276866723,3.3036987410529854,-4.393627449425786,-4.070794368434899,1.2347643969270683,-0.5755828010898182,-8.001072599029955,4.147887940088878,8.66471697458084,-0.7099763889496551,-3.2033311240883298,-1.6347714876863255,-1.731468507416095,3.450967441137085,-4.053978393522475,-6.111165742307094,-0.5058889583943159,1.330072704659153,-5.787337510648617,5.489641770834146,8.482882157156379,-0.02370125921648536,-2.334228078581713,-0.1349056070102647,-0.7829822044366405,3.4310403977562434,-3.1525922151687684,-4.271866112774928,-1.5759224790537258,-1.018433193639087,-9.219066490951127,3.783286611877059,7.71200671919893,-1.1920272695595204,-4.092021804952229,0.6105593572774387,0.18618679793189502,3.7215870543560157,-4.44146871382248,-4.151058552429915,0.7340675437204909,0.7182710774166862,-4.216384817514862,7.394278413773272,5.324767114001273,4.349363509054328,-1.3555255332765996,-1.1337401017964193,-0.3284205159212529,3.461776794282025,-5.044221579736032,-4.903793581636386,2.2545035897221597,1.7486913784358784,-2.3271241042776523,7.890735704410216,9.622786511172855,3.759626204849965,-0.9396088056203733,-0.9497209001590432,-1.3119375017808708,3.772134910712853,-4.21633522738969,-4.799863619168441,0.7139974269262914,-0.5593191926436932,-1.9751609088214284,8.339365871843084,9.386071908035646,0.7617416421957314,-1.718194153160546,-1.5492673301379947,-1.5134772158049117,3.6115473961953706,-4.728241883409698,-6.653933243428846,-0.4468376948518496,-4.570126561751424,-5.223663969842182,3.2174231279436043,8.178917200644095,2.9796773380847354,-4.482087234638449,1.9979366391554088,-1.1737344713160496,3.688729282288103,-3.86373262883769,-5.412738570212953,-0.7079037389625591,-2.329781657168053,-9.0117795504379,4.246762454407315,11.903115035108954,3.2988103080800535,-5.814657038657254,0.4577446767560172,-1.23780307490114,3.9013513517187306,-2.4851771847548485,-2.995482125792793,0.07689385115209738,-2.8899346670415924,-10.438096011246484,6.321343894917268,9.319920011019759,0.6824990183965763,-5.980108204860263,-4.260105579151563,-2.1474749322752618,3.557955183066016,-2.5452787840630737,-2.4021875776047104,0.1829783567958654,-6.647536507040018,-6.542697143981643,7.7695830001996065,9.4789251113019,3.1749594142638804,-4.385208819106562,-5.031271207236915,0.09330004014959992,3.6698995768814204,-2.6730270011871475,-4.969286781577974,-1.081665433791506,-5.993453182836677,-9.891943397821858,3.432989928741866,6.111955013296629,2.5374237939293662,-7.7598425695746265,-1.177220674222996,-1.7361600733160802,3.5153957526512705,-1.497299615165751,-1.6386500249266445,-5.101619369007577,-5.891257388945243,-6.906443253979148,-0.37296383115552806,6.067851654322137,0.1580533589525741,-5.365891907729723,-2.7356981384345125,0.4786607333507313,3.707316574054711,-1.3917509805768624,-4.044749158213412,-2.3115439113589713,-5.747834004859231,-3.702725822968019,1.8523437743978466,4.029918140303586,2.2296243777661986,-1.1886425426083211,-0.5403555984812478,-2.36618489437988,3.3047583253351633,-2.176550697153294,-3.341703779030289,-3.820423685569315,-5.325837795564621,-4.9240618239453955,-3.019668116735337,5.490825489130623,6.171948648596254,-3.2727734030493725,-4.379254253141473,-0.5671101675425277,3.7493064249018673,-1.607423477388906,-3.0731384591661453,-3.532392167531744,-6.958438929772885,-3.2745278219830216,-0.7239290971959594,3.383676327706333,7.510604684905447,-4.820615484312253,-7.366345701617978,-0.06512558979125459,3.498682192038286,0.15183302900933798,-3.336496674846849,-3.6194211655735278,-2.3287119831976897,-1.762973860980555,2.9571059138732454,3.519540917421182,7.568011142428489,0.3566885308738073,-4.776397360876937,-0.561321051415867,3.0258980301624963,1.0418483420304536,0.532378299064479,-2.4858622747217107,-0.19066184346668508,-1.9142602786585372,1.6262842297358424,4.620212668702596,1.634362069295778,-3.321026860565278,-2.6090751388052498,-0.6969242310004689,2.1762140854829664,1.3429579876808933,4.103886160062234,3.4539884952140203,1.974749989171864,1.6320761295900863,-1.8520195166283462,0.28549715323814173,0.9557617291312276,-1.3635594665577708,-4.134171089661513,-1.3911854682147002,2.710909283076472,1.675531598125837,3.7417840414734047,2.4049365463084027,0.9992652112203462,-0.9339649566761717,-0.9260909829903454,0.6302682234716771,-0.6993049585222835,-2.7738140201533152,-0.602044535464319,0.1331253961778864,2.534835328457583,1.4814872167347966,3.869863402924693,1.5532675078119484,-0.26537070945130287,1.4111076896989985,-2.6260746300476407,0.026300768381384048,1.4634954224317607,-5.387571907802537,-5.26354672535384,-3.534852671333736,2.5997661533065157,1.0274764449724167,0.9459412506993744,-0.1529572281403076,1.1839756765981326,2.4578401492954596,-1.3138887400288937,-1.3909210855497265,-1.4538445944174931,-1.1927788608204073,0.3346314117679884,0.04281332012578446,3.001567689521629,1.9067042701345323,3.870219299071099,2.3371126721220516,0.003331969910458913,0.7637244458665436,1.311205810449496,-1.8305380924286259,0.7168237396756755,-3.3713028399564697,-4.213284917000321,-0.16363679940601916,2.516640390568392,3.0474113415225967,3.690534743695527,0.8077541191161892,-2.0654905125030663,-4.554509343948602,3.8644737220281997,1.977264885788633,0.28804434596280126,2.284063366892096,-3.2135440262595005,0.26742634534856474,1.5369877708710487,0.8290551703948066,5.184680997838844,-0.7710377934092956,0.9457684022567678,2.4255083199811853,1.0992480276305228,1.997224828895793,0.52975879317196,3.916057035397963,-0.10030784265177527,0.1370211187061009,2.0352627959297163,1.0157255967194019,3.303039581807893,-0.09820646632966964,1.1164886811206218,0.4122927354621044,2.531505748991625,0.1615577771945612,-0.3377567868436317,1.6247986310500224,3.777250227680473,3.908249207597286,1.5861497225922245,0.99471803394992,2.855058489879484,0.2141422803344509,-0.34669381370845004,-0.3457244197273064,0.49949358069035016,4.251490114838951,3.97824804599416,-3.5322130799482006,-1.6336611794924,-1.572753531774027,1.5731795915116247,0.08274425899234841,2.7431864364310337,2.273437020885553,0.5065907512808329,1.742798017075155,-0.273740618232681,-2.1333843328407744,2.6338150027257603,-6.755434715819729,-4.204309905764127,-0.6580825713403515,1.6194192658198145,1.0123996441274896,1.105209047185575,-0.7526398119556269,0.8982563788648854,1.1029912165947982,-2.863431968542118,-5.909576269140903,-2.9349094423062687,-1.2459408952959057,-3.713448603201627,-1.8896911959153977,1.4914618891471223,0.5667967599225658,0.16568212050614214,2.184644907339882,1.0239393830127268,-1.5329188907765927,-5.0296102089334696,-6.409005167855918,0.15153493709182725,-5.604043707019315,-5.526176254030683,0.9838833412000405,2.0894995031144155,1.5841103125741667,1.3673865158855798,2.9893906757147257,0.3564419622479322,-3.689697942888908,-3.446917579915813,-3.1995833108660876,-0.0847177396509583,-1.964266575116597,-0.04715612068476543,4.43109012923754,2.064780913448093,1.4284659881646367,3.6022888844844636,3.2663264689037264,-1.1423545341066619,2.801069219387269,4.840672938069075,-3.662021047334555,0.7914947021958597,-3.5386245146939763,-1.0540300657081374,1.395782430821215,1.9389359226752942,1.308213125854479,2.8387808580592764,2.764532011571505,-0.933397673627115,-2.02395074555299,-1.3186979060711268,-2.72781495448587,1.1620667937136595,-3.0936705256578834,-3.7347693091206793,-0.6943290515221474,1.277108448281365,1.5577829495103797,2.97759109760041,0.7438534667740619,3.34018453789201,1.5942703071009028,2.768563743696594,0.15932819633559756,2.900080940857437,2.2840972093537935,-1.317525765496123,1.7243605407536469,1.5533860361588538,1.270139443107467,6.143972524616042,-1.5636064991534362,-1.5607515790447337,1.2708775170272868,2.510745986119365,3.6144915824733714,1.2513217631164264,1.8058469356337856,-2.04531232468965,-3.3547389172242488,1.7633872568076643,1.3204195185576983,5.682813867922012,-4.1514584679622875,2.500991345828309,-8.323223078484856,-0.865954293075137,3.8248364861920336,1.1438843389539495,-2.244913018804753,-3.9321932039011913,-0.014757751353741074,1.6950998731421885,3.1269532809997473,5.353878837854956,-3.9455456287322295,2.3514165170889134,-3.8346624504567113,0.5055718633179147,0.022592992134407252,1.7394032750381105,-1.1801145793261543,-0.3067690008650541,0.5308317234605807,1.3051164533845805,3.519016925065484,3.6032218421704187,-0.4748176903961538,2.652436025345183,-9.339295071172861,-4.78763624391884,-9.300008558397431,-0.5015024386853417,-2.543234312509959,-0.7256130421434205,-0.22132270317397215,1.6395913740004722,2.4723372601073805,4.045823276785734,-1.8232040029290786,0.38477354832679195,-2.278709543020442,-2.107029939962497,-5.364995975118533,-3.1617374370052533,-5.597196039158192,-8.695295068980952,-2.584715986651025,1.4751652896598075,2.6941848262327732,4.706428659264446,2.1992234964928423,4.3870405955833425,-0.16973121931599686,3.8445578967712426,-3.8987723108668013,-1.1640109179659122,-2.8478677379550463,-4.754531802779128,-0.02780729719138012,2.328961777133622,1.1416131904122995,3.164050705927609,-1.2708185360813782,-0.03672617334985828,-0.6697452160117124,4.068727754991698,-1.8726836978712287,1.1488592912919104,-2.3067098338064937,-2.982462166533831,4.474411521615749,2.088987961797642,1.3777794686582157,3.4216113683955474,0.6075272258958502,0.2680128158786528,-1.1295734399033737,-4.612504915827064,-3.979260438787115,-3.6459842427211755,-2.267185324971381,-3.9483671733428087,-2.6811584509220694,2.0615313176034693,1.4320783399017567,2.775867272065321,-2.066668232123266,0.9922844974988279,-0.21688378387236584,-1.6686432054484954,-1.5909409348846244,1.8134118439687075,1.3173583433644138,-2.168036786127545,-0.9422494046035315,1.716424225129817,1.114383018892339,2.812297550423339,-0.5754330805032574,-1.1093808560914407,2.1685631422632903,3.0013312912120673,-5.594225553513656,1.5662867132702794,-0.2658354074669307,-0.9790773318273327,1.867202560265633,1.5282718890461982,0.39730367289375335,2.9396348382023887,0.8925929744160832,0.007401406405339197,-3.3491931687987404,-4.372102054941318,-6.154658665386244,5.169065168831932,7.304727835898429,-3.403021448573105,0.6378370847616289,1.1522458210015176,1.8167793840178095,2.5881308468196638,0.9096692032613722,4.0758117935994065,1.6679359385363535,1.3867387495485302,-2.925938577952117,-0.37375283788019514,2.585388727322662,-2.844383018955931,1.064509328381916,2.1339920307231477,0.8134566937322697,3.639515565202075,2.103865535120252,-0.7119689698560474,0.8201760505376153,0.8050656310505572,-0.7316174797641815,2.262836527946927,-2.343129069858614,-2.080965904982471,1.8476721763164392,1.9045748981960784,-0.24919139265755183,2.378353369867191,1.0834282990268678,2.6182913263725345,1.8563095639137028,-3.2910327446191636,-0.8345881496249912,2.541615070005132,1.523372641854933,-1.9988055280509995,1.3240567051994918,1.6634671345177778,1.3017074498029664,4.857727460791924,4.785089574846617,0.6003606348446883,5.178770448938417,-2.21224313927383,-9.806215374498287,0.08034699736090985,-2.8262869280199467,-2.0322365176546273,3.5278175134220175,2.1059349165729278,-0.07124625596003976,4.50019473709714,2.310940669145998,1.5135003764942763,-0.1174737865513607,0.4225854350910346,-6.10260431893739,4.080234971683184,7.4684334901462455,-0.13704245150910332,-0.9887596346697858,2.276480438885571,2.5635868855113304,5.888702127406263,2.0545222082024845,-1.1433191938397196,0.714731892597341,-1.579983550916123,1.5244744065353584,1.1356284411904727,-0.4373829098630848,-4.1406718097321935,3.935834665351571,2.4660916785153275,0.7746227230323713,2.9917942076330544,2.837329382723852,3.028355997402387,1.7736878804139358,-1.2900887664344893,1.8753171068708503,2.733376276778658,0.052701609128246917,-4.32835270668267,0.29296872237211774,2.0442553744023866,0.8743911751479141,3.2677877348764555,-0.8516620539017166,-2.1383286383805338,-0.23187182468783726,0.8501841329692039,0.7165257353167186,2.9798799316202627,0.42683345129538575,-2.8603807036264164,0.016237229995032645,1.9170183452133989,1.4766181245586487,1.1684600614459135,-0.42476143383700776,1.0879677768898834,0.4770614799964752,-3.717055742742551,0.13739879619946205,-3.07674414190811,-1.6953127252836635,-3.041967930601859,-0.08278380190517014,1.5642897569120078,0.6514110707688584,4.176604256880449,1.6886210253277445,0.1781098378483557,0.931526615552952,-0.3230077112751523,3.2966052057477664,3.0255458768844097,0.2289924453555465,-2.054955867109,1.8401218713892091,2.0084407751147384,0.7948378494905433,2.4165400161188497,3.8284804936586228,2.6968048104228894,4.838645999432913,1.9936990401696248,0.5084757623573598,1.1703596856433756,-3.121870809651426,-8.941833068129373,-1.4309449280155877,1.7788339488761715,1.2818308521302513,2.822555961752207,0.6080179016709493,-0.5049878670727087,1.5743274350232694,0.5471421501469228,-1.6393808402278773,-3.3767622712533814,-6.249709114002262,-3.8234687496040562,1.1466851653440115,1.7436175264372733,2.1657015366247228,3.487781808632197,-1.1746773417397784,-3.302223658624092,-1.094444935617592,-3.320958727951982,-0.6176119419249961,-2.675508028539867,-3.6357040072011326,-1.829305780027939,1.7694283516650304,2.4602773138970253,0.9518638796559331,2.3209402123842104,-0.3231522789963531,-3.927492851164431,2.357853515466427,-4.083846583314811,-7.711920598462083,-0.918831484219533,3.956003911131245,0.09736221423479453,-0.5576707387543545,1.596646550153667,0.3216498075621546,2.865539936463882,1.617311968652636,-0.141934659053587,3.733137277553069,-3.928154023210285,-6.673997010754561,-4.323828033103164,-1.335360249737214,-6.082619571530621,-3.4443398358176482,2.230261417523261,1.5128680124837541,5.153322187995931,2.828302403643475,2.4149089945444846,-0.8482775160258714,-5.021865117707017,-5.877488985608428,0.9264334844549962,-1.1264375465626002,-2.4127341355851737,-0.1711220717180406,1.382453568221382,0.19349249709975805,1.3920338965199428,0.9136867201590562,-2.4146055697459965,-1.162460862935288,2.893352056431009,2.984900702715096,4.984608699805396,-1.016396414441579,-7.008302378048145,-0.3315810788683439,1.8844869321001427,0.4347388214662079,0.21717688228583396,0.32704208488355324,-1.524093003072249,-2.1044669142541443,-2.868223761284099,2.795595786083415,6.294677422883708,-0.9612540683851638,-3.644682866992576,0.6730323366832258,1.8955764281574992,0.3167393177075453,0.8427644769002394,-0.8112246899763879,-2.2741966082983915,0.5040531351479338,-0.05338490880283191,0.6164022039267385,1.4008773660621705,2.3231929083662766,-1.842880946718403,-2.69307050413987,2.0708371396077134,0.35163374935308134,3.70966269517204,2.7137816734262503,0.043492734105296936,3.610592787347862,-1.8179691114007654,-2.391741898951687,1.6727462536124675,-1.3187390880037502,-1.0436631441576656,-1.0168316017646022,1.8000713613853714,-0.08934746118687477,3.506650234517317,0.08878418898767863,-3.086314797840293,-1.5002089681815183,-2.813408242518366,-2.2040455270397517,2.798851216926253,1.8677435849916433,-3.411089065413813,1.3590964331830426,1.4903074492298063,1.0366552359651935,1.0714576528801758,-1.1767052323009541,1.2655547222647567,-2.3199620604889115,-3.335744135539751,-2.776606660668085,-0.12825494247165517,0.4155090883712653,-1.6280130356192266,2.236857598799665,1.6131197849470842,0.1074957901412286,-0.004442791128196739,-1.0002394808018076,-4.2357844697248215,-0.5283644314655384,0.7327666694917292,-0.6484056087986783,0.9413939089779062,3.1526274395579708,0.17152518762324398,5.021362019361898,1.3425442201043063,-0.5929360080614242,0.553239460919786,0.6066808592295136,-2.1206563761357247,-1.2234769321284367,-1.6269076784820615,1.7602114118885854,0.7071887385745511,0.22169363904953424,-2.858015849766272,-1.7911375253089508,2.13059557654232,1.551466184108924,0.8258585597134086,1.0720946606186101,-2.260725409623012,-6.014149104550193,-5.061489198947131,2.7183839483405308,1.7451480289188717,-3.462663488470139,-9.869626082590269,-0.5601725807318325,1.769383686857019,0.22988687053863313,3.8426629430590444,1.8809742679486998,-1.0565005447349827,0.5662775505738895,-1.9159574261744592,1.1007035699873224,-0.26946496204097026,-0.3934118502462053,-1.756270429421837,2.142793916503736,2.110623227892846,-0.7181785301579382,0.7822746997816326,1.0942282841093884,-0.6284593654894278,-1.507230556838181,-2.2139169666796974,-0.861076513026368,0.25170085032840595,-1.4613648537993096,-4.222335803851505,-3.710227076537903,1.644020187868785,1.078407037704969,0.10129758806825992,-0.5707094886025514,-1.5910289902939243,0.314550877652363,1.7010314909886761,1.0891150837893122,0.2898541257476499,-2.745595882922443,-3.094630254550696,0.5704496667646034,1.6444545840588134,0.45033939947906004,1.5090239794894476,-0.8826868358708658,-1.2454809419481307,1.0111266670738643,-1.087431733922882,-6.316210947860372,0.667129744077523,1.7028571032339692,1.5835213118149598,0.06603514480630684,1.6228971209341048,3.062506632368117,-0.1122553921516657,-4.768582461106818,-3.416243947838706,-1.3474585920582804,-2.375874807629152,-3.347004985333109,-3.6843009003816265,0.9111821331724932,-0.3701426020432056,-1.55498616981327,2.233382049794811,2.9647257680222237,3.3387899487354833,0.5250304001550611,-5.197715275060936,-2.7552109017624806,5.424268318866635,2.637721385956867,-2.9826042657996807,-7.109855682448092,-3.594629352476587,-0.7610138250100285,1.6304320146017262,2.8220364342784388,1.274753722810424,0.5279766559482553,-1.202325514896493,0.7485158876307971,2.020288611355757,-3.265094035259703,-2.3764516410560974,1.2731304927568292,-0.2846200092261772,-3.8139324031315276,1.4748997253708613,1.7725896555478096,-0.5769312518820522,-0.2936306981240666,-0.7914801232867119,1.6550913548141772,0.8708232391894056,-1.9782337005761608,4.60803100656779,-2.4635460248096885,-2.144384119109884,1.6116558804630534,1.170049156803628,2.0872726513673885,2.2682568128260265,0.6789048437529386,3.4513810178881843,1.1218348496919592,2.55357995320977,-6.706916162468705,-2.620455156783401,-4.157235605843257,-1.471763334714073,0.5822070922252021,0.7144259221485214,2.0786429921858907,5.20270542649335,4.700814823455074,7.084222381672152,-5.937534825690569,-2.836366646742645,-6.482418720363383,0.8446382131175575,-1.4113516054040136,-2.946004995069761,3.0890798599812714,1.394799055560057,4.769932573031826,4.883944663504273,0.33854540918582027,7.067550016982848,-3.50933509963886,-0.686697738969352,-6.6737611117675435,-2.3445846974212046,1.365093464291856,-5.139228375474893,-2.1523141431681365,1.3300929531830326,2.867698635930317,5.446727483576999,0.5452086435286035,7.515928953376583,-4.414386662745665,6.517565020480305,-5.159084521012473,-1.5730432810585153,-2.1808453957607425,-10.158870732047166,-1.293797971883257,1.053341215604642,3.712611379692059,4.982497467888119,0.6615790230346447,6.049644549570263,-7.43797890250922,1.6802170644940835,-1.7197210661096651,2.4127490860793257,1.6388014652663245,-2.6462200747414557,0.7727091169638944,0.8237719009631441,3.1102843737111017,3.3195623812962642,-0.27960242950898195,7.675367509454911,-3.8701147192240826,4.384085169502285,3.9855833620421848,3.1541605323021358,0.20908165707949658,0.3579886739568503,0.7200783262761957,0.7589859236498978,3.356812254997842,5.904141980914702,-1.728912551942957,2.1133631768186154,-6.449897346569049,6.441573117100103,7.085595289316122,4.799092132525624,2.4266512804112224,-1.3635949909626364,-1.3029577671017964,1.36452499441243,2.14695603478119,5.775852958172995,-0.2999203118684215,6.067100555944935,-3.207999330608227,3.1323224831100984,3.2998088164198367,4.597766870853805,-4.348883415791435,-2.167826623410318,-3.0360820039013148,1.9085777043370733,2.819573761248442,7.9695082902845655,1.722535927942928,6.375658401502179,-1.9803959245529967,-3.7316802834856055,-2.9438067001048136,-4.999861328357568,-4.841624525404647,0.046994134360019674,-0.0959953135739296,2.2457990616447625,4.9313835435756985,6.4503233634171515,-2.406691232263542,5.459345516587458,-4.244946100124037,-3.6724331844102798,-0.6521540974113323,-3.1125216108154805,-5.489639578736169,-3.6270246059787103,-3.710758476827956,2.2760606367799654,5.284559760814133,5.327169523554565,-3.6461482560203664,3.701635573332146,-7.326890121110332,-4.0636173526903425,0.3613560519646203,-3.084367947937476,-3.8052349151783806,-4.106453511271137,-2.525930780823539,2.23418334295875,4.082293445442142,5.222890671676058,-4.127287721338486,4.013550297783636,-5.823130169346989,-1.926222545231571,0.6569050189841762,-4.36735380631508,-3.0439394543894864,-2.8968296137045937,-3.285001853585574,2.2851271829885276,4.471129482034337,5.5700497278049275,-4.489995165939882,2.7047658577234777,-6.075775689405213,-1.4874766957794416,0.0599247193577022,4.6660025765505875,-4.591297299100715,-4.191710267122553,-2.719004806049429,2.415467485827605,5.265906650293877,2.587575261627343,-4.398086444274211,4.786515210776405,-1.9173784266653482,-1.3440274681794175,-1.4750094775211187,-0.8459965359178085,-1.6655747594470514,-0.5214319588078756,-5.719945604531346,2.5621447623238867,4.707759536536966,3.7086338382266772,-1.4160686902014292,0.6820973839720129,-2.042425015817365,0.4739011816416221,1.5582221597962993,4.112591925671786,-4.213541669705937,2.0695640827446753,-2.258659375554344,2.294652207620131,5.327666269325582,5.389562660011803,-0.7451791595604071,-1.3916719861456994,-1.6300759636119593,6.5115230724879405,4.297119472334899,3.956095117378757,-2.844368141124958,2.415785397028396,-0.3207634225658074,2.7497252515804824,3.6133116900744504,5.5323822029300525,3.214244345925973,2.9122112891603473,0.07286524368975694,1.222181904139971,-1.250657408973597,3.0019982354049333,2.6229373654822163,-2.217221269528537,0.6395287248550441,3.3346606204758618,4.2244013088075745,5.2626251742587185,3.217384615697033,2.744533012227549,-0.8488493417896001,2.3340810893065034,-6.842737807481279,-1.6783925926004748,0.6074422859272033,-2.546135592594543,-1.995824578063476,3.046715703831969,4.279680421074519,7.18687184744552,0.4990493342216461,0.5188615461681554,2.608258183798273,5.710325441315272,-2.747582744822935,-0.6551536075359444,0.45073720900713543,-1.4680463248954998,0.3574883428674308,2.7051339805805785,2.6063655505674155,4.031565353370393,3.4940076029732827,5.713231050196682,-0.5157240561335437,6.195573164277231,4.254643121856571,3.9091033039751526,1.3242020713868605,1.8005733560708972,2.067925090539685,2.7688568876695547,3.3093414407809596,3.959386524030992,0.8652608197100302,5.150779463605786,-2.7712015905807683,7.112490465005525,1.9469992775219218,4.792396094168217,-0.5424218978434026,-0.39161263274624153,6.162806699507773,2.5020866161190414,3.5700126255079296,3.203294375378119,1.3710027242301757,2.8408052749211383,-0.9375041298824591,4.9106791495875814,-0.6040370237533647,2.9069249774536328,3.5049902071033037,4.939026569752727,-0.5780587228341152,1.5434921229746388,3.9629331165979784,3.010454562081112,-0.9414612510671297,4.076845607089044,3.2169442808513775,7.687648739422035,6.34018682819665,4.59316536400048,-4.702197871225805,4.48571283365634,0.8474797832147254,2.0827121158723383,2.8174066734156726,1.5116128510729554,-0.3514157683424969,3.9758373955917854,6.799803031689475,4.7384149391205295,3.5928886403175357,-1.5277086820830577,-1.096786933961044,-0.7371253754328985,0.8009449988493387,2.092187362983163,3.3548822705037,3.0109986473403074,1.58145031611679,2.4967406856882945,4.175565672021934,6.877799166128568,5.882284031840238,-1.7857248833485215,-1.710122627997794,-0.42115985776946385,4.139449258643912,2.0999522628176233,3.5725678343382223,2.7346584994557492,1.4025371631169903,4.5159409226827405,2.2415999722481588,6.007147367790573,3.1097465685593986,1.4511925572639497,1.006784591354039,1.0048788839866902,0.12280004486456733,2.0008838964001736,2.715889095167719,4.433625290434224,3.3652662348552598,5.997109386599117,3.8839633628977945,2.180765441971849,0.1453774037986799,2.927460310911119,4.037305343744509,4.975302020591223,2.1925082250395436,2.3807501429872095,2.19319629767644,-1.3142035400836742,2.3126672093633207,5.256895008622513,4.997542310604948,1.424885413785321,3.5748552597774124,6.559145671035445,3.4486421047149447,-0.014560368437307326,0.7586626337267545,1.5652624533404897,0.8752282559808235,3.930131658557529,1.8772477325874002,4.016803029172543,3.4607625440423897,0.741416400453947,4.424490785055653,0.7430281496594612,-5.779064312489775,-5.364016316711482,4.686728948873808,0.9663668974901183,1.1324713233127455,4.7558816882793815,4.980240422332345,-0.03935884259522171,-1.2453794685067627,-0.8362334449486796,-4.3171998250217944,1.097815287794302,5.95728529916799,-3.6701708582589614,-2.0794618264102698,1.7493324250634978,-0.1396207971774861,2.574258833373861,3.3030704673395763,1.8062258080995202,2.671984927816908,-3.697934201771327,-1.6401430358218372,-2.4936549400691503,-3.5950262687791574,-1.3028004011709335,0.7652993477651262,1.7638202366645883,3.521284339443422,4.188725032828466,-0.8612143825355398,-2.015299990218814,1.0718703956533773,0.8962994814891423,-3.729568764509541,-4.4269926181107,-4.1771527112091595,-0.8667659694732632,2.0039144371058484,1.7259335924189119,1.3588590755965033,4.511900142727491,0.4274233163008646,0.5787990214832929,3.8204485546799667,5.151983353851546,-1.991370362484052,3.2040361721986543,2.720344149776192,2.3246366302011934,0.9869460265480021,1.9748661573996267,0.33298285618697254,1.5806295560388028,1.931486360956826,2.997836323802331,2.2819790178018966,4.803211252504335,1.5410423891374796,-0.8252803703278468,1.144168237192133,-4.027079717823389,0.47243453004193886,1.580285849072918,2.23160419030003,2.9008458445215224,2.4424587621530067,1.3443520400071445,5.435228762057697,4.109147657546918,-0.3070315596320778,0.6950480653274497,2.4653850658272196,0.9926495599216535,0.43641946537856124,1.8561930908189486,2.0388176718859734,3.5196478992043834,4.447948418691341,-0.5890962934999453,1.6958452907370132,3.1339294438077916,-6.241970277401707,-3.016489926859916,-0.9019995244274196,-5.728544233224248,3.131418005031179,1.0202728148187634,2.0277461626284308,2.8291942846670666,4.0573223251682,-1.7204271335136438,-2.4382787300176854,-0.6087804137119383,-1.7480384186452889,0.5624425215597052,-2.1722902435611298,-2.9892009678641136,0.28349832547064885,0.5990996021497326,2.52365346764267,0.9409368642221604,1.5648691492421214,0.7667977143562263,0.761946495505267,3.264743727847488,-0.6415310151227483,1.4240562297916588,-4.122917983750931,-5.392945863795705,0.7876652777944511,-0.015824321308549074,3.021414377048683,2.8463742326766113,-0.11907293293743614,-0.04715574555555794,-3.3287536040125008,3.3626702831562882,-4.077018428853044,-1.7953244826126111,1.220653363451144,-1.7585920328475235,1.9064721940442237,0.8789294768643027,1.0636249227169463,-0.4855554170957041,-2.0586416146583733,2.862907206667033,-1.7106036097101662,1.223883268199525,0.47840956230779835,1.4810637395501949,-1.8998464080411412,-0.6375246903745878,2.9050109655319583,1.1878342865669658,3.2566580029167174,3.222601510822696,-0.851442230723595,-0.2635666050997027,-4.932211182496421,1.1323659191574915,-4.810737189161273,-2.8411710128450256,-1.3415555119878706,-1.6489879461453478,2.473781243161028,0.8678104842683505,2.7085561947126036,3.1179939603734455,1.1178477263671458,3.460236258298655,-2.8795563892466536,-2.0018039168136377,-1.8842391193069865,5.21919228639817,3.76890090559326,2.835370518029382,1.0258856635653517,1.6748610550147447,3.8840299119981254,4.64030152774978,2.7700488868349344,0.8478037248662849,-2.263139131362083,2.0517301579817793,-0.7881510684971433,5.178039135872395,1.1898477264772451,-0.9907946478298826,0.45305892333261444,2.2000438034268,3.9955677222900396,1.1353020385315375,3.3946624413826805,1.545117537249,-1.226050775612227,1.4657077619361498,-4.06223918996036,3.7275314873962713,-1.2245032264643518,-3.4365096625995224,0.03404842587841365,2.137075444325492,4.879043006779203,3.9688505493639115,5.801086680088846,-1.150047800981423,-4.811254587080332,2.4071007681888283,-8.272990208993958,-0.8797349299691117,-6.474951336456126,-2.72825949111592,1.2293401841967189,2.48942292640111,5.321023165494766,4.45361489580591,3.846578775824477,-0.7407810069631608,-2.1569149786674506,-2.6128326510499194,-5.9227492799138055,0.11355086428342338,-5.0793291088250605,5.77566166544524,0.5488481086214562,2.355648503003049,5.196132732847471,4.063718298832292,1.063555293818022,-2.0347230867802852,-4.006728346122281,0.29108769765474124,-3.974796642516484,0.3384948489104693,-5.44698480466483,-2.119229929262217,-1.3079311161538405,1.450144470994579,4.762941771153474,4.2262395055752355,4.435727744483951,5.466563706814715,-0.9398920400091743,-2.3294235469444637,-13.550514154355199,-1.850476699887662,-5.780623915555417,-1.6278424374605447,0.19043038195210554,1.6290537584693263,5.08345582710763,3.467883626595789,4.552909733324049,2.383489476085672,-0.17074029905228374,-0.6589775751900371,-8.116487977316478,1.705285907656839,-4.416893708810498,-2.44554707243302,-2.723301206744801,2.3270296914529993,4.107970266134354,3.1541342597719124,2.0345716921918435,-2.0742401686596166,-2.180291665861293,-0.2694775959904889,-6.431927552407119,1.8169901206008676,2.051015224431207,-3.050447223135197,-3.054022703252713,2.1963029604712836,2.095171776125683,2.4224946160386622,-0.4220494845632506,1.937271569648437,0.6589339811104777,-1.1682036697825522,-3.457590818636092,4.976344232818465,-0.8647493502629794,1.1482351879735269,-1.2816614916101048,1.4664695207478442,3.3646973304723162,2.129507638840306,2.640108453876785,-0.3458397869403117,-1.5321184406682866,-0.686603302609278,-4.062906799131009,5.932382366063142,-10.002613719644236,-2.772937964442185,-0.8460654927101421,1.3406631014718067,3.7117599871292937,3.1926661803485934,3.7384874831470434,-1.7504991718428975,-4.0782142995477155,0.17964383662397662,-7.568258555374885,1.5989215574304099,-2.975271304559086,-4.398196368522769,-5.875800343669859,0.9467284058656195,4.4316285275638725,2.274978819182739,1.0578441636381093,-3.523427998772375,-4.2950255576488825,2.2133910485756894,-6.988630476361149,1.5753999174408488,-1.2528432715699163,-0.011579396281419891,-2.0990404011376924,1.3411844716456665,4.648258464791915,3.4156879416375503,1.520373063094327,-1.1614520911381778,-1.6865853757552693,7.784556279798646,-6.474510374891064,4.724922405349189,-7.347175972236314,-3.464235126218168,-1.9829297911646462,1.0235040646100215,2.990749107815403,1.4019819755585954,2.9715262182604327,3.872678123687194,-5.1589841212134875,2.1669830006463227,-5.733968109752546,5.739438694644231,-5.8020131640137125,0.6573410326030326,0.9487992872437677,1.9016805604101437,4.007361575132516,2.3028107995753593,1.0053287173559264,-0.9478816302347182,-7.133365605060008,1.5504374723294272,-11.123481663430411,-0.15110119345738945,-2.2095927922512253,1.6294274662744956,2.9445986366066275,2.1804304283803173,4.107047635466089,2.104555875446148,-0.0886357042605823,0.9483701465457092,-6.222209761317719,-1.3694904130476142,-4.148878946811919,4.097267499364341,-1.7740480275976875,-0.9823574560337334,-3.079355837102887,2.2587202826403954,3.2409944681521776,2.230198776271438,-0.8021186403284849,-2.8297122990980084,-4.027107240602512,0.8694870427917241,-3.8346056745561086,2.6460269062614703,-4.737572179861517,-0.21346966072946352,-1.931640384317428,1.8956380605012546,2.3425234832107558,1.8547274729926395,2.880923710816124,3.381108419786592,2.6345830383786546,2.7577571489477477,-0.890904044328054,2.266042432785692,-5.610715684871375,0.4621799152755325,1.9563875577378884,2.1042970310627624,2.306969515583093,4.976539806151345,1.0493250634049285,-2.0542654366711446,-5.503619424162223,-0.20262720437008644,1.040489573264566,-0.8479922092124748,-2.004780080649614,-1.5404129285534887,6.722819820447084,2.2732484744863863,2.37600072950088,2.394258917367847,-1.4402799413626137,1.6903541416880272,0.17268396074205045,-0.2779668558799602,-5.670718518833615,-1.7222828114385045,1.0628403996618951,1.3657437347440626,1.7892663304691996,1.9323746711062253,1.565878963891901,2.658903725699699,-1.8666739188028245,0.48911045532038394,1.352409293549097,0.8017459798665696,-4.261853929121971,-6.798180005234151,-5.242230025258494,-0.04903176201105644,0.5233670614568054,1.8918383688567233,-2.807652983457077,-0.12356462158566253,-5.034626961503898,1.3038398761976593,0.2168557925239336,7.086688769359224,-7.449616138574133,-3.556585769608028,2.2438733865502583,-5.889928409416436,2.2880168380024624,2.3593714170417126,-3.297378426851071,0.6914751995420362,-0.42107674439958587,-1.432023809893914,0.19592497192016947,4.236725834934812,-4.212489977621624,-5.728909454136023,0.18266420785578502,-0.5911365552952397,4.544711683699502,2.5742705103419268,-4.266900448299883,-0.6900564988126617,-1.6407892523319239,-1.0702325556631702,-1.7000811493522225,8.35589302945217,-0.5331588009996596,-6.420801871471369,0.365832418440989,-2.8296144673721515,0.06291799065077085,3.003118897366021,-4.655261240069311,-2.144050840629627,-0.2218499693949541,1.0367149429484215,-6.095696893446083,6.2828358999974485,3.081560920118263,0.4310646987298662,-0.45535174063327444,-1.6010431616105352,4.978530726872249,2.942652033735719,-5.185172401410066,-3.8994694902104796,0.357993978480582,3.1100128794232575,-3.5566007789775536,6.67350255955926,0.8080059488842748,0.7225858095143556,0.8795124028573721,-3.712253922120149,-1.5963866248732679,3.0496348813243577,-4.6335626601908535,-2.1597981176342196,4.209855851953555,1.527060696385001,-3.3952964702917328,5.249232103767333,-1.1488520570804206,0.0902721694481187,0.8291375471233382,-5.615716339330192,2.0202415136243688,2.8452263337732218,-5.729706472882334,-3.644366296983598,0.497797673603615,0.9518847290716698,-4.988793304491007,2.5956054169332003,-0.8147237828206042,-0.20765007582616843,-2.2365443235077525,-6.994003478583548,2.2901506788152677,2.8743971822629097,-4.951792795548597,-3.372858000096703,0.14149109283780192,0.5557097235766411,-1.4630034007822057,4.1595775555349235,0.8188762905254308,0.1483762934960689,-2.3183009952448033,-6.585065736054672,0.2162286440527682,2.6929378239078043,-4.3538613827497,-3.5643421713241517,1.1610141841607011,-3.1154149240951714,-3.009350744040756,6.6302721593201275,3.3095830287919856,5.962741459576288,-2.021964979226713,-4.164120762692755,-0.8923288496107427,2.6890640483237003,-2.7747627174891276,-1.1668801631445263,-2.7840635070238116,-2.2197794790515157,-3.3261310468975784,2.750535137501966,4.134480577407666,2.328405204557281,-2.2272726974689845,-5.360506162348754,-2.6941580940580256,2.911419943749094,-0.724427406421553,0.1465886688802963,-0.3230087093969659,-1.1984317269002553,-1.2457136632579746,1.8145016146560855,5.44046746343382,5.232656525706407,-2.9936663289717242,-1.4524626988741014,-1.2671676919483972,2.766715337617827,0.16043426942890565,0.8097950359329467,-1.8633366698365124,0.7442150066767278,-0.3508756924098258,0.8730741604301001,-1.693752172093623,0.3039367071329239,-1.9537649279945446,0.13513382157570195,1.382638480382675,2.881244577525454,-0.7850318915210404,0.9915239526254638,0.6462041849538689,1.1712254247350669,-1.8598134373375517,4.204029087762862,-1.5295956777694406,2.860336754525736,-3.424938989057512,1.3371815476797164,-2.0364218463599535,2.2998633700920004,-1.4680209663781247,0.28397212114352455,1.4243276193971266,-0.4716145259402941,2.384570030697481,-1.2562020744517368,2.669013728982464,5.77946507297002,-0.7874818876899305,-1.4599901978844565,-3.0863755496110112,1.4264163859764916,1.0538973038376005,4.722587242201931,0.4888581951238695,-0.11854385657550592,3.2531060863359533,5.744665267237729,2.3829544229791986,4.629959921155735,-0.5127047142477595,-3.2116559399667257,-3.526231702518431,1.7729369536428725,0.33748827240048324,3.688443716657012,3.3030383485725623,3.9723930188632925,2.289691495422812,3.862171973964349,-1.8094702449195195,-1.4958920216767924,-1.829534581131755,-2.7794042273784476,-1.8522775309257586,2.094359205174349,1.4281032273665872,4.263130725354195,1.4429632053848098,1.096707276924158,0.6798980608427903,0.26505429466431035,-1.744765920608921,3.8546432282656866,-1.8546197394804653,-4.684011887872525,0.37141718626432296,1.9211974300794494,0.9579047793313178,2.9025122788585187,-1.9447038022237901,-5.028925993284464,2.9106660352212157,-0.05531263713847887,-4.2449385359505944,-0.5248373151307271,-2.9699673867161605,-2.9122014798933558,-1.9028390947336975,1.579656704390231,0.11566426521150718,3.1522802435580157,-0.06719563481101506,0.5994428289595716,3.108833630657442,5.849486527265661,0.6692570919491295,1.6306733826239201,-2.060584824488811,0.20939439612549515,7.0221973696395805,2.0951308971279397,1.1131144151042234,3.392958381875886,-1.7243600111979032,-1.6669764525079698,1.66060488947333,-0.09604605916080644,2.85776163053501,5.093902411062242,0.3333473484037236,-2.176536541694083,-1.7511607946169856,1.739004648910122,1.5428160887435487,4.622059190688802,2.313901245745595,-2.6365854243073983,-3.3605706980633214,0.05296921200357836,-4.273815495262802,-1.84084308000229,0.5210839368491377,-2.1083127473667957,-1.4583215358831594,1.6575565958877645,2.7353413719903528,3.585615561250158,-2.7243186755555735,-4.123736880311139,-1.4424690857351665,-0.48431883237026435,-3.7039367547104587,-0.9756179526679642,-3.578252001067395,-3.9370667462752253,-1.0431323808173627,2.0118360491208382,1.4669982093731564,5.668032578312873,-0.405013035342095,1.1909891928374734,3.8882089601216703,1.0820250180588586,-5.628868327562233,-2.3265193527550654,-1.0403147763075238,-1.7745098197498343,4.0786452837905465,1.8527319559133675,1.2124616541808009,5.701918814621211,3.402208791405882,-1.5109009102810123,-0.9660736174471257,2.934621666002281,-2.2689321634298736,-1.6413659654246646,-3.7598375025337116,-3.7429654295024037,-1.5302707887751876,1.8062130046293086,1.1927986652512015,5.04607088369981,3.2097293432350775,1.172693285458093,0.27147398733608147,-0.0900444905524217,-2.058570403047499,-0.657220127920167,-7.0712984432207575,-5.597031280726818,1.6066833057814294,1.2921884957611973,0.976003865954828,2.2351759504071995,2.2946140881855723,0.21193452552776879,-0.09422223641951942,-1.0981441954743467,-2.500469361778045,-0.45424628783728893,-2.6969070097530925,-3.1365279993662556,2.183777013796411,1.16684561509772,-0.7305636864207513,2.7232454366691816,1.3333030049794208,0.12868926873946918,-4.314911333433075,-0.9464050626888394,5.4033957002964526,2.6059492561114648,3.4513459892261946,-4.814729472279381,-2.495482322930108,2.0651228411776117,0.1109494690582051,2.2427880300056686,0.8238806950411727,2.819225032058687,0.9955436639169056,-5.508409380032818,-2.277564669273272,-1.509184314433997,-3.46991266721046,-1.285171271983147,1.9501111729566782,1.5893104171433616,-0.14092793934718467,3.521245525461708,0.8532414809261791,0.45780165858230853,-1.7380308126037356,0.6521655154109322,-0.7304577057243699,-0.2742723289995948,1.2777344349029125,-0.9372259298874167,0.7958714768925452,2.036118674936642,0.5243444924739648,3.710352460314106,0.128856099484091,0.3719178355523113,-0.5303571620479137,-2.087609206050902,2.486324154183437,1.6185200593161377,-2.9714732753297612,-0.7611014667179765,1.7515275645800008,1.5975651859408555,0.30336621817442355,2.1723873494118164,-0.044843464746874444,-0.7910142068437549,-1.895067532320081,0.3571537180771674,-1.0193993841399385,-2.36047590430718,-3.6656792655777957,-2.5972051924536896,-1.1028107685723354,1.5471153556137485,0.550365424996244,5.4626198141885896,-0.9156824838326568,0.41797889555694023,1.5554438137137325,-2.83314432699139,-0.9452177484525439,-1.1418869917563814,-0.20650746337589174,-0.7790087320981792,1.5782641585252537,1.6088569109944406,0.3246924037736015,5.260150826889288,2.9709101922017735,2.7647421621967783,-0.8820395144195974,-1.5518983926869259,-3.4420786647520383,-4.17710660731701,-3.77416873843599,-3.0733069044952797,1.6900718293623829,2.38866113340929,2.137495628947713,1.453645390499356,-1.9177744628993656,5.799169497092002,2.077153365529043,-7.115616739286562,-0.9808664596876553,-2.6278870324020027,-6.452932445730642,-0.34032442041818517,1.767033124249811,1.0454001150374126,-0.12479633741413178,1.8329443985348206,-2.3433103195755343,-0.6608443542848197,-0.7417608273249612,-6.5878688620045605,0.07268938871267651,4.15354768553948,-5.967206294142835,-1.1148872307150726,3.0778359853462014,1.56979945298406,-0.0920433494853973,2.2099283794556905,-1.814588860492554,0.6041952696817272,-0.2024578576299606,-1.5008487882733186,0.8988182807426359,1.5411848905427326,0.7881966502514355,-6.130386939051658,-1.765315557657662,1.676002561846133,0.016876298015941094,3.4654824544357665,-1.4179922624252368,0.12859044954449725,4.705650008044184,2.053115350194372,1.759087726464866,3.829765279176888,-1.0040080948726633,-1.3050840782931543,-1.2650788870101086,1.9397853346119325,0.5085200832448054,2.1199886133461128,-3.2229375052961577,0.8505010939607399,-0.28450573491951026,-0.5427557535866604,1.882564441352712,-0.44205227645147466,-2.141496861944794,0.22842946175232517,2.859355297216793,2.1972480664194434,1.5692448095169302,3.9990210993634974,1.2291247669907017,-1.6326993889042472,-1.925850879127914,0.9400063122851087,2.8739224561071826,4.338072146094012,2.7994737367604254,-1.82283515306181,-4.939068242678945,2.4113819332882467,0.7098538059501417,2.580325096052183,-1.1673203548039621,0.42304659575777026,1.5438119075288304,-1.929509157334164,-4.233708309607183,-5.369093972815276e-05,0.8764895354187918,1.538862416170637,-2.3309965526040313,2.1319858476999722,0.8265716734407453,3.8782438945351663,-0.33347008641712944,-1.4407789470259293,-5.151806834472245,-3.4948327592335113,0.35468172032394374,3.0687197716568435,-3.127173033508783,-1.9755118450272517,3.050935817883131,2.531923670880727,-1.0503097850333938,2.276890913194662,-5.444809798692527,-0.9375745293651654,-1.191483678629329,-2.317685533426739,0.18617611852582258,2.6646341567940386,-4.881956371807243,-3.9177370708863886,3.719194028918474,2.6094181327805104,-0.3640985901734298,3.8549287462756245,-5.552800233772095,-3.9336086774802776,-4.87218410922002,-5.29174240640036,0.9409836123188704,2.4642252355247782,-1.0888048895893336,1.7385691708707864,3.875601660235172,2.7293265652920917,-0.5530993129139117,3.3498712974694715,-6.217586861666734,-3.617292567765424,-3.40885218824962,-5.9101111881258515,1.1533979592413512,4.527939114879101,5.3743976129751445,3.2265305143562695,2.9153776250210193,2.2646073296344116,1.335284943629458,3.751869055124475,-10.170107124647446,-3.688907510542025,-9.291220105589685,-5.145267075447026,2.5405928261308928,8.678669737532942,1.941855094898855,5.0801983931286685,2.638100467018879,2.1726490988098757,2.0846001486875796,2.3683910534953334,-10.355807516699684,-7.673026550352686,-8.750303470542995,0.9206955389821513,2.503457785024646,8.0926524670551,-5.956224569113524,3.759020377391775,5.779559265059884,2.0228005112936627,0.17704184023556502,0.3877600905066836,-10.881609505684223,-6.534174307606275,-7.515118551903088,-0.7672447529365758,4.088223069268902,11.97534458077442,0.2735908172671161,6.3809278886090794,8.476446967012516,2.8379026918705987,-0.20610791193755332,2.965559935683513,-9.79203189981186,-6.103505629493197,-5.945655474614121,0.1830154513963,2.1805418972738737,9.824301526937777,-0.11595030297844917,5.829689828147499,5.729245287031009,2.7095279662498513,0.5499154268951547,2.075966920126864,-9.878564381288207,-7.97968191513058,-3.5624845252236774,0.6074843846521946,3.033596274075825,3.983263823166262,-5.744133218873376,5.73116088416397,6.55151294055749,2.8543851677426244,0.3163669733545262,2.318650300059203,-9.163091688958827,-6.5476848329854915,-4.9315742786632635,0.6244338134788001,1.629584295725876,8.446796431471784,-2.1407096785694772,5.098347144314449,5.292492143798083,2.9642097289997,1.5856018621236914,2.306491969823877,-9.985524206413357,-6.973593136525546,-4.7176794111720985,-2.767865114348826,1.666263430168119,4.7121840891794085,-4.633768116230012,3.7610972141917043,4.161403646298319,2.708734805602901,0.9814557027977658,2.4492778141319373,-11.644147534966578,-4.427761189775615,-5.359145059347146,-2.8947679837978124,0.30767546810616925,8.779177592146848,-1.1851435000917092,5.996138796515478,4.9335746786468935,2.5721322714495263,1.332395541718813,2.902408207266526,-8.412149270329326,-6.5785351075525185,-4.512130078426831,-5.235903890465187,1.9881747173309616,11.325923591316908,-4.286566284131262,7.456664373808376,4.078422852360619,2.843036132873078,0.8253994238942849,4.221086270273478,-5.4138895097416375,-7.511539746347578,-2.178724001326052,-2.650119985031853,3.4554597371001243,5.333538504908396,-1.5586928106548896,7.231580932969278,5.736718443194686,2.610052167891388,-0.18515317142234963,4.054483779031443,-6.523732458195826,-5.700595617825944,-5.948879529785234,-3.0067151995394523,3.296083772753867,5.7611565021900875,0.0005139242042231514,9.711588282153395,6.036014998767837,2.536786675678062,0.940540766342894,1.968017107995682,-5.342827066556284,-7.38487216957239,-7.244692005991467,4.792808088824886,4.750296261232878,9.048908748204985,2.7898173122713654,8.203451767916699,8.284039166739573,2.6743719878291774,1.3646470690705979,4.399476345865362,-1.252834064972037,-2.4818473631131566,0.3093846281638399,1.2181456763042844,-0.3851714246030514,8.274781079096776,2.285264474246411,2.818017990545412,5.213478439465217,2.6174493895222954,0.30449664581337427,2.466108341018387,-2.616323375684599,-0.2460855193457106,0.9857810151807339,5.441202122296829,-3.733916870365354,0.24788649999541248,-3.3932264622978843,-2.074543624415749,1.7748720617688105,2.6187518454267416,0.2690455329025938,2.3823152383896766,-1.5801922447498717,1.0125440742271745,-1.7083183213758582,1.2791247658865847,2.285462547665893,-0.5411328654945892,-3.4581353223324176,-3.700376543290615,1.7258033129308867,2.004461893506695,0.6663588312675899,2.8383689440489888,-1.094250179107876,-0.4989863488321813,-0.35153462893845383,4.034422946818763,-2.978678445171532,2.6397810067410408,3.980124276496188,-1.4400699356781568,0.49853887486734105,1.9953080122581246,1.3598673566284187,3.535709407039485,-0.016629855784558847,-3.7445094904138085,-2.043045167893568,1.6849092738910727,3.142823011890193,2.31922574661413,5.188988411028876,4.681334272457478,0.7742426960577836,2.7371592182104654,2.4306092971667788,4.614813057983799,-0.4916548083778189,-3.1843004457031494,1.8955920948997367,4.645392642783101,0.8799614398211439,2.703858178546343,4.2271184512413456,1.1528248954077593,0.07631779073335493,1.9979378631438194,-0.27796745670762296,2.3612573311689897,-1.0957624068332414,-0.32921901105727613,3.0950996782428226,1.3027947138038258,-2.388050312418833,2.5782160839112174,4.521546426264364,2.07451312088988,-0.40269555562293446,1.0394649670233473,-1.5305806612112045,0.6587852045833701,0.30033493143607726,-0.38827790585289995,2.096456993312644,2.1903872915031446,-2.863210049674019,-0.14107004933995976,-0.3744411046087453,1.8036087092410784,4.576036705463281,1.4669303727696723,0.9716330659180361,4.454863035007248,-0.5000583308157218,-2.1018175652051365,0.3212361068394393,-1.7262555914394642,0.4302352557986347,1.9108639796716846,0.811328524395044,-0.6750247825518501,-0.2132013921696292,2.060390514860219,0.6091078864872149,-0.13060343267197325,-0.526281099480972,0.35619601952070135,-3.2662849301046872,-0.6872625757971866,-2.268290884236397,-2.365206182532961,-5.604150073033129,-6.736320293281169,3.210690777989716,2.6016873726264884,0.7155364866919384,1.5655153806928623,-0.48211429515727505,0.42108416434836093,-1.7808959774870181,-6.095026712019276,0.3463252221873152,2.7619164720292275,-5.993345996333954,-5.082640632814152,0.2162634672338367,1.485065297854271,0.401129976644548,2.884639618867612,3.1031722009553677,3.5144429587563293,-0.7920919365114134,-1.827641812955527,-0.13567934247715555,2.6068961023630823,-4.053979415511567,-1.783505756105784,0.009647895026339866,1.1802650882186503,1.542320096159515,5.872949392462971,2.958802797983041,1.2139774682178528,2.934341727736853,-1.4328026156322955,-0.9475137783496851,-1.27500259497729,-5.251461304694202,-5.912870017980848,-4.661321190447666,1.8117868539072717,0.7036292032160002,2.814574164422397,-1.5546015567681215,-2.3285601091868804,0.6747892646975668,-1.8584081742195764,-0.163290262797419,5.941542675872242,-3.2267937791116914,-5.021258386389396,3.478085412829302,2.560024985414866,0.8760801231929558,2.0418316505603302,-2.7113199554925265,-1.0839909041475122,-2.7230812914123597,0.2615531951359502,0.9986941975169983,1.3688386465346127,-3.6113179700140767,-1.7619200500867087,-1.2362628825454791,1.8669643062324988,0.7086539284276268,0.7184942682181238,-3.220357190087044,-3.324999346315354,-3.470700584482498,3.6697372549095424,1.6236699110987165,5.438806163102064,-1.2605492746668991,-1.061109627111428,-3.654600527311781,1.4929293307721851,0.40103754100524425,1.9928773268814113,-6.434979100484907,-6.010913054774502,-4.040121531744665,-1.0522924170494234,-0.1700808477998734,11.048264092707582,1.1872218547836382,-0.047111572162943184,-5.716975832110011
13,1.0,1.742330826885173,0.3998641110072,2.3044515023294214,0.982876567053878,-3.4317903342991465,-2.595235497856579,2.3754015014003715,-1.9766484779739923,-3.0188420422555846,-2.690041561673301,-5.28478520982223,0.5577044680181904,1.4542725685676425,0.8130161042043988,3.843743244184601,3.0611601043421115,0.49447958741018666,-2.1599362787037384,-0.5390039121516043,1.7772421120653499,0.89011291699943,-1.1561646552621845,-2.55304978302849,0.7684511912773948,2.335551408004103,1.3093991665007318,0.062263669544993114,-0.15858661149069872,0.41958288007951494,-1.1763041938015537,-0.9850204440743021,-0.9615374586751009,1.3506965967488038,1.6933116200248859,1.7467491978360048,-3.607339674842038,2.542131813573308,1.480780726238124,2.997543022878719,-0.3090840405131338,-3.3805347730420903,0.4061000469445051,3.961418038041225,-3.8588605036440464,-5.719998291394181,-5.846652914425207,-0.24768447073800898,1.2779465200416862,2.7184990630768673,2.3139424762312926,1.8947494734425407,-2.9662095487917113,-1.892068084668926,0.3679551673273195,-3.0242397133290377,-6.500157149255452,1.5575190919806352,-2.868346071503167,-2.4114339663093136,-2.93451269183614,2.307693733189793,1.3281417021728767,3.2101791815088325,-1.8664325562697084,-2.135580362437372,1.4484422159867312,0.650980807271646,0.4599044479757986,1.048524408457235,-0.9005658404411854,-2.5692438330126497,-0.8214339698382374,2.27790432423256,0.9376872439012778,1.398302138010249,-1.077305752523916,0.6885224932515371,-1.3617516559954652,-3.180991815493153,-0.801669201917853,-1.2107554026610259,-7.986029560789896,-4.511097859544692,-1.6271738138385587,2.2414830563914503,1.9763486998244857,3.8136786342636007,2.276713931939247,0.7339566122813644,0.9829107988584701,-1.10423189717339,-2.3167341626062745,1.7098081154311309,-2.6256007570210684,1.6326575357502375,-0.6051684065458802,2.485437168964022,0.1514434282283058,1.9305566357985868,-1.010834196411328,-4.70523082461837,-2.702797044266107,-2.8962571178798227,-2.8585290646543617,3.103704658845691,-3.087551774171683,-2.332906311482862,-5.273606505244654,2.333874954575966,1.5179113985478856,2.8018944676345057,-3.509188714152243,-3.4375523843359184,-1.1228136333833485,0.522327045162198,-0.57400667069177,7.482908191538959,4.330379436093759,-5.085496458061058,-4.402928168705477,1.814269536232193,0.7877476006874015,1.4433409198505556,0.2006398275854892,-5.326060210190003,-0.9785936818571738,-1.8736455131380634,-2.7733681103260346,-1.0334317279367333,-4.312228122315858,-1.047005273757666,-0.979425965609461,2.259594768879471,0.8290362608634415,2.472873249653145,-3.7931740145168775,-1.5307202130888946,0.4320733075429569,-2.521608510411276,-5.992086125670619,-0.7725159893212826,-1.3112683315544114,-4.4302079004856525,1.8109100837371774,1.7070914833793513,0.16246405051715798,3.927409795478249,4.048123531222151,2.7590784831671256,0.4789196106651365,2.8827556805130143,1.1559532438511508,-2.88555630856715,-3.167058455517556,-1.9461271717160287,-3.112451479170071,2.235467195652924,1.4423333199807966,4.149916855546332,-1.3677003726611174,-3.9393387894749923,0.9380314583339596,0.7042480515093203,-2.043516236217888,1.7648512608621842,1.053507441760204,0.17924728539185564,-2.1117991918837804,2.1871006842510847,1.5750836969491826,3.7904821256947545,-2.765310508331201,-2.7387507137222817,1.3862200875639412,2.787709464336383,-1.4194027677059182,-1.2544077780318161,-4.077409710814592,-3.389958634581181,-4.894163657989094,2.3080960603204432,0.13277637864688788,2.620777510492754,-1.089269271407913,-1.0795898732116813,1.5277280116090843,2.6063049570838888,1.533071629488665,0.9050834509724627,1.5748726421363193,0.7665683290784561,-1.7181007216928337,2.208754959166939,2.213482536681132,1.4918731810123311,-0.27701250873530836,-0.6111402738301626,-1.1108285756467333,3.4383061586592456,3.6212279775852196,2.827141608663955,-6.587784548205664,-1.9119441457024993,2.03844659167595,2.125468090734928,0.5678409716484444,2.982649699231416,2.077634375950478,-1.7547707979523353,-0.7695347632423427,-6.459177057435217,3.800844438767913,-2.7026528731307873,-6.484862074522666,-2.7226378176842663,0.03380197823266627,1.7985295620567745,1.3121538500405145,2.350964600387943,2.198816148955696,1.9131569780538138,2.3279559566634576,0.8744564926944899,0.9005622998727596,0.0020142004551214655,-3.0090105617082443,-1.4572907802316213,-0.04231069314743106,1.4560468589281665,0.8774221241524411,2.945804405785715,2.1817436088070448,-1.0975101733659365,1.1241502738008728,-2.8421009963319186,-3.478388501865693,-0.08881004802592782,2.168919003662079,2.012105413835461,3.874431751531309,1.4727267588694397,0.9761527540672864,2.101309265665396,-3.7009922876120362,-5.4351776645669965,0.9632603533374008,2.7322231384402023,2.151788505738192,-1.008643899655622,-2.1659752626343924,-3.633406953625961,-0.11147649670518095,1.6496647989781155,1.016078063677591,1.9500826482496683,0.23060989445505312,-1.3167385524239186,10.753671385199446,1.8787731011649853,-6.077173730742265,-1.3220815894451705,4.48103149348276,-2.1267691963865176,-3.750246638942823,2.138652746904577,3.2119498892066676,-0.38667931425767954,-4.315046640431119,-2.828441626984943,3.32495140790311,2.47978665082142,3.0538257122889463,-5.051633010943863,-5.514622726847572,-2.7834995260361652,-2.1731869120056184,1.0284546634065985,-1.0263522305985844,1.1559829144698317,-1.2455675798338322,1.1948721903079684,1.84471158522265,6.411470918025685,3.0537907396589263,1.8118407518968644,5.979668702775569,-1.76372316200908,-3.4002064628461848,2.0360726208685316,0.7310551651768966,2.4139112951394153,0.778248690547668,-3.8465506482481957,3.345061669476735,2.6658360372433028,1.115904025218669,-2.6354924584474095,-2.6801047425974938,-1.537387531896945,-1.9996206120358586,2.188088935611382,1.584860024223043,2.8161893724372065,-0.30247785787308284,-0.6101278266230584,-0.9127853436838156,2.438464887665642,-0.31811695485619873,-7.561277663105446,-1.2792978963205632,-0.22063409533428222,1.2082637428421568,2.1321439791812744,1.155527993244126,1.7805732412959165,1.424770044015221,0.44289409138606955,1.4101157444666907,2.0920348741179553,0.43252383068967787,-2.894390894241995,-2.4804735521475174,-8.357079895021617,-1.0866510879636995,1.2491556158249966,-0.4979462145304171,2.4607670293071373,1.9102497519690933,-0.08731643454946131,3.697595384626565,2.450281286543957,-2.0609310635101594,-1.2778187299681782,-3.1128964307308795,-3.88709251603121,2.189008637520383,2.2155455739880905,2.48005074232324,2.95769383407014,1.3797536910627743,1.539761322573261,3.2840381555176443,0.14792467095996506,-4.778193118248566,-1.3043228386879842,-0.3403899795809882,-3.0769714244073314,-0.7850125259025438,2.21886981177438,1.151416096586485,2.150988218293571,2.267280289393896,-1.0529516316524703,1.7611681116265143,-2.991071979777692,-1.4039617296761613,3.9343944212186286,-3.2846597591001383,-1.5024242853832142,-1.286946503574102,1.9366730338363118,1.1332809756258015,2.8118768482269,-1.2744659414407773,-3.7048192331619494,-1.7068353206605138,-0.005092473152318831,-0.05859694038809864,1.8321112963696642,-2.8719240020866716,-4.0636428948921095,-1.2805095046075545,1.8088855770480694,0.07945045582771519,3.086860549924421,1.4028347466580307,0.8892549844220273,2.2041673306879224,-3.647533153123286,-3.1769255811349244,1.276667183375498,3.2231009586447033,-3.685422715723742,-1.238217240783318,1.9881457247352408,1.1031515072199238,3.633963253465641,0.13890288659566855,1.9724710290886822,2.4295181605554785,4.229426060843313,0.06297770393580966,0.3659132912171554,-0.7790832705235553,-0.27547850893629255,-2.485044216165627,1.62072320213429,-0.7860616593163486,3.479226555174181,2.9510261357052414,1.659492638347252,-2.2972465784529637,-4.735897369157449,0.565144607842878,1.3785695666241184,2.3554062018342545,2.1274362594029737,3.564827941327149,2.240987881836866,0.24544398557389857,1.7011623374387457,0.8928787152769116,-1.5258377822420996,-2.8093938073396107,1.8661181718510755,4.671735756327762,2.142939683012791,-5.415970452941771,3.6209326514955342,2.095537155475128,1.883508285121304,0.5107086037032371,1.402395765300878,-1.1243665453015317,-1.3317512454800775,-1.9836581725215967,1.4719333352873973,2.326908623220298,-4.0776844550577005,-5.581394419905463,-3.533403294370097,-1.9665807582064496,1.545199722995795,0.33617392861649875,4.5763583522198745,-0.17448375327724547,2.495107362446199,0.9036666174505118,2.230524011992336,-4.3553267129569475,-2.61731781593812,0.11359891814149463,-1.32727423031447,3.2258242910316675,1.4729892910914584,-0.16828055528033806,3.990257233438767,1.101896811173894,0.3002867354742896,-2.8575246038231032,-1.5001337878215886,-0.8286629971369681,9.871897142133177,7.072109147668995,2.3083662104031615,1.1570830651406014,2.0399182470645325,-0.6039989726314601,1.570624894221349,-2.3750678874418694,-3.329107026266603,-3.3710928753917466,1.8338095414044953,-0.23871301449446858,2.663591851644715,-2.659742411003691,-1.868156095800131,-1.4749391853710732,1.6216638757967055,0.7648589945799552,3.993053259810888,0.7977635733355397,-2.67940014804638,-2.7480965251837293,1.2862515060001631,-3.041563237416391,-1.7690140267591397,-6.80055694731309,-6.626082345578489,-2.5508190787796763,2.5002504877281204,0.7127588211707727,2.1681211424120423,2.4274971645728827,1.9000696335942702,-1.5951727046669615,-0.3391961432773446,4.653679155693782,-0.7859296688726625,-4.071512244451991,-2.160231205139795,-2.8828492026514594,1.9458472289472966,1.1590654995793923,3.8659318471655295,-1.9273849243372836,-2.6823072795623357,-1.7184955901798549,1.934946395432036,3.0094386999064944,-0.24015441831138523,-2.069993423633593,-4.9305505938901595,-3.1086902821250035,1.714587423750271,1.4320738572045968,1.7856226848547079,0.7549782473986995,2.312263831727116,2.6924261606880293,3.524494420160561,-1.2935508757818903,1.8959454045315847,2.194598057513736,-4.808544246665268,-4.431371733552963,1.7181556682936077,1.6061433335121063,3.606270918353328,1.2902930480911403,0.2715755808317129,0.6739760850502116,1.353332856854632,-2.3826634034686758,-1.8297909666054581,-5.426588990415691,-0.6081825464723869,1.2594832874083175,2.337475723983906,2.4056352621356676,5.377267823212371,0.027966163155857815,-0.47752830594941575,1.131308550797499,4.3556467574185085,-4.216375387433847,0.5911402769207382,-2.5718502649893025,0.05242223900205626,1.2531876078272195,3.2337627716389297,1.298152045241145,3.0184652874811917,0.2522455509300446,-0.47517792482706567,0.0050303445420792755,3.265364521162858,-4.780012032695353,-3.417244728609824,-0.023167349243021083,-0.7327131344990457,-1.1519488584347868,2.2214740240437156,1.2003153691304977,2.710156037779786,-0.7434480026218327,2.953557444154178,-0.5930938412611407,-1.526148181667495,-5.984536679873684,3.87840735246097,1.7369662897207245,-1.0029215943098775,-3.6296326516421438,2.5509959502614707,1.6306006539384763,1.7059057089231815,-3.50596295201391,-3.70951107383492,0.8660038881267752,2.403670789784499,1.4704678655172372,4.022965645040406,-2.470086019423984,-6.946945825828573,1.193159292312378,2.2136859602731653,1.089200657430575,2.553908891617446,4.7787351908630695,4.875161495706904,-0.9661256053876748,-1.4936186159353384,-2.5420546751878885,1.391153708518756,-2.303339877997398,-1.0229342054594035,-1.894728371013206,2.366203849238265,1.6716996561024393,2.144224957027837,-1.8410142640008915,-0.24655235880955895,0.12230173236191844,0.10694740942525016,-0.30872563795779717,-0.4212812199734609,-0.43304181751063725,0.544016560265783,-1.694444273366794,1.8741216796390787,0.6843808310539382,2.645058854273757,-0.1984210182479938,-1.7710405272541845,-5.087463448156521,-1.4956164154770664,-6.685933514379891,1.2550267524176766,3.5360154730855435,-0.8394942168620131,-4.58273365786031,2.375305572197998,1.3428930392236313,3.738987594746498,-0.05020962750792787,2.122089885646881,2.61655276907804,-0.6465580230701552,-1.0007468010840666,-2.24374836974972,-3.052990766378178,-4.034969470085103,-0.715148097440218,2.544237952092305,2.862087944844505,3.5415800095139462,1.6107287589156378,-0.9244301059443496,-0.39411940204867607,-1.185636477919581,-2.426178526851314,-0.9319906792432472,-2.7557056884128857,-2.6260152703255937,-0.8062510906405995,1.5764569945935831,0.3536928151071945,2.4928983842015318,1.8274765660874046,-1.4719081298013095,0.43042800313489893,0.42179257474600756,0.10112924362850309,1.0439308568214105,-0.09760189834537773,0.5980080354995044,-2.402415947255633,2.036278759857797,1.9192774323857433,4.582902377777382,0.8183417346984191,-0.29693174505900227,1.3405363517360096,0.13043667380047158,0.49285646042026704,-2.7207283682748375,-2.783445871810067,2.606051844749602,2.114243640634777,1.8181261769919703,1.018146051698014,4.242578931521781,-0.2695212201962891,1.8062167997955454,0.5593142907133266,4.277678076161074,3.9509561666661996,-1.9871435919082645,-5.47580738424294,-2.1746114078937486,-2.52319191809334,2.2226540121997664,1.4892004773530638,4.259751503084985,1.2293717239317192,0.8251785377304881,1.2886340898292252,2.2873930557282196,-3.4932570551873736,-3.3313663220810654,-3.6208258694731654,-0.17856545587472528,-1.3787476297856414,1.7502806911799353,1.4015327218865499,3.9530420870427414,0.3845352934619486,-0.220472760737814,2.743000750214034,3.161461589933287,2.519964004844268,-3.7167324611241126,-6.906140416713934,-5.854959200468406,-2.3966709016159946,1.9551333642215385,0.1891783552529719,4.941982711706728,2.561835304068796,-1.4643247335312726,-3.081662821600012,-2.205030641955714,4.03579999415398,-1.2106306260507562,-2.175670259784396,-1.4195222127429807,-2.6720560500040844,1.8100498480206098,1.1826296634260003,3.3727622947764972,1.2581057589624733,0.7400904984812765,-1.5784466063631815,0.9673025889553845,3.0627402770716454,1.32512033966015,1.9805737664301488,3.5686564278845925,1.481146415118971,1.7465932940056952,-0.08346062828044917,-0.9161612632465063,-0.5182439583458835,2.4848579539113604,-2.0870963559058047,-1.0065195071093276,-0.5183173681261461,4.04636520736489,4.771075056817815,-0.3234212194164769,-3.062968399942654,1.669937258694791,0.4451352532242112,1.0604719793199742,-0.11575811622360604,2.9614812564809907,5.255275717384137,3.32446714394187,3.0630195759453396,1.5992037537520323,-0.13972680202819646,-3.166316462638673,-3.2891630398033316,2.034822672782946,0.861347548110204,-0.4379642613753352,-3.0337100206888694,4.662303198933938,5.019670361040057,-2.0731537868329375,-3.164186901444614,3.0053647350096093,-1.4431332272696187,-2.234177860093865,-3.9858123328869093,1.760233082914937,0.6771248423224214,3.658946585313071,1.6408879680308657,-0.42300756547545354,2.0153086525881885,2.000843024035432,-0.36741715902751193,7.607279415769331,1.0546352529920342,-6.555453566172502,0.8173584557951001,2.2966672901032985,0.6421913068728216,1.4086889028915248,1.3178326486564782,3.1527641210460233,3.918775069984812,-2.342057461669055,-1.4269835465695353,2.174130961818122,-0.9646569674161936,-1.0040154883417685,-4.810848795422082,1.8611785687331885,1.2075189303581073,3.690401312012361,1.8373378010023003,2.849124138139896,1.193856140176701,3.7611355991269217,-1.6074373370751225,0.27828664981207035,-0.8576453356525382,-1.970820160469982,0.3448405196556733,2.3812769778879783,1.9797164588477418,3.7240536139125027,-0.5428391009391145,-2.200271235180273,-0.8787585804954533,-0.3087073338044523,-3.5593152961484624,1.7153377833895922,-6.288711146848212,-4.538840570092608,0.5417357159950091,2.145084835320076,1.0203431654366542,1.4555610494457332,0.3719291786035612,-0.928310393443585,-0.6215790827992667,-1.0501197481250457,-0.05272422698732369,2.1932971214440036,-0.7945376390215797,-1.2413233021178725,-4.1537540801188335,2.1316630037776663,1.2775929978241576,1.765100043433802,0.30635545617121807,1.0583027768199758,2.349896322946781,-3.7948537861893645,-3.3322322515039176,3.149087686531141,1.8329328875284108,-0.162527770948868,-3.3819455520260986,2.5971165681566357,1.7357399073651552,1.12121512721661,0.5032825231718043,1.6518444186220949,-3.6244644551456675,-0.24028579705638045,-1.3798574070210528,-2.7109448919677748,0.3881963767505552,-1.942994539480625,-6.127634453616684,1.950864665641543,1.5711972391786824,4.22301013568527,0.1553644801387138,0.7048724080432268,-0.8801103975312669,1.66719710578169,0.4208473935158248,0.12748624884931087,2.3011246020740908,-2.122664022240764,-3.4145457457744635,1.1954085299675308,-0.012481539968750963,1.05853540131476,-0.37024525419775356,2.0052659257588763,-1.7900595293464376,-1.6098433240827663,2.8011723896378395,3.4632790486013527,1.8685304567570817,0.6409516057487676,-0.5235958513985853,1.924757686378256,-0.1808092726238979,-0.6573311570084984,-3.269366263116168,1.480304796785226,5.635336574678334,5.930690559826041,2.6205116486635296,2.8134539521281767,2.1164039413198217,-2.294242581995975,-6.259891804728927,2.3445402959069663,0.5505275365541495,4.932097200076328,0.1542914647128405,0.2943785859580438,-0.5282012795741726,1.3052171643557715,-0.0027994422305052573,4.451260413816265,5.937292890116066,-0.384748281918726,-0.9140715909021646,1.7196766381027104,2.0967708570270855,4.933181196169736,-1.2406965754162942,-1.9003532039678355,-0.04116785368783523,0.18175698098071247,-0.13564450442407835,-0.9031859914631543,-0.7135467337538626,2.335304510817981,1.4996602067104732,1.6039777797632482,0.06452406312574852,1.3716456917484212,-2.9054576838941477,-3.7817120890492677,1.4438197192346773,6.995791076664878,1.873522832141388,-2.3606577838144225,-5.593033953107231,-5.705374995725163,0.17933726048400844,2.1758964300675108,1.5067360936694953,2.6946234957481376,1.7064847439681854,2.086079233246155,-2.105606002960259,2.3536717341100606,1.683644359426563,-5.099802128330539,-5.308829132768193,2.2814521515477053,-2.8504432207143053,2.1635744837057307,1.3771436092304765,4.672087201035172,2.634543578750135,0.23286889049834422,0.16618421479032133,-1.0796945829386855,-2.858045886728438,-1.2975616083394574,-2.665607199615247,0.4720816561709997,-4.214227950209954,2.703409952761917,2.630560338405374,3.381713568452547,0.364711985970512,0.9637189004071156,-2.9809582824753424,-0.49262569196379546,1.3195558822330133,-1.4739474875500387,-3.945432566212652,-1.8593888520729405,1.146942743060892,2.0552174549515034,2.139715220610604,4.384347629190229,0.3727097441862885,-0.20275920337938455,-2.060788120391803,0.2823324707333752,0.18120363800834632,1.377817936937831,-0.06049031783599011,-3.219853099194629,-3.167182274062509,1.5143968115934394,1.7134973205776307,3.2663797888928223,-0.3675440045202236,2.771802349426911,-1.9672656740728416,6.110033706448819,6.327650935799081,4.286272615830321,1.0167037104235706,-3.9105564976386056,-5.5530028649446965,1.9164461794071919,-0.027656970195234682,1.425614332340658,-4.2497762374517345,-1.3862952399890058,4.229933620344304,2.5603277831852003,-1.0462061621364311,-2.1108512190979343,-2.318548928963645,-0.49086761483535196,3.3050425928516827,1.5186846810845716,0.06068653168922898,1.5370650526796004,-1.0614525370305665,1.6942212521273439,3.7424785469629405,2.5176755432236244,-2.467652760099713,-3.789124425785404,-0.9948152510752396,2.058878113910474,-1.0676848059941613,1.8344352853732795,-0.5624480057276353,1.7772378153308372,-0.8707456523044098,0.5430907607720878,-0.6581076175096252,0.15672475127930358,-2.2495584133087765,-1.56314335569459,-0.7487033432223882,-2.3067340537238565,-1.7679719313517603,2.2176498902225856,0.11019107497960923,1.7641779695003585,0.05049981468652337,0.3092706123341731,-0.8857725532974838,-2.1467397054061297,1.9596860461196672,3.4290590016543527,-0.21525911882783305,-1.9054114384971041,2.4503066797393256,2.3188336389078157,1.1860634872071028,3.2449255490891455,1.4965329070824762,1.5018710021781547,0.8060321447502392,0.03208349520089558,2.3505524543852783,1.4135332598269348,-2.1184190100581355,-0.6504518665887842,-1.3322660059308973,1.4959622050178263,-0.3995234749062216,4.074885828151742,1.454652868797018,0.24911810199071716,1.5027756880970438,-2.143030872898845,-5.899333008829568,1.4396331742994488,1.647119253265194,0.5344679626434827,2.132566352263326,1.5443169072788785,1.2240850004145523,2.380027176392632,1.3565806334060972,2.2571230922210814,-0.7767899027654656,-2.5037548799042106,-7.602967703209706,-2.7697960890612623,-0.17815459519627685,-0.20477901613013796,-3.0608794943769926,2.551743330475517,2.414199406095743,6.680586300692776,0.39867138346897574,-4.181394030946712,0.3550538733980686,-0.5752369433576857,0.8800144519910831,3.981532697444888,0.25221260465571643,-3.132766752394101,-2.513262466707425,2.6793944795009788,1.2165117911498984,10.94034590747749,-5.641177960414964,-7.877822766655259,-1.0511973077648997,-6.968372183265709,-3.157801545763565,-0.3258568932483239,3.073905772586337,0.7191975393747481,2.7937211448890107,2.0539492582555083,1.3230277846224732,12.546959241135733,-3.6726865471747234,-5.3938542681415145,3.5330391839441293,-6.116999922939057,-4.09903288663771,1.387149145124377,-5.365924835230328,-7.194066322813086,0.847047245300266,1.6791142623781734,0.8399267514893842,10.323082516699476,-2.318017717510575,-4.36011214681253,2.3876292831259276,-10.838727983420101,-9.182363273468448,-3.39399982956681,-5.663952613331643,-4.709502673122097,-2.90602250965803,1.2128611267717848,0.29579243566380203,10.169182270750301,-2.058390706920889,-7.279970328170175,-0.008973406557510388,-8.095021912905276,-3.1068903240227144,6.252537142040193,-2.555589133618334,-2.527164827260887,-5.1078246948870065,1.6946288124484836,0.7202705150310822,7.857494149606252,-5.5447938440724505,-6.176384773317675,0.1224721147640621,-6.019600667991255,-4.146641119443186,3.3114606631234986,-3.154378929559869,-1.0552631521543057,-2.2208008620541246,1.835308132638357,0.22248468712888225,9.979929993157917,0.4392196609753173,-2.4055648924491395,1.8978612518892926,-7.224476390350567,-9.470319432794282,-0.6184110607918206,-4.383503438439964,-2.336901522200559,-0.8740666701468192,1.1848873336492405,0.662867355651237,5.405481592074905,-2.1056608760326965,-8.486571951412651,2.323745083964678,0.5157725724077599,-3.7715389630287834,8.703500212852372,-4.885021738677053,-0.4786592399837882,-0.7817052752895743,1.0031008680859934,-0.1857901449457683,4.628907333132866,-1.2493450511238988,-7.347273019293122,2.07277273697495,-3.0045003162540587,-8.646290228077891,4.745022161377647,-7.426797901787097,-1.2502865662804576,-2.013758027420085,0.45107340186576667,-0.4272576352815608,4.336333479802478,0.06843431669372328,-4.848747251147118,1.1391073739435988,-4.136010894646839,-7.129982587465328,5.458149403647008,-6.393139387568758,-3.762760760212863,-1.0946419058827404,0.2119450070794912,-1.1112123567223524,4.6496205445375,-0.8451397732807883,-3.312236537396564,1.8257043013904588,-2.369985580062268,-7.7745868131328795,4.306642517414886,-5.063687353151531,-3.8743405836280087,0.2605658525975177,-0.33887431631549947,-2.925280893084094,6.030506826216644,-0.9932267081927804,-4.380886419079923,1.5470017893961003,0.8474137325168181,-8.059685107878272,3.126552791051484,-4.1518127370756455,-4.251363613192056,-1.1985138406887812,-1.1372288746972095,-3.11883522853054,7.811931032430149,-1.8000599300369446,-5.309826598058332,6.158788492512248,3.604560735995732,-5.503327916481206,8.370752608882308,-1.1597089703904948,0.06901217643146923,4.705928108869748,-0.1541459278132157,-4.115243245654514,5.829796970321582,-4.368629297878578,-2.397370677820066,4.7178148660755275,0.9175683418081462,-10.119927367365621,6.381491353246657,-0.2581655286614259,-7.11825600102625,2.300314029970734,0.12127481107267217,-3.079363840617504,4.3466831070951715,-3.253785927748087,-3.339790489613517,4.4996293862591035,1.627811676694725,-3.9142526768213846,9.050178410279853,-4.5838856764666245,-4.689929382070435,4.657978928136079,0.36215989204986054,-1.9628154165755847,5.332248725799577,-2.148928201443487,1.2253212158582691,2.668628114347292,-0.4868442650540612,-1.9984661746391335,7.423234494859927,0.32878369106711675,-3.3148902183899436,-1.5140555812998244,1.400967302058317,-0.01783475521376113,5.859821765361031,-8.373360840051136,-5.033832058632288,3.309815496840484,0.291166998943049,-4.661266651902465,0.139002653306642,-5.676328500940373,-7.321384626431939,2.029296003493508,1.4531644714487941,-0.3480783509272069,5.488896920103409,-4.884777660065302,-2.913113046260667,0.6814683020833887,1.7078214379477075,0.02052984173626157,-1.0714958549278837,-7.201110048026013,-3.161216769181981,3.112876735184379,1.9129345303719292,-0.7209081389332964,3.8583985334532707,-3.3563341673995133,-3.5701059495323766,-0.475158350382377,6.647643109584935,2.539290489067134,-0.3462234714951491,-8.66758109159464,-5.29786534677198,5.153597456220651,1.7359307065053904,0.9651525242521752,5.470330154746041,-5.687516553921486,-1.151861297378093,5.140701297708648,4.416622871140099,-3.5720356009079026,5.523316756777662,-2.984845479482543,-6.7660573344301955,-0.8021060779052596,1.7205432186000629,-0.27515140431240614,4.10425418698261,-3.795242698272861,2.2758278371852145,6.30887767593731,1.2205758123954062,-5.5670602009055274,4.835677959285749,-1.9198152664493215,-5.382341457401268,1.2800433014096904,1.0698211030032476,0.9955495283184519,4.192362290892841,-3.12297782618079,-1.5797229745070345,1.501923104811873,0.661890961014442,-3.471248156317154,2.5412872492480605,-4.966763560188665,-5.962833842803872,0.9042673628197286,0.18397312611123615,2.088644995090506,2.159508310278584,2.184478930424557,1.7384528437856674,4.789502631808756,-3.598819112867088,-9.235349296133263,0.06310488263738327,-6.561395811804286,-2.3836578672617663,2.6740840663609626,0.7287049015141625,3.5777586339774055,-1.198079874605706,-0.5172717718996281,-4.257302950873526,4.420351536662324,4.659787290663179,-6.397320370638473,5.037602376052912,-6.171977377987716,-3.4092193546706993,-1.2486543815493927,-0.1707307149884472,4.688236199586359,-2.0953758465883223,-2.015246248611001,-3.512663071750554,4.210548154267955,6.913453885418771,1.8702560854480645,4.550957620430338,4.417073621404485,8.985158253440403,1.1478001546294407,-0.7534325149236275,2.993324765284222,-0.5182658182536026,4.815611057525716,0.3494454095905008,0.6454154143893075,1.9691651804897508,-0.8615679440935874,1.071981765276775,-1.6021071845770603,2.53893679571046,0.02138962947518595,0.23232152702971984,4.391952320504905,-0.37434175497804284,3.127785188629491,0.012724973867923513,0.19422375632158426,-1.7918511195571236,-4.387612553873147,-0.7707403205453208,-4.058667078854555,1.2093998703859392,0.0912635881287221,0.19443200877472958,3.8221416123680503,-0.024184094907473974,3.0040733282158243,-1.6828649479102105,2.9583911396564178,-1.9231591715356138,-3.387173085063228,-1.5944132524744945,-4.868837584603881,2.811907586260808,-1.245230800278162,0.28695802799941916,4.242333768165892,0.9052784958010366,3.097752905269807,-3.7661076256013635,4.0037999743339,1.0876173908375526,1.0506265711803828,2.209634428499538,-4.461279040797388,0.607049732174305,-3.7040934758222885,0.9498454175419381,4.290666727527193,1.3891686326043418,1.7119041609997554,-4.6383906416547,3.6232514503224773,2.954348529944759,-1.246952487289628,-3.14387431153266,-8.584660643192509,-1.4520221326507414,-2.3523671436553477,1.2472819001600919,2.9487187753411597,1.5650863229380716,2.557348528167026,1.907758073933767,2.467659837133751,0.07019275884215995,-1.722719203845496,-7.445930414083377,-8.84612232897817,-1.1793411135119205,-4.153832662055978,2.0688506269116784,4.672433667156637,2.0586053627286405,2.222955852018569,-3.2587499138353637,2.5789406779653454,2.4044586511802994,0.4579915452895668,4.55721475633034,-2.9526308674805493,2.8187232573040344,-1.5798227177022501,2.9775124538364754,5.162873554218692,2.8347467083678675,-1.939081184376574,-3.0140897518498924,-1.2490005106281217,-6.070616393236905,-3.7027855493180444,0.7381824392177873,0.34427415518861015,4.913271971427331,4.26215004220727,2.6187024210921184,5.4594179161679826,4.662528083366186,0.24734634484695875,-3.112274403972913,-2.043522026420681,-5.9561237757776135,-3.551174189750699,2.648655942017237,3.3053054949620213,7.913786123745837,0.23073283343190382,2.3009753644754323,5.015733923240285,3.9088518600343134,2.1401045845122724,-2.357318421401167,1.454317297822142,1.0477325423783517,-4.830136228081548,0.39668086232516725,-4.060514607350536,3.3552879826669133,2.916741775060276,2.541059067590567,3.3491358024641973,1.251849327326717,-0.719920090251806,2.311463506774995,0.8875336665705421,1.9651697033529754,-0.7028433814061065,6.213269754470305,1.5546110251844145,1.8135432091238939,4.8548102945399245,3.551320752711343,3.2524783927441785,0.8505867272989,-0.5412422484168081,-0.2528285861324181,-1.1714455209802868,2.031119886332371,-0.6902705004816815,0.18216418088679498,-0.8806124320174903,0.02331466484083277,5.345683465029194,3.664581473102684,3.0943542340791033,2.8820415861098447,-0.6903702730898985,0.6983139669332795,-1.8492664731230062,0.5070927111766195,-2.337259812243461,0.09390066534544261,-2.1969875655596622,0.7866155264263561,2.11808790190843,3.266212834002749,3.5734944973429115,3.460115027301907,1.9037988574473859,-2.405259044425852,-4.9602639624302824,1.69838576181268,-2.393631774511074,3.7246281853800607,-3.236197630928909,3.8835087120300837,3.5250426888512543,3.119765069848299,1.163657063568335,2.241271856627459,3.0669376514960045,0.4239257668912726,-6.939561336690223,0.15925415879661478,-4.481694012633349,4.106630933821283,-4.185162802921905,2.987403656722079,3.6152002216756114,2.8293373742805383,1.2186094757961232,1.4478719276028573,4.29172501883869,-0.20458662594336383,-8.358518790090256,3.5134718383811014,-0.5475252371143021,-0.8256033031457207,-0.5257836529770012,3.551958986773384,5.486266112637164,2.134214550510531,0.5907911199353671,1.8930450128635372,5.988320091285719,-0.6832121416413472,-0.3087752518006895,-0.043942955210124944,-5.135047856861127,1.6385016204664147,2.8872651842268753,-0.45231437285458265,-0.4964815561918517,2.4404583795488257,2.6236278173181207,3.6246043740349796,2.641735575127844,0.46416113375508217,-2.56630469429183,-1.3020539217746738,-4.263660179829073,-2.3801856848481155,-3.0396702989819375,-2.6226570155860096,2.642547016715719,2.5227348362202644,3.5900257689624775,4.753569444581977,4.325445383315164,-0.7847241205452281,-8.216759133940513,0.10097677917575736,-0.09696366527449789,-5.671385072703489,-1.4124714370444866,-4.681552477825303,4.304779810009865,2.098925887143991,0.2587457786363258,4.018913859198757,-1.0848914968705121,-6.20050613906234,2.7266096106372464,-4.164747224149914,-8.708363078434907,5.964828070840976,6.526733801453258,2.2376481234769656,4.236038382845715,1.033126017856773,-0.06174039064203466,1.7212409095157037,-6.504135245208509,-0.6637092441912114,9.241802157983535,-4.478646748956052,-10.08706988681607,3.639113757565624,-3.686588400865312,1.9661412397861213,2.1287001837208095,0.38708516429699924,0.14560285173380885,-0.1500361429295539,-5.771362067816481,-2.072444002822937,8.076639741640241,-1.9561782292330305,-5.825525234142636,0.6757708760226664,-4.305720110292109,3.268338651475773,-2.975221974529999,0.700545345390679,1.7412015109007923,-0.579547864624342,-6.807376064369726,-2.537748151215177,5.327656918740317,-5.288837680346985,-7.404518895499194,-2.089426149094856,-4.689727131592664,5.245128253342651,-2.6835076035819627,0.6369545759734727,1.4206484315829402,-1.922896125570761,-8.619082125459968,0.06616284944496031,5.46948094271126,-2.779956091924236,-4.753427130082587,1.636105472264831,-2.0378308029882275,3.2390698806345544,-3.7173562587846685,0.8079940216979002,2.5287293217051294,-2.877036379145163,-9.030804973529095,0.21351281158588908,3.3566439846306504,-1.4090809650553442,0.2344582035741561,2.485501009981582,-0.4015277456299058,1.9579656730157238,-2.912768082358956,1.2129401703205234,3.367970838999991,-4.305145462591401,-6.3569569968407285,2.7667022965144286,-0.7694231202724905,0.4936574242808959,-1.2714612477198715,-3.279117726287324,0.07877131032071362,3.7542859536906934,-4.060264547046254,1.0799278941057877,3.7245439707260672,-3.4242426458687283,-6.895947589606374,4.401165671880275,0.5685408354317549,0.889334630344212,-5.159251560409173,-3.9896368096950896,0.8196812509168332,3.9765482396799263,-7.294456346783969,1.4600212176010963,3.5733152682576885,-0.8376592176563725,-7.776216330676077,6.9570249542534945,2.406538463428537,-3.637807733037808,-6.771132342755142,-4.840447523924354,-0.40773626232507854,3.8809811292127447,-5.934669997593239,1.4720902655706576,3.623739148570136,0.628742750630874,-6.422381968658745,6.179779119685606,5.144803345267051,-2.937029178111125,-7.36371518042209,-8.831404306980206,1.065826716927706,5.350310773197201,-2.3982919465333836,1.8919657523853106,3.270555621994536,-0.06474613858243483,-6.936407881314029,7.171741075171215,3.986060258242814,-2.239632852776221,-2.3023265400192194,0.37777213777534435,2.8006118083545526,4.00855116388992,-3.826921839131849,1.1676707369168216,3.2589247884206323,2.0826679166164372,-4.691240315693056,2.0003274182615893,1.419284062546272,-0.47536090969112893,0.21781553063949843,0.22653367591066503,2.681273348435819,1.7720503234975797,-2.0005271160134463,1.181785311387465,2.1850782787443395,1.953802259553319,-2.7776609928276894,5.145402304207449,3.0103066464654185,-0.4478324825520088,0.632553784094226,2.9231305742665197,-3.704035358644319,0.3999015385517678,0.6454683385120356,2.3184023360942976,2.050809259709017,0.27988420066344527,-2.529622106039364,0.8689791604251231,0.39590166392561654,-0.689988955249419,-2.4247463504727467,-1.224491694948049,-1.045930872099012,0.6910046344637485,-3.6474481379439947,1.8921895487512586,0.36969470732114534,-0.7229097208767561,-1.5669687225839601,-1.5181489786966111,1.7704915095813858,3.164717958426773,-0.15936198884584604,2.187183509653552,0.0496587688024597,1.0734425508210597,-1.1528789875731673,1.8033441221355266,1.3934546068186684,3.0124184284283984,-0.8773376144830116,-4.623105722056376,-5.760177451170778,-1.6968243205002043,-0.49499664741391614,2.306005384816142,-4.958689017151582,-5.915991490606239,-7.060260541924161,2.6400881769556794,2.325824088973913,0.9207621845596287,-2.055237920661915,-2.8014489405785743,-0.05710212982361816,-1.2108602825261972,-0.6315603412121199,-2.180045954093577,-6.209633375855849,-2.579920960067274,-2.170240926551797,1.2620210245243397,0.990073861024875,3.718965855489012,1.2482804262342337,-0.7602143814273855,3.507449346411706,3.9447980552525377,0.8589789369338965,1.7659681580584492,0.5325684179698491,-0.3550490350150177,-2.336997500855828,1.1179492606353911,0.5675487116868778,3.6894307958413894,-2.123914823524674,0.8205438465254392,0.8756023402692467,-1.4251216671683238,-3.1856822047221125,1.3283559956610516,-1.153664335315774,-0.9728861071629585,0.1579605368329433,1.4124046968362807,-1.7625498143766536,2.30479378129259,0.7431233722735742,4.079999968422031,2.157439248430097,3.607232309645624,1.573512712541297,1.3359219714307453,-1.9558358092189818,0.009174783804655936,0.0007504811177958052,1.5134408021791617,0.34331386565582267,0.81199483424744,-2.4476203760591035,-2.096508706547867,-1.078914751638606,0.16683840636776306,-0.9959849685456154,4.163049501312498,7.376135409399412,-0.35785406602230385,-6.663893438946399,1.78868691064333,0.7095076570133396,0.49891595126862237,-1.2260939912050688,3.908512313689049,7.123534738840435,-1.4847695500022995,-0.7878169963730374,-0.9982798181462724,-4.489771993234408,-1.6202183234466971,-0.4368190728006968,1.708503567321728,1.8719020860455031,3.165590384824621,-1.5398501735070675,2.703770073336748,2.724343416683054,-2.5534972560610765,-5.236786155866654,0.060337364772506695,1.224832595422416,-1.783631520585284,-3.7338155225140737,1.9903829264562514,-0.0006374912902079048,1.0278993903511568,-2.077360839546259,-1.4099964481512397,2.8903925407761637,2.7437480990560283,-1.0276982399956767,0.5968863629581264,2.16688270197887,1.815771843836484,-2.1711722915340013,3.112477423181528,0.8376366233762411,-0.5389878954328396,4.021987354062315,-0.4416649361556745,-2.035487260553419,1.5469326767933302,3.035988014533976,2.720260373245141,-6.013248430310723,-0.8791729429102498,2.4122586964944563,3.489500691339826,-0.13398211721484254,-1.1106950411947416,1.4343669059428275,-2.7665108055325316,-5.5840417947692265,-2.2370962296068684,2.2482582829366207,1.548015448177727,-4.0594229294081785,-1.0606402759725995,2.6597495411848318,3.523733555731884,-1.2838235480617026,-2.8247955173843198,3.9410034623951598,-3.685667196442856,-9.587185791341929,-6.89267123092495,-0.9949047380717941,3.2704135221954145,3.244289610534431,7.178678435638143,1.7496961929382613,3.7424014927213567,0.45750488224989666,-0.06811431739791879,4.121952006353634,-3.037372244435882,-8.014797619844732,-12.400076236132278,0.4741290115742525,3.69320172177564,1.32004057363176,5.863445790144224,4.1551130298802414,3.520743997233544,-0.32156297672809375,-2.485869842361981,2.8302001584008205,-0.9375167113189011,-7.537511807862144,-12.466435482025963,-5.471588702404181,4.7781023141324015,3.0022592148535994,5.841920364565543,5.733450169554714,3.4135918327974983,-0.8095007166478037,-4.872958253164133,2.770131990325424,-2.3370288205396084,-7.523775819801078,-9.379096212981318,-6.118540305757599,3.0223932121553663,2.643999633928445,6.203239841030456,5.11706538143028,3.6501774802241225,-1.0568482315303749,-4.717444498784335,2.4275388817731556,0.46973902414380125,-7.096825438620833,-13.083612439181689,-4.688052455759119,3.759236356651895,0.8767483779554833,11.693686920838502,7.31906708867153,3.471938687320079,-0.24320769155725583,-3.6849447244626923,3.144934993483565,1.9670590784708197,-8.986169039707653,-12.808348271851745,-4.661270966543687,1.3639728915525344,3.0909200979242777,8.925469442844141,7.852018129696507,3.5777447745357858,-0.5455422938584148,-3.801456456981087,2.0989122883664817,-1.9865566207776721,-6.869143218575646,-11.417421929831896,-5.656853451367557,3.896207433818711,0.0009128742007447818,6.8200651148177815,5.923742001767589,3.6859897906978127,0.31801050420940125,-2.5799773612888237,5.334937589237656,-0.31304826784455064,-7.839659613117688,-13.1154068522239,-5.605170573901356,-0.9548021460376722,1.9830800138980602,9.3705598619992,5.599425455043931,3.485324928475313,0.11096410788897418,-1.086814401850461,4.097799099626301,-2.7175009492762086,-7.074488200156349,-11.417161723973267,-6.02235082200014,0.3879963499459875,4.448473906763395,8.932154562239079,5.80403138370442,3.517441546463694,0.8223617110651836,-4.053967141364208,2.7910867248004347,-0.7415365810753314,-8.620217581453648,-12.155232039121936,-4.308443024247071,0.6214836461613203,1.00067311723536,9.657678603560095,3.155293408195789,3.653914459044925,0.7804990490948868,-2.5235949758066734,2.0377633413411993,2.2201512185105834,-6.039391995786588,-14.262829487034749,-5.712035770509628,5.021836943483367,1.2119360545440963,5.023297456444503,8.98252265443422,3.2817174767746233,-0.3509407408109573,-2.804468766598101,1.056493220936772,-2.674767015550612,-5.766400346591222,-12.852395288914229,-11.186911953767494,2.9262806459916186,1.4121357833036474,3.24932117967306,5.485546402419017,3.6333049936445527,0.22000552263503292,-2.34189058263367,1.702885284493746,1.4745948062509777,-9.526986730336507,-9.805869043381259,-0.5621999961552642,2.695957001966209,-1.5158163201552155,7.794529378424529,2.8119210533636045,3.2035864329298627,-0.3793730951538401,-0.5189601341291664,2.179568519843604,-1.681100808818409,-6.361973154260356,-9.646955547977171,-0.7597186085834258,4.275079251538207,5.473216623379795,0.5025740937732751,4.64400611716257,1.9310786477967024,0.8605805920274849,4.383811106525635,1.9975798535631046,-5.2241639479213156,-9.276514165038334,-7.116698416763808,-3.0795764929739096,3.5223831641099284,4.086122968140095,1.3114028988076352,2.0806243046605304,2.412044223291554,0.4915530215303318,1.545694490851557,-0.16182492179538807,-0.9777794208359261,-6.222516574755037,-6.82517100074611,-4.5711864730164296,2.1176947020394796,0.7460033586261181,3.7739847009126684,1.0723660332208618,2.6597825043961683,1.5852201245712487,1.3549714363952825,-0.6419394514656537,-1.3981757984241903,0.48210479208981777,0.6101002468479295,0.04930548970247982,0.9436066489034944,0.15347640842306062,0.8758485361020728,-0.3823914920238972,2.1723259115233207,1.4493662232598672,2.2308513739722744,1.2781746588156837,-0.7647791548309817,-2.4190727347236374,-3.7671800262066664,-1.490713206656865,1.762345363087049,2.116403570391057,-0.8354080539344688,-0.6818414161165842,2.101221801286023,1.3189817741991037,2.9923654691471104,1.8602458411977285,-1.0686291777790076,0.38560709430530415,-4.5325340892289345,-5.998380473074972,-0.6825623706980517,-3.228450900123075,-4.567560236238212,1.261948145736784,1.4549999299147678,0.5631032430251353,1.0738058896956317,1.5018017006733075,-3.338466277822078,1.7605922929061202,-0.1299418912625296,-0.4086867524817611,6.438504199335617,-0.08812791454209241,0.003238614918635492,0.005573898609735869,2.203417043384145,1.7271813417824904,3.3442065210150225,0.8760946857443339,-1.1339074214276381,-4.4499547605657055,-1.7342142754903906,-4.035173961487945,-0.4568305680857148,-3.7059024895237958,-3.598687064534452,-0.08827190155094446,2.066604954607211,0.6045332906083946,3.874439863497959,2.2563711865836074,-1.6116599384740447,-0.774562511623128,1.5122513497755066,-2.3043780443498774,-4.568040115893063,1.480343149792035,-1.7651386929949058,-4.47664261210421,2.039113723606042,1.6403570812572155,4.09192596456469,3.7978186603879585,-1.138422116632791,0.7248867394046341,5.587542341750089,-2.6060951761767077,-1.230009893617361,-3.3268834288995572,-3.4898833703014347,0.19292537444750799,2.0267989183828687,1.2845263858737332,-0.08995250470723892,-2.8418430311409137,-3.2977755509721383,0.46843066103942116,2.2038730216173597,-0.4186545283572841,-3.2553876347870343,1.3188829722730329,-1.8312624635386847,-2.23700244511036,1.585862134502679,2.132859132443664,1.7088544199624025,0.13616163871463308,1.5004925433747136,0.7867506546914843,0.20098534833592713,0.39683750488948893,-3.679658034461856,-6.049467267678172,-1.512009543373483,3.059881446401065,2.064236040592955,1.8670364137741795,1.9059678679841892,1.045116737065656,1.0023881252137832,0.2643292799523323,-1.779479506687569,-4.208342634207093,-2.947551529438512,-3.1786641280503214,-3.248239393778801,-5.632475037262545,2.111539858271237,1.7386937748613587,2.4368470040408257,0.7492912815661313,2.4230763221560805,-0.36176180962028104,-0.24531822842399928,-3.421582978413217,0.7253357602447402,-0.9527447996063098,-4.650134681102934,0.2398606299501814,2.1032589179139967,1.3298939422222973,0.7530424089117426,1.2421324660629327,5.336475958689283,3.9277704679214525,1.4504432523647508,1.555960230692901,4.368479492948545,1.6084802728560803,1.03645812274949,-0.7985127547091435,2.119522598971864,-1.5908687996255864,-0.2572303135436772,1.2452828140267926,-1.4637228296776272,-1.8549754635363145,2.759620976406397,4.02083320212468,-0.3837980028827368,-3.4029281400059492,-0.8033957376050956,0.04274969441674244,1.6654764213179687,-3.248127381701291,-1.8656139108593353,4.427924409518795,-2.418983477517164,-5.746383820554638,1.7170652827888435,-7.530415605120077,-0.19264823140239024,-4.017482306422914,3.434983970045923,1.3909933537553794,2.1453177124623224,-3.2167320236989756,-0.6869901040493794,7.9638443206064835,0.8525967970559226,-1.6512154167150617,1.489033684306261,-9.625728454186742,0.6537457581279786,-6.048857224359465,6.852173860571271,4.288386945298212,2.1579384158097836,-3.7003256940144524,-1.2092003787790075,6.199947077052969,3.6711800002491994,1.0694658888629205,4.5981122562358765,-5.1665802002709125,-2.630850146966811,-3.9805060875139033,1.551395058171101,1.6578996361341183,1.484156140477098,-5.364298559396158,-1.029675429073631,6.1591183285456825,3.9105406322799268,5.174472104792462,8.992300879811033,-6.4041406214567225,0.3518212538429742,-4.074203468941586,1.9735428907890096,1.2185655383463108,1.7653113785994614,-4.952323818393627,-2.2335076392601376,5.496090313352077,2.008810177382183,2.605209285234826,6.853877088762661,-10.594952967171386,-0.8650019167821827,-2.543813360632244,3.1714729783089988,3.345444368150995,1.452283971674117,-6.045822286641122,-2.9004041445628714,4.585915243743786,2.2899282384765303,0.9923701857158346,9.816225085702976,-12.258172216480432,0.15279686857605046,-2.4994894505608136,3.7254367581778656,-1.9688933853433166,1.3051110093825091,-5.540124726271486,-3.6573985588994358,7.555467533374816,3.0219967220609827,-0.0125001892140965,8.905748878551055,-11.161904926427303,1.333804300154606,-2.853741765033856,5.036010724523304,2.6333967562023757,1.2991952472460704,-4.916612862872884,-2.4048679953296306,8.135633285606291,4.282600420854511,0.08674345029065345,4.50677018458255,-13.314387024209937,0.7872954916001235,-6.464430868560849,5.9850614287366755,3.969149965065877,1.3375825152782217,-5.291123088077674,-2.0504050947596544,6.341230902332061,4.988226561093899,-2.4631813559909803,7.241120702667215,-12.99050505704621,-1.7708291082487124,-2.585832424301629,6.068766193788674,1.3562495886210546,,,,,,,,,,,,,,,,,,,,,,,,,,,,,,,,,,,,,,,,,,,,,,,,,,,,,,,,,,,,,,,,,,,,,,,,,,,,,,,,,,,,,,,,,,,,,,,,,,,,,,,,,,,,,,,,,,,,,,,,,,,,,,,,,,,,,,,,,,,,,,,,,,,,,,,,,,,,,,,,,,,,,,,,,,,,,,,,,,,,,,,,,,,,,,,,,,,,,,,,,,,,,,,,,,,,,,,,,,,,,,,,,,,,,,,,,,,,,,,,,,,,,,,,,,,,,,,,,,,,,,,,,,,,,,,,,,,,,,,,,,,,,,,,,,,,,,,,,,,,,,,,,,,,,,,,,,,,,,,,,,,,,,,,,,,,,,,,,,,,,,,,,,,,,,,,,,,,,,,,,,,,,,,,,,,,,,,,,,,,,,,,,,,,,,,,,,,,,,,,,,,,,,,,,,,,,,,,,,,,,,,,,,,,,,,,,,,,,,,,,,,,,,,,,,,,,,,,,,,,,,,,,,,,,,,,,,,,,,,,,,,,,,,,,,,,,,,,,,,,,,,,,,,,,,,,,,,,,,,,,,,,,,,,,,,,,,,,,,,,,,,,,,,,,,,,,,,,,,,,,,,,,,,,,,,,,,,,,,,,,,,,,,,,,,,,,,,,,,,,,,,,,,,,,,,,,,,,,,,,,,,,,,,,,,,,,,,,,,,,,,,,,,,,,,,,,,,,,,,,,,,,,,,,,,,,,,,,,,,,,,,,,,,,,,,,,,,,,,,,,,,,,,,,,,,,,,,,,,,,,,,,,,,,,,,,,,,,,,,,,,,,,,,,,,,,,,,,,,,,,,,,,,,,,,,,,,,,,,,,,,,,,,,,,,,,,,,,,,,,,,,,,,,,,,,,,,,,,,,,,,,,,,,,,,,,,,,,,,,,,,,,,,,,,,,,,,,,,,,,,,,,,,,,,,,,,,,,,,,,,,,,,,,,,,,,,,,,,,,,,,,,,,,,,,,,,,,,,,,,,,,,,,,,,,,,,,,,,,,,,,,,,,,,,,,,,,,,,,,,,,,,,,,,,,,,,,,,,,,,,,,,,,,,,,,,,,,,,,,,,,,,,,,,,,,,,,,,,,,,,,,,,,,,,,,,,,,,,,,,,,,,,,,,,,,,,,,,,,,,,,,,,,,,,,,,,,,,,,,,,,,,,,,,,,,,,,,,,,,,,,,,,,,,,,,,,,,,,,,,,,,,,,,,,,,,,,,,,,,,,,,,,,,,,,,,,,,,,,,,,,,,,,,,,,,,,,,,,,,,,,,,,,,,,,,,,,,,,,,,,,,,,,,,,,,,,,,,,,,,,,,,,,,,,,,,,,,,,,,,,,,,,,,,,,,,,,,,,,,,,,,,,,,,,,,,,,,,,,,,,,,,,,,,,,,,,,,,,,,,,,,,,,,,,,,,,,,,,,,,,,,,,,,,,,,,,,,,,,,,,,,,,,,,,,,,,,,,,,,,,,,,,,,,,,,,,,,,,,,,,,,,,,,,,,,,,,,,,,,,,,,,,,,,,,,,,,,,,,,,,,,,,,,,,,,,,,,,,,,,,,,,,,,,,,,,,,,,,,,,,,,,,,,,,,,,,,,,,,,,,,,,,,,,,,,,,,,,,,,,,,,,,,,,,,,,,,,,,,,,,,,,,,,,,,,,,,,,,,,,,,,,,,,,,,,,,,,,,,,,,,,,,,,,,,,,,,,,,,,,,,,,,,,,,,,,,,,,,,,,,,,,,,,,,,,,,,,,,,,,,,,,,,,,,,,,,,,,,,,,,,,,,,,,,,,,,,,,,,,,,,,,,,,,,,,,,,,,,,,,,,,,,,,,,,,,,,,,,,,,,,,,,,,,,,,,,,,,,,,,,,,,,,,,,,,,,,,,,,,,,,,,,,,,,,,,,,,,,,,,,,,,,,,,,,,,,,,,,,,,,,,,,,,,,,,,,,,,,,,,,,,,,,,,,,,,,,,,,,,,,,,,,,,,,,,,,,,,,,,,,,,,,,,,,,,,,,,,,,,,,,,,,,,,,,,,,,,,,,,,,,,,,,,,,,,,,,,,,,,,,,,,,,,,,,,,,,,,,,,,,,,,,,,,,,,,,,,,,,,,,,,,,,,,,,,,,,,,,,,,,,,,,,,,,,,,,,,,,,,,,,,,,,,,,,,,,,,,,,,,,,,,,,,,,,,,,,,,,,,,,,,,,,,,,,,,,,,,,,,,,,,,,,,,,,,,,,,,,,,,,,,,,,,,,,,,,,,,,,,,,,,,,,,,,,,,,,,,,,,,,,,,,,,,,,,,,,,,,,,,,,,,,,,,,,,,,,,,,,,,,,,,,,,,,,,,,,,,,,,,,,,,,,,,,,,,,,,,,,,,,,,,,,,,,,,,,,,,,,,,,,,,,,,,,,,,,,,,,,,,,,,,,,,,,,,,,,,,,,,,,,,,,,,,,,,,,,,,,,,,,,,,,,,,,,,,,,,,,,,,,,,,,,,,,,,,,,,,,,,,,,,,,,,,,,,,,,,,,,,,,,,,,,,,,,,,,,,,,,,,,,,,,,,,,,,,,,,,,,,,,,,,,,,,,,,,,,,,,,,,,,,,,,,,,,,,,,,,,,,,,,,,,,,,,,,,,,,,,,,,,,,,,,,,,,,,,,,,,,,,,,,,,,,,,,,,,,,,,,,,,,,,,,,,,,,,,,,,,,,,,,,,,,,,,,,,,,,,,,,,,,,,,,,,,,,,,,,,,,,,,,,,,,,,,,,,,,,,,,,,,,,,,,,,,,,,,,,,,,,,,,,,,,,,,,,,,,,,,,,,,,,,,,,,,,,,,,,,,,,,,,,,,,,,,,,,,,,,,,,,,,,,,,,,,,,,,,,,,,,,,,,,,,,,,,,,,,,,,,,,,,,,,,,,,,,,,,,,,,,,,,,,,,,,,,,,,,,,,,,,,,,,,,,,,,,,,,,,,,,,,,,,,,,,,,,,,,,,,,,,,,,,,,,,,,,,,,,,,,,,,,,,,,,,,,,,,,,,,,,,,,,,,,,,,,,,,,,,,,,,,,,,,,,,,,,,,,,,,,,,,,,,,,,,,,,,
14,2.0,1.8221856082599674,0.007505174149490801,2.2830308137517648,-1.05497438863384,-1.8248890131038176,0.6633771979723103,2.5357626231900827,-2.8176290491223575,-3.154026745255601,-1.3997783405349782,0.982388402622533,0.5615147008378338,1.795737976319195,1.2545162733975286,3.687941619496797,1.393377041049182,0.6007842837424383,-2.5144748113870876,-0.655599075954983,1.024276389997606,-2.5336458420328785,-3.0192120774702125,-3.399373317314718,0.9474755631679399,1.0594974997883226,0.036615993559698155,1.160869314964337,0.23361897410196683,1.8503884615888333,-0.47431008376850164,1.0205005492427461,-1.764444905655132,0.8427333726155912,2.0334969428628975,4.294114778473756,4.9570004548527695,1.4124543771274558,-0.9247935031178307,0.07162319790738166,-0.8014278612061292,3.196618661806932,2.5985037620561804,-1.991327910812206,-0.028114380910095122,2.5605832809951057,-3.0754049744041567,-4.815876341205058,-0.7256595659528334,1.8441247804084675,1.03142350897372,0.1380505659591788,-1.1373382375149426,0.8503398522454729,-3.126666394746856,-1.6617013012059472,0.7931285201495989,-1.6282919159791656,0.7274045871948138,-2.403048763705644,-3.636426906396294,2.2512214824671486,1.2046844484160921,0.4049843600860209,-3.346952787908259,-3.736170659641552,3.13617842575154,4.13670779225627,-1.982996668553661,2.394523920128804,1.4627950770343094,0.9846215477161507,-2.922033720363279,2.275418114946377,0.4879957720190507,-0.7894301065780326,-3.165526736336922,3.006200787642206,-2.467611364764957,-1.9817305865924977,3.8125980890108226,-0.05236419030150292,0.3955401496066568,-0.9128860136526606,-3.3450760299144573,2.361584397547051,1.1633660246575035,0.5478767812356775,-0.6611041484338608,4.0420430499548825,1.7521456203681174,-5.64678977831678,-4.058909128471172,-2.8380449178995892,-1.170246668258524,0.5863307512571155,0.1440673040704111,2.5957345543964534,2.0000028650751798,-0.018752866157395447,-5.323798877339245,0.4673596766735416,2.706680340558291,0.004159909569563991,-0.0617639476028392,2.547984460827737,5.238837409726096,0.5484287520802675,-1.6972653918169405,1.3455247174323817,0.21140596303726666,1.8313353614328127,1.0434630533758047,2.68456001963627,1.198488364047106,2.574325935482415,0.13827439175425596,-0.5015373091879973,-0.8609844489918963,-0.5014983038613156,1.3832262844559717,0.9395744010569811,-1.1359736556487663,2.04466989289727,0.3692958691147561,2.0087186955063263,1.6583175391245855,0.6377593840773302,3.5117367831109627,-0.41211469250612065,1.7137441303362562,0.1894568212960884,1.5990485329387352,1.542210008105797,0.26097761661588936,3.3839384438086686,1.9958713201108604,-0.06274130228307796,1.5912239521918305,-0.8633707994804241,-0.2547855435588722,6.413382508004411,3.9994504761815524,3.1715893385767933,3.1390214139453083,1.3352466612684222,1.2301547267135575,4.040039690070489,3.501477115756619,1.6879907605596836,1.2111825584066715,-2.114451200823319,-6.231398305072368,-4.445900579408411,2.3172334520705893,2.9747646196743656,0.7915871357412403,1.5777512086133196,0.8252947996391103,2.4332906569399966,3.3734778025391647,5.611186970805052,-0.906714352169846,-1.877268333254495,-3.3190883664833812,-0.1215574192728425,3.375764077678872,-0.5189334836280313,2.6921997880841255,2.2769843390269093,-1.0590816603531061,3.0680170053197307,-1.440942453404203,-2.1314030841590976,-0.33913314622246604,-1.1312460215828977,2.217078055220791,-2.739922245400516,0.06317420570125441,-0.7263446335218983,-1.1918673574761791,1.5859395346826393,0.07512585276653705,0.6995929560060571,-2.7527647830411195,-1.2927672376791208,4.518635418120338,4.582605709944922,2.9930679284081356,2.8394752315197334,5.735400037736842,1.7391520838376142,1.2900650034702406,1.695658888875231,-0.5937223275167941,1.1479475371131744,0.4323083236132212,1.9344980723836784,2.2500393740751146,3.641976592509886,0.7797973712713104,0.8393365290900896,5.690365333763516,0.9415682963315863,1.8232559505369936,1.8088484138056895,1.6685579275384526,2.7029814926516638,0.5377860087154809,-0.9210954165887275,-1.4628479110045765,-0.20637501581905002,2.753614988820868,0.7429089385060023,-2.282840868532066,-2.1205631966677103,-1.7048504400173154,1.701979570078227,0.9101592867331056,3.8392883003089775,-0.5504175212062722,1.0471792238752877,-1.2676524971712133,-3.6846000935949434,-3.9801963626975763,-1.670449623008114,-1.76536195407309,-0.114058425506236,-0.12186953515672938,1.7031264287905274,1.6132827825289895,1.7688918776688607,-0.7069130799930131,0.9641187556177008,0.04696345905666016,1.3073043527462316,-0.17451664382614895,-2.2433961169702132,-4.380563216061047,-3.6441664767218054,-0.9198663843548215,2.3268797545818733,2.3933290272510437,3.8436962597904456,-3.2786926986204867,-1.6980988146474503,5.252394161210047,1.4945186419115997,1.8046464236621944,-1.531758782096022,-4.543486268045653,-4.381432951120263,0.3913707937838345,2.2344268335947537,0.4757042691255118,1.1616546034532829,-0.310415578521818,3.829158693137788,2.0528039874327306,0.3623254552633015,2.1302017959363244,-2.7564220294537405,1.4971244632561325,2.5695407818652773,-2.714158279448414,2.102353768378191,0.23068570508844946,4.197598399894157,-2.1287787447078306,0.9793312269502354,6.829152990221386,2.3756267611719655,2.0596685182237104,0.7934118541496883,-1.8849984658228742,-0.5750216592051146,-1.741596770051907,1.906360981583858,-0.26836876525857145,3.5455555982398916,1.6322706271431575,-0.1505177193453136,1.587838881705682,-0.3946517288356014,1.0762654143791672,2.460270565927871,-0.48164442533371987,-0.59362875542564,1.5603704793484694,1.6186743686425502,1.1469730142050434,5.222356319232143,2.4775624016698283,0.49046012388405597,-3.0002861379781476,-3.965022063996632,-0.9184902564144579,1.4126137124238098,6.942173169657559,1.479553483139018,-0.4853199014676199,2.0159919951509466,0.7419422958078513,2.739733869738548,0.4214262315345526,1.8082952670358066,0.6360234146303552,2.321067986690732,3.420670449867708,5.614858267227374,2.4066045974272208,-2.764057547239572,-1.9216791291638984,1.5847301010653363,0.4620321826595012,1.394204394764193,-0.6295183434393513,0.5138813125915063,3.699090015158851,6.061804604432616,-1.7352499129673977,0.2423004135140394,-0.8099548202215816,0.03808674454334077,-2.4175653782638418,2.0989029136563513,0.09627706217508906,1.114909194283503,-2.332418620810952,1.2151389797567977,-3.443451633859362,-2.1573505117606757,2.060289009646621,1.7594630368017705,0.20554966425962795,-1.343754815777641,3.1185270676372934,2.2332146612699333,0.30649203610975884,-0.15290957860686344,-0.36813255739311035,2.3894546325996493,0.5162639560957996,3.8111437210586527,1.6288329309993688,-0.7396758777561073,4.513929878197542,-1.5210312793753828,1.6457435677125898,2.2331236368459706,0.8848250011098884,0.9682325671151857,3.5761457305457576,5.108425903539543,4.105218653507525,-2.104774554741957,0.5124784879010726,-0.06569037367428184,-2.5940954449743954,-2.372798899306468,0.01762480363681557,2.0217581663925186,1.4026894466899271,2.803131263262413,-0.6768055406429997,-0.30967135979250865,-2.1759378969232777,-2.9797732383069526,1.3233810757204776,4.19404867390817,0.5591616987061857,-6.795175710626108,-0.8426264310226623,1.8057467743502735,0.15289669832725236,1.1265539780752736,-1.7906818569961134,1.567419647832681,3.3886803893046937,4.463282467302814,5.228942608928851,5.713614409470966,-1.0503190553922352,0.27198137360996727,-1.0821215196707201,1.6479634953568314,1.7324212215147048,3.938139064632296,-0.40006810584355984,1.8912949778579184,-1.7039205060026916,2.30314586239915,3.158196089289281,-0.5236333293055959,-2.606564928425605,-2.593760622604871,-1.722229061786586,1.6524134589619497,0.7828340058438156,2.9095835606019773,3.7834048308806856,-0.024522144503237666,-2.9221724878662765,0.272993241083726,-0.3220710819875529,-2.8294676298755905,-1.9591318906394155,-1.4866713070327204,-2.6537385423808395,1.73842327843939,2.4621611077352594,4.88457704277104,0.35689086803616543,1.179110890469874,-1.152489200350716,0.834191829892672,2.935834254619669,-3.400670385621778,-3.360895319484423,-3.334000834752544,0.4035953666924944,1.1886512970161494,1.5604200189601396,2.3770266027878266,0.07632897323953886,3.695278260997678,-0.14315527843415554,0.19934163938476102,-5.533377024956516,1.5090013218514262,-0.2096518771607693,-3.198538250302708,0.7125043637606974,1.5915471412805826,0.8266937771429214,4.557944152590503,3.2926055490125448,0.27007167781431274,-2.328787369413166,-1.271562343886195,-4.305210648682196,2.2230435767018775,2.2820520950174243,2.057247428740599,4.114512043840234,1.932588114513958,0.9633572636356582,3.1826074648353653,0.30557706063550244,0.45532134227783155,0.5357336968944361,-2.1956245703328126,-1.0174643790615043,-1.7528855447386809,1.052182209681628,-0.5901903447755154,0.9082588236234064,2.693492345348574,2.0368787620105078,2.9072885206943235,-0.33765567082975717,-0.6609350963664664,2.907954840471897,1.56055632711646,0.7819318456296855,-0.4443747072803472,-0.869370618312475,-4.1531434073741975,-1.0692336333412396,2.0471737243111923,1.6977243384429226,2.0942177904346577,-0.11574841612617233,2.3664356517026386,2.268987870028745,-2.474458377022139,-2.284793503422458,0.9667332745657695,-1.3825988508176525,-3.159209807908575,0.7064706113069095,1.2991896074400695,-0.14360706407374704,2.4136204059389446,3.0496053342443634,4.834808978475229,2.3644666559171026,0.7968995658290591,-5.046859956172914,-2.982060204020867,1.0239545822856742,-0.7562186881010972,2.1207557549183536,1.6744499754793298,1.0076990606886138,2.3163276258686456,-1.1530735192805466,2.285533344674498,2.120583327718466,-1.674453402459542,-9.888863960298353,-5.720987640455246,2.57483735050457,-0.36933260877752017,-0.5030455957336499,1.6056463241274392,1.5767835245338,4.9308775078293685,2.209543155949345,-1.1370675850238294,-1.184560393101938,3.2002097423395597,-3.1857203079999556,-3.3102445011796804,-1.2754577599864763,-0.2662745868294085,1.4602750488144378,1.3966927887806786,2.0614402313831106,1.9888281427852943,-4.505283169909689,-1.6092802010159908,-2.0054464322752117,-0.23845764245983228,-6.645925168240362,-1.8967105144365672,-1.4684311763189404,-2.94286684199689,2.2875060838796757,2.051871510931399,0.8124810333930093,1.8396076408660467,-3.680557008678277,1.5929074855027021,-1.0141462946297353,0.09228153587032172,-1.6851089169370814,0.4287628963398031,1.118178286009193,-3.6928166255065378,0.3928156558501072,1.6254195691349238,-0.237870584120247,1.8596257292065066,-1.8790638126505717,1.2741513896250758,-4.383565244317563,-2.4765076643987487,-3.5175539676155605,-0.3436459110677041,0.3504841285503807,-1.7849977282195275,0.5132873037938935,1.9919785395585574,0.4795191155002277,2.130401366764483,-2.0678565144722807,-1.9963732163913905,-3.292471527261227,-0.9131055040865714,-1.1702324270949749,1.0052600970470174,-0.5714172188103779,0.8851909401683451,3.141415161582075,1.6817195137788927,1.2234988796855286,2.7329798407943895,0.07754938492519413,-0.2872799679750836,-0.036702323960131955,0.4075989307351048,-2.7277880508644867,0.6790414954489394,0.06003957230678747,-1.2197204304961273,-2.0466080819460766,1.2961934331634397,0.28711255076103154,0.7610435884152773,-0.32371531000777076,-1.268450049431151,0.14136584667103227,3.519271522760743,1.5173542062677847,2.8192142107180658,2.7001067474348655,2.558960951399197,-0.01600736679599383,1.7938391540317715,1.7791582084480562,4.219644910708633,-1.6949561583017492,-3.271921702741122,-0.5809818474476862,-0.4115598113870039,-2.9018522694940962,-0.2537165647623103,1.4189377908248784,0.2124855266633219,-0.431170537183303,1.9072049755275533,1.4280990887629723,2.0760263146162865,-0.4211642819946046,1.4577203183773988,3.469695344371113,5.4065502596184185,1.590674241886055,-0.10359964337343286,2.560750400729483,1.6737447159456986,0.42025048260835274,1.6345354354840802,2.367467157100555,4.070956659786356,-2.429645464592014,-0.6442795164769937,1.137325211071522,4.457424502940118,-5.134905335453729,-3.6849088018609066,0.8642105836791031,-0.5920268005151701,-3.3086813933435897,2.1325436218631326,0.6190275130588724,2.6435176911287406,-0.7773907671599724,2.202631680020993,2.9225565231381685,-0.57043267170604,-1.553364068692131,-3.111693289383786,0.19417369300204845,-2.94285964333041,0.5204617810063894,1.9697944672138323,-0.32660653570898784,0.4253721389849779,-0.6100618612145381,0.011319021428515303,3.7740233402777075,0.6857246373182533,0.9612268262461642,3.6820632215598175,3.858478454296396,0.9279798338206678,5.80506066284649,1.6216006844341808,0.26129826686218965,2.4900127245658403,1.416981320764626,-2.651122438512346,1.0961843340468866,1.2774136551158555,-0.11213982419968682,1.5785120162829984,2.078137154814598,-1.1840315978667229,-4.9654890334391,2.525291485067338,0.9541701180444497,0.7299299748088615,-1.3851174345408894,1.204182913857776,1.1152262615584163,-0.6866484201979859,-1.3837196048032354,3.145027585261201,-0.319377955091078,-4.0774141581835455,1.33884683604932,1.6031156433619427,0.578987536305798,1.3866768897310582,-1.6054780934936332,0.7548510275960058,1.51331261850521,2.8134981286453113,3.1109076144573837,3.390082940074483,4.89448494270258,-1.1999749537401752,-1.6458771675061192,2.117600252668048,1.4626327248747355,3.163662162061775,1.9860864483970349,-2.3380378277718266,-1.0757841774998693,-2.90430580651051,1.7671524555709948,4.358719698169009,-1.2425960642328402,0.08451309756764468,3.180641363009771,2.1659520594773594,1.814539279610816,2.7895823150945347,0.72576918524762,-0.2885235852834146,-1.9111639397284836,-0.14562840257908158,-2.1030772060401377,-0.7366561331132613,0.006529482918048785,-2.230306098511458,-3.9788264353684513,1.945004100458079,1.2272968456776818,2.586395251852737,-0.7678414872669143,-0.9278216778398748,-1.2674017933467305,1.9063956554873394,3.96793878524892,-3.351983957705239,-4.609725802901517,-3.7445965318932,-1.7771289093715237,1.8937665368827277,1.2994066116869978,3.25935607397331,1.8476620825318903,1.774933857029996,-0.9290500980480197,3.2448363146612302,4.731533309754051,2.05654441895168,-1.717444273178438,-3.0600699655077808,-1.4717897747357538,1.4012223445591423,0.4885486590702507,2.053416117798598,1.0936107917263853,-0.5216922562365167,1.1556616241389344,1.1004618351103046,-0.4001724892601696,3.5083178567656597,1.8067132303687201,-2.583106791191106,3.2686016188292015,1.8956387073715641,0.04365170915178486,2.794550875050749,3.132031363302207,2.5318453065699917,-0.38306228193443864,-0.9720370443136971,-1.2636188093457508,-0.24542118446597583,-0.19631405890332582,4.353406107861105,3.9271109571244343,1.9789240673669903,1.0816396337666516,2.2272171487854737,-3.9788731362802197,-4.2103876761080485,-2.859067914439313,3.0108075885818892,-0.01494062193074126,-2.293137434452192,-1.0751559844446545,-2.8924717444934425,-2.657056962672765,2.079994419530813,1.42459907909263,4.255463018464217,-1.6542598914407811,-1.1111718496107779,1.5146580799358227,1.7025424332984431,-0.3289237710389036,-0.051943077245480376,0.2413789793274862,-4.21632571651234,-0.9871687204268875,2.182133217283906,1.2784537260905813,1.7587068244243422,0.6565302207693188,-1.4448875060288195,-2.7603516306886964,-1.2784086144013846,-0.3752819136215837,-2.135938113434001,-3.6576590982979513,-0.7015123726697515,1.1243584110380718,1.6653762855928267,1.5223367772789935,1.8833749127828976,0.6863883289606173,-0.42287294247699503,0.30124558015123,-1.410280174170144,-3.9212302758712725,-0.9259777084801459,-0.06910271333975683,-3.1519763398621934,-0.5040298084849624,1.8963037009163524,1.3509160879682314,0.03838391331846355,-1.3852747783892818,1.4571018100432942,1.7428625191582574,3.1026258357103003,3.729830754809865,-0.057466925873145426,5.457912460809142,1.73106852418148,-1.776737285082398,1.9217652894109913,0.2585202350012974,3.6876897801956785,-1.9899510921890697,-5.454364249402483,-1.3255096273200944,-1.5801664664752435,2.7654235049299682,6.202764631950102,-1.604162194881013,-1.435398382729333,-0.9280471430208912,2.0321807157585554,2.2234478306888796,4.100326653072883,-1.2161951684313466,-2.8880059966812732,2.631208826074871,2.624020575760292,1.6707807740188296,2.0099896638767394,-1.621450689424816,-0.29551433196248544,5.408234585240516,1.1794080554032635,1.4241870738336802,2.961115290309115,0.2973708806351787,-0.5899488545391636,-0.403079069768914,-0.018884106537987378,-0.08726309061891561,1.4816215257861698,1.86628388930777,2.2306401214970353,0.5330237871688626,1.433731482749222,1.356382194487899,3.1111253353971793,0.7793820926417495,1.100319574104336,-5.107598822545827,-6.580292920985644,-3.921796315073532,-3.4006604436505903,0.2256689881414806,0.46807224811394077,-0.8232073435662646,1.618980750163146,1.0561115946561708,5.233782719677742,2.291763464106043,-0.6719439636189997,0.3941956645759681,1.8570213139467198,-2.8948387396710507,-3.8933431975617236,-3.4001278134576887,-5.647166156835891,-1.7496689898987916,1.847375925208826,-0.06147849236428562,3.6525991629408217,-0.9772551063197568,-0.24327925361390176,3.0457546244919507,0.7828580240241803,-0.03784702868129118,2.0157306916648303,0.6324317019217498,-1.356608003042872,2.77173894469082,2.3388940392000137,1.0695395062408584,0.38446310129509903,-0.22358305805350717,0.2946699778376716,-1.716319555642863,0.500167360369868,3.525644368380054,-2.489184721393096,-4.342564669613956,3.5790179510984195,-3.1575630127949657,1.423939663015718,0.14394072497227411,2.903244961698821,1.709106643798865,1.6656088483166858,1.3525814705345722,0.19914688306699949,-5.488944939459283,-2.490521793563426,2.649407251726651,-0.3872568467732,-0.3800509725394213,1.3051752328641473,2.2486264785454813,5.634292638870239,-0.5162512816925905,2.8087071913933963,-0.9041294871388045,-4.661005824522241,-6.373496680558137,-1.9350314679228002,1.5419751312770718,-1.215263177688681,-1.0391776157036978,1.6078176466284702,-0.6544045973498331,0.6103293334950094,-1.9803528061502673,2.315995655165495,-1.9866913125589818,-1.4701064307186498,-1.4727014099907825,-0.17283415272849068,-1.1795130979107065,-1.7269268914042777,0.47148597162574135,1.7239867767623522,0.4125300125190704,0.27203072462267147,-1.1572041167227436,1.5394999982996864,1.1532731636495013,-1.5385020208439486,-5.990641688629883,-1.0516478605966462,-2.640606710433997,-0.5161346076597616,0.6753009918390914,1.8271751856608538,-0.3247582980782054,-0.03795240272563217,-2.579793833281798,-1.638348156585781,4.003920245788036,0.9020198923954857,-4.605541901481741,-1.151072064947099,-2.2636561384278204,-5.320374589573022,-0.8102583678122965,1.7097674429759624,-0.6119250889948958,0.15388361946141638,-0.9297751037852228,0.8921008915651086,1.4743132067265459,2.5684705938284824,-3.0170248939826694,0.7465779407821305,3.4497572083473313,-0.6198108643342304,2.695760251818279,1.9314461015579278,1.357819244325237,2.6338218018035193,-1.4893066364314642,1.0356961366067916,-0.7895111120247629,5.023949741485757,3.136028150395985,2.440071193121247,-1.406666284515359,-0.5010317085208337,0.152428802828748,1.8020757283180389,1.832217915130515,2.9594669825925535,-2.4283188628403223,0.4745415456132736,-1.172850588311667,-1.3123656852877563,0.8459843109339376,2.0438397985486807,-2.271570747992716,-6.255282554662245,0.6237118071347196,1.6920218958278994,0.14620799453763494,2.1834538261126473,-0.5443764146225709,-0.0636694261507482,-0.08873663752562855,3.1930383120397043,1.4177518217200986,1.8715588085121608,3.512815712616593,0.8082375798836197,-1.9606128385415185,1.3231825799019763,0.3031553960323329,3.147628225399205,2.5639761683597735,3.0595128780101333,-0.34968739303822355,-0.6237098881077201,-2.3657384186075907,-0.7809809310403384,4.679211044159338,-3.887548463749654,-4.201933192881796,1.5055219480441075,0.4986426562496847,2.0863838819098435,0.28833492325221755,1.0327480814173726,4.106793824015776,2.9663184545275563,-2.2863953108864714,2.114296163672867,3.486387723093182,0.797371316354846,3.4130387796288666,1.4593338507994733,0.43825558653662566,3.3635865154576927,-0.45252771297803146,-0.5778600987855096,0.897103484099854,1.2604678882166147,-0.257189103790042,0.23240178336188091,3.056508273067988,-1.8120767036111238,-2.6040093151043426,1.571308581693479,1.0005549538795169,4.758073705611904,-1.188406767136495,-3.6503812405695752,-1.829484852865006,-3.7523017136025008,-6.162242417089838,-2.495563539396867,7.643598377467715,-0.9980359596986141,-0.5608665967673908,1.7514968457372755,1.2543990759042511,4.408027741252996,0.21541265378545865,-1.880130038509957,2.9082300026477017,3.5272607004439056,-3.267377097859332,0.4232868626496069,2.134307093612949,-2.7777900947485947,-2.9024775305053296,1.688837646887327,2.5718062326627695,5.511956877745821,2.5527875183812907,0.03253511565013508,1.2143179174491359,-1.690824296657016,-2.1421250588522533,-3.262140943656915,-2.087810457820452,-6.17321749681172,2.0436450926607184,1.900941374339303,2.843505699817028,4.415458699041736,1.0006479745006527,-1.6285117718160242,-0.4166145600747534,0.30838458986909884,1.0501555707792287,-0.8018379240727533,-1.5266405879734595,-2.8034097622611815,2.391949036749641,1.3934548782208251,2.0713253625042105,-1.115488864726564,9.38414021183239,4.7145193399000185,-3.0715594062610547,-2.532325709823662,3.463997343626044,2.7206743262139135,0.8365278638570076,-5.265241788327233,-3.3320826950596367,1.840717251714689,2.4060607635099727,-0.16791177602109816,12.335145472923713,1.4791636994128592,-1.579040287697504,3.069832880361268,2.709656733856961,6.901138042440921,-0.062459821822738036,-6.512483719921356,0.5101036975533603,2.4734914039396947,2.149557538146658,0.6367958844498817,11.520491895664815,2.0215311437612447,-2.4832456106470215,2.4419734264958706,0.7523003923819686,1.5530087686455316,-2.0190465314584807,-3.272081725258929,-0.2559925804514107,2.753609570975257,1.683874066550613,-0.009402016802724122,9.196747618135989,0.41421598391764514,-4.5347767892587605,2.8735001811034535,6.090937818350944,2.9247047878413497,-1.797394149268758,-0.8882659696973123,-1.5617885800082907,2.490871099537277,1.6581407355697495,2.8935058406144054,8.637198600805839,-1.1163969109669478,-5.848881884586568,0.7153669545943987,2.8705508407963776,3.181343519576226,1.3246928224856345,0.42188737446400737,-0.03679030512689837,2.0953708137567095,3.7928112919642465,4.088308781532894,9.519701532674068,-5.74310246286742,-1.709540595822455,4.066862624466405,1.9670677796743707,-0.6807766157107069,-1.15108945120188,-0.9530361461619868,-1.2911254771740095,1.0251714025978058,4.861611619456348,5.855387596749475,7.243416790964858,-0.40960521365188124,0.4817649698474256,6.667098188708455,-0.8958997296409388,3.0812855479237715,-1.1595017094154143,-2.7202714767869245,2.5489876620585448,0.3246544163391995,4.824724563777655,6.19695431902401,3.139897186339343,1.6729300712241588,2.3889342057375966,2.5093910573999216,-0.4103377457639092,4.394376921659037,-3.5830089516785244,1.2472166068199086,3.4574884383151714,0.7360818716086914,6.198157345267747,3.7698313502927125,0.5720242465605421,3.98742130300331,0.45834094541969617,0.3501354260316332,-2.0633045464924136,-0.961467569887511,-7.926030723711467,5.631570139205455,5.0039405436878805,0.2646556470386112,6.479471886820981,3.7311361314731912,3.248484978322615,5.113617757533577,1.0259307389183374,5.353890523835869,-2.949831046059861,-1.8462911086739489,-6.952734676997486,-0.21530896771135746,1.0879693935270747,0.42778413543232074,9.165943213824118,1.4406108150693506,0.18317854468206674,4.905137110140776,0.52421098742973,5.69169269383039,1.8036908909287843,-1.0860526394352752,-5.067985613765971,-1.8413852165285056,0.8534908283660932,0.6887674746091507,8.092362765411506,1.2471094483692022,2.529886535225912,4.3277522530766,-1.5177383247572802,7.122975470157551,-0.5937622657296927,2.188631535282477,6.861259662102365,-0.37635254829112746,-1.4477282151749828,0.3215255507114539,6.263288802247197,2.5198267078688756,6.207765886514635,4.059454901433713,2.294354707110346,7.812063414415505,1.9072584692871055,-0.12352766937173652,-0.08575564489050981,-0.36021819230070556,-2.7742281479028312,1.0487432942395818,5.791543905134432,2.6232537364692474,5.470022446662864,3.9332450535214556,2.4414564750553804,7.292286903651297,-0.2540639260100946,-2.59849474951624,-2.2103988357816795,-4.220394837670521,-0.09278336079970911,1.1753557887537713,3.9756821453914877,1.6484952034694305,5.459133432094971,6.289325404884765,1.6792983544911855,3.283034505965075,1.2646599814906796,4.002990734330644,-2.1970306256698144,-1.0094300943573675,2.864627005778113,0.31810010751314016,5.137133128434465,1.212470828401174,2.840853184269485,2.653881408598944,2.5651204018488385,5.664292089411934,-0.21118143619561502,2.190166089232126,-0.587106193269237,-1.7108597109733423,3.370834586556249,1.1505011618486376,4.1541068054698345,-0.7473374954328381,2.538282111628261,5.869532974374563,-0.5889626936704971,1.0922143399017314,1.6653887825884337,-3.470498210259973,-0.14198134514388977,-3.815712728043764,-0.12496522982483582,0.41998693164871803,3.732099671654702,1.0901378816086726,4.9791807249679945,-1.0439564546967812,1.683729185028171,-2.255588804609257,2.0057826240708923,-3.7474599611030657,-1.434314350419426,-2.3564603389673424,1.6810705146935234,0.4346334697302645,4.402040327064712,1.2893850879696305,0.9184742453317934,-2.739163026913373,0.9733826090149675,1.3938506923017844,-2.9231841964156082,-5.441599845615508,-0.3320936932549992,-2.1644213589372843,-0.5921464148562396,0.8140558835418885,3.114126061037491,2.604915314161375,1.1921053924636036,-4.264967485586626,1.5333464402062917,0.6103246821671973,-2.789311978674855,-6.963450492281308,0.5585805328171504,-3.5191217685839495,2.136715567745383,0.9906971111836295,2.0246861273698302,0.5162313038524199,3.3407752642321324,0.6531753790446656,-0.02773396220144308,-2.0611557218335883,-0.3090108674663087,-9.03191880916683,-0.6124494328384072,-3.3909321657911375,2.3792688002430884,1.1838213340488444,2.321721916656359,0.045340738436054524,1.0040285895377714,0.9201760034516602,4.204797359138392,-0.5258358885440807,2.6828421355003815,-2.164125778498165,9.652636551589179,-2.837971164465186,-1.8109275302012109,1.0835067785453105,3.6082589904800364,3.1908538204627743,2.9105821599898776,0.5642068122380685,4.967418278463221,-5.987932176731245,-1.9499005455079677,-5.062008969067198,-1.6280365779808523,-3.8435274873955825,2.153839281757797,1.3342072164588556,2.876753281112993,4.619163869325421,2.8131580353016457,-2.224969071712308,-0.9642326002203442,-2.7713253344804945,1.919026210997731,4.918892993368512,2.26325936952953,-1.682189541988379,-4.1092619200239975,1.81244385131235,0.9975071836528001,3.434881334893222,2.3014314148514243,0.8328021475499483,0.8157682109134607,-1.7759289190714664,-1.3855334308393865,-2.585558611070435,-4.904158172817852,-4.5583179085008005,1.224079675831125,2.184986012617808,1.119203434992268,3.4215390643044796,1.7755446364965581,-0.48918752962818796,-1.2351085330931437,-2.854469933258248,-1.4589500441701588,-3.2249621654664757,-5.082074895505443,-1.880717177575938,0.6211025983420588,1.9923009724586038,2.0621250469123082,3.9919755199068434,-1.459856320015503,-1.4143034357637796,-0.5830780780872719,-4.220764589301968,-5.729950731392208,-1.4679165504302583,-4.574935187594726,-5.518855316441056,-0.6072970090287659,1.8051888758405472,1.3387300484886884,2.233889715865507,0.3653694648252097,-2.122546219039312,0.5284060926628109,-0.778407245468383,-3.4589866059104364,1.9054763902587397,2.042913291438656,-3.236842478957813,-1.0235233362910492,1.3487762185812855,2.2504417069232856,2.9515660790355356,2.4375877987874652,-2.5800948005060285,2.186085795726021,-1.2391107532427752,-2.011241290072071,2.175930691692296,-1.5610848113392664,-7.029005718156798,0.11977791649706043,1.0240177448577947,2.4141583572033003,3.4581737742237526,0.29849098507666744,1.0806896689658523,5.312409463047637,1.0368396663359212,-0.9911293355253651,2.1404222444690126,-0.6686933603391375,-4.193873804045533,-1.7908000763827747,1.5166011502965384,1.30146305107596,1.5235776893717958,-0.39267281759602474,-2.300184147457826,1.5646322538327664,-0.7687451961369354,2.3578277261422422,-0.6649537481983827,-2.6459162563126637,-1.3366159463309193,-2.7813180769553982,0.8407101162651209,1.524665225403667,2.9976500611999413,-2.5033527505883204,-1.0846586401492044,2.2106776726902275,2.9430109344857307,-0.22061991790533453,3.084154640364129,0.13688426419561497,-0.08757011221738452,2.221668874840891,0.9583305561022778,0.1620666908396679,0.3389830920868205,0.45315840862453993,4.850337811451193,0.6640914487789044,-1.3599741181882057,-6.839637609835066,-5.043832267985295,5.3129653463929865,1.7739829821793807,-0.43129000304545084,1.3237167417692446,0.5660766246878036,0.09609584722924619,-1.0261540518647259,-2.20381025096221,3.5440494737852184,0.6986685245374366,-4.723683674417112,2.246602492956087,4.069912428280124,0.21302301659178668,2.261657670048776,1.436682128318494,-0.11087856953222718,0.5036027635941465,-4.533497342531469,-0.21460833073530372,2.1181918897566963,4.085768178713935,-0.7597946932052149,2.236709041735209,3.894142492761885,2.1937061618057303,5.8186703934024795,0.06455126382935199,0.6768189661537658,1.6464845881607217,-5.305668377440067,-0.3259180443441716,0.4076155984114417,-0.41077945664202226,-1.5113660910835198,4.577394974605601,4.636850800711544,3.0567082889341286,4.6609347011735185,-0.19343194562920957,2.443536021628372,1.9917110552753634,-6.005208264550031,-2.6655357425492463,-3.842969432592093,-6.150034553174305,-0.7905494702398663,4.177133592112372,0.9468952183471271,3.3694691010111297,7.972748257950538,0.14128414507107734,4.372859561128335,2.83773753125074,-10.71538289124342,-5.360075544206739,-5.525576857714841,-2.8547263715679767,-0.7395391362256637,4.209133862437843,2.653609901925517,3.1473552391020885,0.7468235162053631,0.3280786718836035,4.792905774692573,2.298507408803819,-8.832126016976666,-1.681960390408658,-2.1315530920109356,-6.648259768654209,2.3436345154324885,4.033546342363586,-1.321629203988286,3.9163512503780837,-1.479592270143721,0.36389927214177714,3.8732664494232862,0.5977633399578721,-5.691941083779231,-0.7594583224498518,-2.096100515701734,-5.784065301450231,-2.656591065878797,-2.6009240666492066,-2.2206612158052823,-0.33503933491533966,1.3208271305573667,0.5212371141456553,4.4134030973927425,1.2256921581358078,-3.355082099453179,1.5440401475360168,-2.7206076499859897,-7.778023006684751,-2.3339908191265177,-0.8537016524294834,-2.047111343595113,2.509588611073139,7.7673089311118755,1.0147191206161938,4.46100127034557,3.611592636108086,-4.0498596720205375,-0.09625454609013999,-2.3015505281751203,-9.469887952150323,-3.0963787774192246,-2.0494154518834646,-2.0980804438074583,1.0808590755648828,-0.3657266332077177,1.604035423958694,3.5215130052246044,2.9542683601975,-2.121301942963466,2.0322665477096478,-1.9720947028956743,-6.160223085204906,3.810297096343285,3.1122720017839356,-3.47373723412882,-2.288522843133222,-0.5325521511165696,1.5646124880734447,3.7478853221532304,3.9619599175444495,-0.4730801695238912,3.173281139911216,-0.7186990707441042,-4.5996677370800105,1.841418371108174,1.2950520867267061,-2.9062369968329285,0.34502030566636305,-1.9693491655528759,1.4239365122450744,3.4594848109238034,1.028664955700108,-5.775342842856704,3.5472982368552177,-2.3701353136057497,-1.8696377268515694,-1.1172049967456563,-0.39262966933961946,-3.1316912550862672,2.8028614808448373,-1.7716074976194294,2.067944341027725,2.4032040674507695,3.374959944239301,-5.887700465684131,0.9310298607105875,-1.2396894690143105,-4.090413384547729,-2.295868298669289,-0.5009027194892522,-3.1338632184639583,2.0957944551611782,-1.1633171229062964,1.9039390855344007,2.6996514618324556,0.3046769996729501,-0.6849859441828215,3.230398101966093,-2.35800481396234,-2.8829798138,-2.7253560190561092,-5.731122383729407,-0.03636395781268032,2.724902104798781,-2.9998521063885675,1.408022864144267,1.3817843752615038,2.959329010485701,3.072979556048689,2.0554979931802153,-3.978809217446174,-1.262360493876058,-0.6842268980007277,3.7770344010454515,-2.1343474322017366,-3.334739277812711,-0.7102327499158692,1.7751365119307108,1.5187766845416404,1.2893576592459328,-0.6245979203677726,1.428263965559551,2.2396964039825025,1.3010359952756763,-1.9286752835625176,-4.410189725256275,-2.4326316288729632,5.4692511742526495,2.285751571157785,1.8705681883645549,0.6570602458667745,-0.3163635581341919,-1.7277998732959905,-0.608607707678891,-2.3873331308405685,-3.028346387103783,3.681950978810828,4.730573433832763,-8.246832155082716,-4.939159788015141,-1.8241122124509255,1.2020564526412088,0.4814184741482103,2.879130551286276,-0.5682278050825674,-0.18849057059405028,-0.48976724268391836,2.3239611330173444,-2.278840978896931,1.1587430482920351,-1.4088512652239598,-4.8410415041315,3.069142457365049,1.2537495639812781,2.011135131903402,1.2418266666057467,1.2326328888133506,-0.21055897270260715,-1.4159861971836345,-2.3998302269048977,-0.028921684994812832,-2.272312968195117,-2.7877777472270817,-5.4866621177520924,-0.2708286848425641,1.4998819650998174,2.4682305133696896,2.563446445268385,1.5738911171227392,-3.362069252021949,-2.2748128754657926,-1.4415949671410722,-0.4323839729712408,5.456030612193056,-2.1295140280973364,0.5718793586437847,0.645112100915019,1.9400991187921792,1.0161019385839898,2.262449486052456,-0.8424158328062764,0.08269550551743268,2.8513356481802834,2.4856412934510064,-1.4737620470164043,2.784196322937445,2.377556488471885,-3.4556344884248658,-0.40425256130048726,1.8875818010203724,0.4111743187495255,2.1816555758360994,-0.8270104315119766,0.47545403805472486,1.7934845648148627,-2.6421171694237473,-1.9423097419576016,-1.272458279899336,4.246853190982458,-1.0824719727371248,3.7948504835710084,1.754362154804927,2.2251928399604393,4.633867859876562,-2.26321292944317,-2.8415258985009477,2.858027373488441,1.3757974214238768,4.5133571494595035,2.3883742523664924,1.493360548200821,-6.237535242940399,5.636507605567501,1.1953426226165382,1.490202441751518,4.927376890972129,2.90725708728978,-1.025712332587353,6.274626901658576,3.1471663778510526,0.7014759673280997,0.29415297387873157,-2.374754287497277,-7.485222121907459,2.0053633799439012,1.535516205526063,3.0859435749329065,4.739659593164348,4.721534011815126,4.072629304135291,2.924869248172697,-0.8467380653925938,-0.8682742556246744,1.0908152872515136,4.808602466742467,-5.559034519807999,-0.05015935349991155,2.4003006254976915,3.7499477197698403,5.252031365869594,2.7096298576579225,-2.65379528388544,1.162324407190154,-2.506084035596011,-2.7358560516660275,-0.7741127866427352,-0.3579332407728085,-3.8206945411551447,-0.7921492150517329,1.89151680373258,2.5497803636667205,5.165109816597307,4.832801012834986,2.4245209145954134,4.824041840679611,-1.1143011728073855,-1.8253818139139808,0.9861944120835137,-1.3626933860372683,-8.95899864149987,-0.5545665827960358,2.3151483077968167,3.5877516616070975,5.902125268266008,0.2175107877694771,-3.1560248282695462,-1.3015363158363689,1.1740265508568448,-0.280039240020436,1.162552368265808,1.2471320560239134,-4.389209266164941,-4.348266057192298,2.1913971001155477,2.1698622796442257,1.9674762223415998,0.08705343696668695,4.0274221518226,-0.295890151141347,-1.6929602987658092,-2.445003629054467,-3.260341918005985,-1.1245701676892912,-6.445663424286912,-0.8322371577164757,1.3851282255781308,2.185531799293015,3.4382983228388344,1.0674656842726307,-0.496787357464026,0.6019106711744268,-0.46949357825653176,0.3143244822298733,-1.0366787782128113,0.5001478990052894,-5.002858377538527,-0.4178765680158241,1.6134712975347931,1.5385226634591713,1.3165704115723642,-1.0970239598383726,-0.05141626313159309,4.034442277814798,-3.3014429971435657,-4.747043576896269,0.7589665244728684,0.6297949685726584,-3.9643919498807914,3.0403592967515705,1.3677900872027582,0.7131069894430028,0.7780351223253096,-0.30228200709433845,-2.9327239842385384,3.803779402471146,1.4758941189287005,3.6448431995568056,-2.079487541514538,-2.352647470907629,-3.726521346791663,-1.5636366323350277,1.0664453213128247,1.7680147809015831,2.9906439537813556,1.8092078227134265,-3.229488356055978,0.3673347010686286,1.389127147516026,3.7238770103446996,1.5916643395924823,-0.3546018914350332,0.3279174182944392,3.6759684118605,1.1677260934554237,1.8914842787403747,3.6501623306834508,2.2380720302073547,-2.9533460367426474,1.5960851982386441,1.996379711058133,1.8992220337933239,-4.7340315351244175,-1.9765249522162118,-6.944593955173245,1.4166228454991077,1.7991959184619404,1.1354169870939392,4.1748961892415775,5.210859459572996,2.4840769888735004,-0.4357469225615291,-0.7339102166704885,-2.4240918266825364,-5.944422701718718,0.46660698271809886,-1.935457911045352,0.8176876942121268,1.5600256464621196,1.9298725115798132,4.822336143966113,2.5077058846204037,-2.9485444809327586,-1.6112736899662417,-0.23194880189033099,2.0973290782379896,2.348095488636162,-0.8365367099298192,-2.479195442745785,-2.4987268939459275,1.6405222575923148,0.20483011406352733,1.1798137512437752,-0.18695214786458061,-0.08096292028653322,-1.2587691199907136,-2.532943646300652,-1.0753569090383805,0.7878093027903589,0.882047722627928,-4.556189273628047,1.4177726115406217,1.723566231471401,0.9403917433714176,2.2632709423686412,-2.1966296607277034,-1.145171903737915,-4.75506841584786,-0.11920495133682558,4.526401898874538,4.6952948107175985,4.900852815266047,-0.19669332806231593,1.151754215168458,2.1755128587622115,1.576590227863078,1.7265771862770518,-1.5362422054774425,0.8679971925048655,1.7893281356411992,4.130409811697623,1.4313649483026638,1.1435308799535915,-1.46956193525934,-2.86027229439942,-4.371848970555273,1.5341038493370416,0.7762629726124136,2.757217184512092,-0.576422746735519,0.1904690295306629,-1.2227966435853945,-1.5526472449092303,-2.4830525861858637,-1.1491413400780466,3.303479081732169,2.019013707894617,2.868885669718768,1.1269584936997608,1.6452960626422606,4.308419645293333,2.6847231721387725,1.590849711606158,1.7463511458174,3.964658676166552,1.3704388652116455,3.6151831804958974,2.9802311742282748,-4.853917295074578,-4.087513486815978,1.738535256810634,2.417694889256398,4.130353195763072,-3.9921918688991416,0.07626498126653933,2.155630122958037,3.2348873029395073,-4.901495292072833,-3.606249983323824,2.522642426611282,-2.9634971087329967,1.672747720705833,1.5100199191664303,0.24697347106056278,1.0159376116839884,-4.223884955153325,-2.1179607075765894,-1.4029803528952676,0.13962002840895218,-1.5896075322693295,7.237111015943011,4.800821295336687,3.8632791788393757,-1.4133165819473388,1.878338666374399,0.31099443666796545,-1.1344615641986728,-1.4857444326560254,-0.03199594536269963,-2.5631551031083784,5.242627806150887,1.3130815473537008,3.86138723389466,3.6832951866191768,-5.477855890937057,-2.986648731157759,2.059056004124325,0.9071353788412021,0.48398232918692197,1.9675188862464472,1.2413004124219504,2.4670135032842038,-0.20137060296680054,-2.2694929920429727,-1.9002555123173672,-3.0978772014861207,-0.4153806506350746,1.9637544858964198,1.8825625000167938,1.1896415651279688,2.3390906888549527,1.5652375847923212,3.468843307097645,0.6264992659518893,-1.465187857562392,0.604434121599278,1.1099429381843218,2.1217849649223055,-3.0630584820428726,1.9574147473468377,1.7925905445787573,2.1733133491075898,3.866143643387698,3.4842513828072255,0.45394540298557684,4.77676420184787,1.5453794771622154,-4.360051843214615,-4.099928126850177,1.1218068542152198,-2.243656393952768,3.062115426308849,1.2869132483585748,3.587083311525194,3.635759717071804,0.19027156521913,-3.9649742745453587,3.5137839241861735,2.429693291316719,-0.34444357250612784,2.644008221546019,2.7369678188588877,-2.6067606416004088,7.210423008121672,1.4011886195272174,4.847595437726912,3.2274619312664448,-2.194370253574643,-2.024154503892556,-0.36772599658733174,2.146274347587234,-7.723797596834846,-4.508121691621412,3.8874640603534814,-4.7135727054922665,3.371055745988068,1.478864093476685,3.480033243924062,4.177124964686638,1.520011548822817,-2.942854403363114,-5.143412050555871,-2.554655156374059,-6.571931229485528,-1.6932414821316948,3.6861591206643394,-5.04159523809862,-0.5290231329764179,1.5119291108057518,2.12819620228277,5.055448488886473,0.6836615900145854,-8.391117224843201,-0.9612821977540543,-0.5253735224475704,-6.82778624254544,-1.540844922542984,3.5181901297462064,-2.379626176180262,-1.590970115868375,1.3582576127834631,1.343203746686132,4.779930847156629,-0.732248856494231,-7.806640067675418,-1.5788887467750872,-1.7674871922390647,-8.018368380392678,-3.835197221519231,0.09910129622448732,-1.9393174306510257,-3.1928480079649413,1.3099085015804923,1.210667821964889,5.064559396467122,-2.1452662005294076,-7.100939890871354,-1.178870662118911,-4.063963319762584,-9.775322969470837,-5.872962178934242,1.403968397394922,2.7594393727014395,-3.3784213679776123,1.599533114007934,2.2774993721527967,4.8599712783719005,-4.89110266432043,-8.254396622839248,-2.192381408037796,-6.217646289952098,-5.521929930001413,-1.247181906483105,-2.799329401644756,3.8017926192488765,-3.6203366987167813,2.6169335978656445,2.6773941532860768,6.955806039755384,-2.49147616663874,-4.86108906374023,1.7462222085416468,-5.79548325346333,-5.897557548634702,2.2660953937081674,-0.5391713999353681,-0.04442422703109645,1.6918129747426685,2.467652497759867,1.7439133976583097,6.781471451104509,0.7452498467816018,0.6147534424174386,1.482947718817404,-3.4910550192052336,-4.20087189965262,4.943174258097377,-0.9403019001738052,-1.9732546925666532,-1.166831689824676,2.566887658077407,1.5261365689570943,3.520902644174656,1.4906389143718586,0.009337798444687137,-1.4839629842228796,-1.2560348932328245,0.07434308769113446,-0.38971548382791416,-2.4184192324721088,-1.6308013102644654,-2.0666845205852598,0.7938855539048393,4.825043027967051,5.979889527498437,1.9738136821268237,-0.7139737128565539,-0.7031966617073008,-4.640838898065767,3.4047284296501585,3.9226731865785673,-2.614297027354086,-0.8376087015463244,4.059831576584433,1.010869559325691,5.242213654620348,2.618428888502232,-0.9247111215789733,-1.7774547081990124,0.6367663594596316,-0.003736917765703256,0.10190342013931246,-3.198775531091557,-2.2053596065802834,-1.1912665234675457,1.181490113578315,-0.04214744266491824,4.017035138380533,1.0699152242137626,-0.8228119733346281,-1.529200354192862,3.4935889403917066,3.7465665535541595,3.46707295017537,3.6251052913577477,2.2167468931030014,-1.2816606327429596,-3.952790473965883,0.6404240864466766,5.981303350686998,1.0238602803589134,2.401496908221092,0.02795698388416753,4.174934234454137,3.418708354936771,-1.6310860415954431,-2.9230605472142894,0.16501966241139507,-4.4063088683879155,-3.8892606723078864,0.7477954024090867,6.628603837484355,2.1142947188169896,1.421810484610048,0.7648783373725847,-0.32041252686251454,2.756681504074949,0.8903544474112624,-2.1760427907564077,-0.8042407470502333,-6.544581991955879,-0.9346198199306899,1.5001627884911257,4.925595108956095,2.9362407822957324,2.956436098421947,1.7419340413560742,1.6587424732183293,3.922351719487471,1.7160022239876913,0.14150487624186953,5.471597156024347,1.554872123657224,-1.657199332660192,1.4625764603273086,3.2252772358044455,4.348743867417523,3.97690249526761,2.5136186777705904,3.0655252904486967,5.060553384345172,-1.9404489316015932,-0.41017650004511247,-1.976570456940948,-0.13197901192317746,0.8400175063928492,1.4880369657115509,3.37666310499636,3.936270459361829,0.9201526338213034,1.3709932405465353,5.003790783435189,-4.0230891324096625,-4.651962973015505,1.9797467945814138,-1.1186831091309142,-2.7045375953984316,1.4546797910530405,1.6136052387465396,2.9451699972379854,3.2300939091827248,2.390781292505159,-1.5067698668198235,-1.4085565058098226,2.517183521055753,-0.6151924324053586,4.568752073908429,1.5697020216508182,-1.135698169953462,1.6215778243192918,2.773128799434685,1.4170425425767397,-0.0990742113992167,2.2267466387042836,-1.1582196199838684,-1.6728603992222442,5.610348737075606,2.2594022613320894,1.9713371206050834,0.9899231337498877,-0.12099666334378137,-2.719284968917556,1.9765330564875914,2.0415868472924394,3.4223925314327843,-0.7752119619226194,-0.32769794040900063,0.8428699651421321,-0.5444222202887745,-0.2205799074977169,-1.851548313797794,1.4786478378220322,-0.7591852950666208,-4.084722860319338,2.271779261534819,2.0422939297878413,3.131109414269813,-1.0318370859318846,2.4329012471110523,-1.6269462528322416,-4.4661641974144235,-6.951138078835141,-3.052134102271737,0.5768341288698392,1.7752546337554271,2.9931227977980606,1.6087894558244114,0.8018634138106674,1.4752514165807515,2.1031993684316066,2.2715607571528538,1.120489143229065,-3.6084388531682388,-2.7717774174011605,-3.3078433813485426,-4.49970218356088,-4.253109991384393,2.8400296689574778,2.0195171665794627,0.8915181212448361,1.520047889274719,0.6710399758052754,-0.5875983397615933,2.1236740223448836,-2.8196788604646446,0.002993844035942737,-0.7938792480582892,-1.8908241854065153,-3.4583528633211342,1.4972902364744238,1.6470681119545796,1.3746147354987555,3.7677958842716652,0.11692121819168753,-0.4869592999906961,-1.988711717153265,-5.270992545530019,0.801595783648492,-1.0908443320161452,1.5910031118228165,0.41487860935230125,-1.6616077993472418,0.5282955699806205,1.116193984765693,3.765012006864161,0.6881239642656788,1.6445803957618081,3.516428675404212,-0.5582896816185421,-2.8913065947687384,1.8302744930915804,-0.7314136844522265,0.5092268932957257,1.6166851124318864,0.9995240549156371,2.2073022653664456,1.4122000396789893,0.09512317190641315,4.982526382789372,2.957489694726841,-2.430120283531637,-3.1872434071841456,0.461935623127784,-0.8033732050720679,-2.0882859701856966,2.8069313802176756,0.7608118098166736,0.15415950514424004,2.0791134701279677,-2.207947249192391,2.4776627159542755,4.589658670564976,3.4761369917331644,1.696401067430725,3.1508390094014063,-0.05538374059180735,1.121986584068181,0.11596196414770238,1.4861964747272247,0.6883328537701466,2.270912630847248,-3.779301916006598,-1.721266245140497,-1.4213522151638984,-0.6640046134237528,-4.74760153718937,0.46725631041014404,5.170616980223962,-1.5627144364934187,-3.9159889482030517,0.9983278384623251,2.1243321509893818,2.157995531897629,-3.0046942278542357,-1.1781511636430928,-2.527657835201689,4.814396787112649,-2.2351720044208356,-1.916557836138902,-2.1647361819163593,-0.2480419095768428,3.4650474498915305,1.1009758361075594,2.8120727439580704,2.1363913544919715,-4.552839129506748,-1.532045051882771,-3.9040389742622166,4.559099796631847,1.829889946401314,0.5476695791086603,4.1016535723464065,-0.5729810553924821,5.994160221211876,0.8718886032766967,1.6412228053830393,2.017632203988674,-5.559030451342963,-1.488784868295864,-1.221437045686705,-2.192289266533243,3.6375137652263922,4.952913027687242,5.65877169266754,4.187397289203746,7.0175010672664015,0.5972799342968801,1.5211952520387553,0.8457751158200177,-6.0744141331531685,-2.337137239177708,-5.928158294387441,-3.018723047722871,-1.831140108042395,0.1842242066294839,5.037793136186395,6.035192009788957,7.091094720295407,1.5648077884762357,2.1812222836685398,3.399863538819471,-6.299517557165677,-1.0310683505349463,-3.0186483368851,-5.350361385566099,1.314137990240608,-0.9414133733406146,4.788037453547438,5.9937734568506045,6.732555303367334,1.5357148517954733,3.3638728038243606,5.854394273192825,-6.529998976707646,-0.13090025855293622,-3.7521128089002995,-7.574623919529718,1.8569868889617331,-1.2913929272269724,3.080005793213901,2.8951786341624333,3.649472380632003,1.5211547127441658,1.4962345905700487,6.092782333715367,-4.461879571517769,-1.9135156381267513,-1.7943434941168,-4.476024793489579,1.2422598247484953,-0.276161072544737,-1.504855399105384,2.876589211405403,0.6577008044363816,1.0377547878158409,1.8150598386417567,5.892584951972195,-2.704188933603657,-0.5618659197237922,-2.752634148151964,-6.600571655920033,1.4224401363287447,3.7246108355299357,-0.8743008358227451,-1.000613110806592,-0.3581642417169755,1.3034354165608781,1.9060099413079552,6.015018072456823,-1.7506898911473927,-0.3877122554766755,-6.391421405521068,-7.10770175645666,2.524223556531064,3.233894847373604,-1.6798542247238915,-3.345659409416671,2.6889374895037843,1.650770021754309,1.8006927926179743,5.734334440695844,0.7676190044851636,4.763975022638999,-0.4161644111031474,-0.5727272130786512,-1.4243854907566176,-2.814776702794549,-0.5343095017522715,0.09769935856109344,-0.2144264519698995,1.963500165283955,0.8389523155100472,4.247450680946013,-0.5116266296426543,-0.9157578787676138,3.285305110513211,2.0071816689652864,0.8082068004854366,-0.18273309816037447,0.6707745856845315,4.651471067471084,1.2672846517560283,1.9268422060343857,0.6884548349426296,3.455880839828585,-1.0231412225581484,2.2038978701506595,3.8509421610265657,2.6502995080370892,4.007686287697425,-1.491003523397725,-3.7464769564675158,-1.0070228878345449,-5.631164554725239,1.9534071194687286,0.3905994753509467,3.7122656197440547,0.4780811845924568,2.5328233827281683,1.942167648197613,2.264991181959442,1.8012006286720594,-1.88420673366532,-0.7856441509668264,0.34914279396985487,-3.243730866953363,2.103580923143914,2.904489351452391,2.434619626103131,-0.6297371373673992,-0.5532841145726003,-1.4427187689688252,1.9503103087426912,-0.885918120594752,3.6686665141125347,2.5389240888502504,-2.563164927796428,-5.857427145825612,2.275461034102772,1.1326940640090288,2.956391950311947,1.0700769889842159,3.348681075660587,-0.36987644228129996,2.2625068833374944,-1.8593491588727002,-2.1742736006915084,-1.0008688737655105,-6.45965022533128,1.9037610243183294,1.9760759254881923,0.34170508095170404,2.504186708533317,2.852514471743154,3.738021140351987,-0.002093203817572383,0.24881219879183125,1.4752296129831268,0.451852031742883,-3.422055721433227,-4.405286145365627,-2.4814711352942562,2.2847668102114636,0.8865405705276709,0.07308453974392776,0.515555399018856,4.638953068959947,2.201123680640859,-0.3963610734266671,-2.2219036640957905,3.1052912312339793,3.603677330457253,-1.1565206158207886,3.5721545791819556,1.9492551344253055,0.07665109025554184,-1.7331289733492858,-0.6166958265379547,1.478892077672107,2.1587152333442705,-2.0060930905451446,1.181906120540016,1.5680687069783132,5.477773830840196,-1.1917168164770289,-0.6351800515904573,,,,,,,,,,,,,,,,,,,,,,,,,,,,,,,,,,,,,,,,,,,,,,,,,,,,,,,,,,,,,,,,,,,,,,,,,,,,,,,,,,,,,,,,,,,,,,,,,,,,,,,,,,,,,,,,,,,,,,,,,,,,,,,,,,,,,,,,,,,,,,,,,,,,,,,,,,,,,,,,,,,,,,,,,,,,,,,,,,,,,,,,,,,,,,,,,,,,,,,,,,,,,,,,,,,,,,,,,,,,,,,,,,,,,,,,,,,,,,,,,,,,,,,,,,,,,,,,,,,,,,,,,,,,,,,,,,,,,,,,,,,,,,,,,,,,,,,,,,,,,,,,,,,,,,,,,,,,,,,,,,,,,,,,,,,,,,,,,,,,,,,,,,,,,,,,,,,,,,,,,,,,,,,,,,,,,,,,,,,,,,,,,,,,,,,,,,,,,,,,,,,,,,,,,,,,,,,,,,,,,,,,,,,,,,,,,,,,,,,,,,,,,,,,,,,,,,,,,,,,,,,,,,,,,,,,,,,,,,,,,,,,,,,,,,,,,,,,,,,,,,,,,,,,,,,,,,,,,,,,,,,,,,,,,,,,,,,,,,,,,,,,,,,,,,,,,,,,,,,,,,,,,,,,,,,,,,,,,,,,,,,,,,,,,,,,,,,,,,,,,,,,,,,,,,,,,,,,,,,,,,,,,,,,,,,,,,,,,,,,,,,,,,,,,,,,,,,,,,,,,,,,,,,,,,,,,,,,,,,,,,,,,,,,,,,,,,,,,,,,,,,,,,,,,,,,,,,,,,,,,,,,,,,,,,,,,,,,,,,,,,,,,,,,,,,,,,,,,,,,,,,,,,,,,,,,,,,,,,,,,,,,,,,,,,,,,,,,,,,,,,,,,,,,,,,,,,,,,,,,,,,,,,,,,,,,,,,,,,,,,,,,,,,,,,,,,,,,,,,,,,,,,,,,,,,,,,,,,,,,,,,,,,,,,,,,,,,,,,,,,,,,,,,,,,,,,,,,,,,,,,,,,,,,,,,,,,,,,,,,,,,,,,,,,,,,,,,,,,,,,,,,,,,,,,,,,,,,,,,,,,,,,,,,,,,,,,,,,,,,,,,,,,,,,,,,,,,,,,,,,,,,,,,,,,,,,,,,,,,,,,,,,,,,,,,,,,,,,,,,,,,,,,,,,,,,,,,,,,,,,,,,,,,,,,,,,,,,,,,,,,,,,,,,,,,,,,,,,,,,,,,,,,,,,,,,,,,,,,,,,,,,,,,,,,,,,,,,,,,,,,,,,,,,,,,,,,,,,,,,,,,,,,,,,,,,,,,,,,,,,,,,,,,,,,,,,,,,,,,,,,,,,,,,,,,,,,,,,,,,,,,,,,,,,,,,,,,,,,,,,,,,,,,,,,,,,,,,,,,,,,,,,,,,,,,,,,,,,,,,,,,,,,,,,,,,,,,,,,,,,,,,,,,,,,,,,,,,,,,,,,,,,,,,,,,,,,,,,,,,,,,,,,,,,,,,,,,,,,,,,,,,,,,,,,,,,,,,,,,,,,,,,,,,,,,,,,,,,,,,,,,,,,,,,,,,,,,,,,,,,,,,,,,,,,,,,,,,,,,,,,,,,,,,,,,,,,,,,,,,,,,,,,,,,,,,,,,,,,,,,,,,,,,,,,,,,,,,,,,,,,,,,,,,,,,,,,,,,,,,,,,,,,,,,,,,,,,,,,,,,,,,,,,,,,,,,,,,,,,,,,,,,,,,,,,,,,,,,,,,,,,,,,,,,,,,,,,,,,,,,,,,,,,,,,,,,,,,,,,,,,,,,,,,,,,,,,,,,,,,,,,,,,,,,,,,,,,,,,,,,,,,,,,,,,,,,,,,,,,,,,,,,,,,,,,,,,,,,,,,,,,,,,,,,,,,,,,,,,,,,,,,,,,,,,,,,,,,,,,,,,,,,,,,,,,,,,,,,,,,,,,,,,,,,,,,,,,,,,,,,,,,,,,,,,,,,,,,,,,,,,,,,,,,,,,,,,,,,,,,,,,,,,,,,,,,,,,,,,,,,,,,,,,,,,,,,,,,,,,,,,,,,,,,,,,,,,,,,,,,,,,,,,,,,,,,,,,,,,,,,,,,,,,,,,,,,,,,,,,,,,,,,,,,,,,,,,,,,,,,,,,,,,,,,,,,,,,,,,,,,,,,,,,,,,,,,,,,,,,,,,,,,,,,,,,,,,,,,,,,,,,,,,,,,,,,,,,,,,,,,,,,,,,,,,,,,,,,,,,,,,,,,,,,,,,,,,,,,,,,,,,,,,,,,,,,,,,,,,,,,,,,,,,,,,,,,,,,,,,,,,,,,,,,,,,,,,,,,,,,,,,,,,,,,,,,,,,,,,,,,,,,,,,,,,,,,,,,,,,,,,,,,,,,,,,,,,,,,,,,,,,,,,,,,,,,,,,,,,,,,,,,,,,,,,,,,,,,,,,,,,,,,,,,,,,,,,,,,,,,,,,,,,,,,,,,,,,,,,,,,,,,,,,,,,,,,,,,,,,,,,,,,,,,,,,,,,,,,,,,,,,,,,,,,,,,,,,,,,,,,,,,,,,,,,,,,,,,,,,,,,,,,,,,,,,,,,,,,,,,,,,,,,,,,,,,,,,,,,,,,,,,,,,,,,,,,,,,,,,,,,,,,,,,,,,,,,,,,,,,,,,,,,,,,,,,,,,,,,,,,,,,,,,,,,,,,,,,,,,,,,,,,,,,,,,,,,,,,,,,,,,,,,,,,,,,,,,,,,,,,,,,,,,,,,,,,,,,,,,,,,,,,,,,,,,,,,,,,,,,,,,,,,,,
15,1.0,1.251895382677667,1.551358500688598,4.205658532192895,3.870284009619152,7.69521837515959,1.6488241937146588,0.30643932925111994,-6.368475434701332,0.12785861634170884,0.14960039630229513,-0.2361878090900768,0.7684594901194073,1.6688813426889018,0.9364198914108962,1.4387810799950957,1.8594286276849792,4.061341375071898,4.314816072165874,-0.4296693708016705,-5.20154340413056,1.9771138589212347,1.1560751257743924,-4.114520562514481,-0.15945191620549584,2.1664162205243573,0.953627976402211,2.7416551244343133,0.5553280781686468,2.1991155752704103,4.053491919994203,-1.3971109811224345,-6.407546551259475,1.0461451926578853,0.36549546302014985,-1.44524100443972,-0.34751113827337277,2.625485811354095,-0.6398941722747225,2.0939991808573195,-0.4963866669677586,1.1049381422127598,3.567949004967668,-1.8620426529324579,-2.8234857190719107,-3.6578461296378673,0.8783858538666277,2.024511465854454,2.1889094370981934,2.4146638176480373,0.977983896796872,3.648215584103989,1.8921003141021064,-0.5232574869213773,-2.4162908672963406,-5.501189824629347,-4.8849572720701335,1.0473654962056689,-2.2204554227604585,-2.6538863256946623,-2.975291521132955,2.317539671850149,1.7540045219496447,2.274445507232609,-1.467390489535597,-0.8329424336256673,-0.35021182302480625,-1.1793266057901988,2.1673516748791384,0.6276804635242769,0.956067505717595,0.6140901000393335,-3.404459459444258,1.805322567537954,0.5565808335974577,2.4018958161205437,-0.6747456259767148,1.3273859102044476,1.432166106132139,-0.34605554523344206,0.5782745738024151,6.2269316901882155,2.9078342464594327,-2.896394891538026,-0.6813157552035143,1.997202061238802,0.264471409741363,3.6883514376973685,1.8835444396647374,-0.5305815448600038,0.009923975118643165,-1.0123092423051843,-1.0877935322943393,0.28994190009018167,0.008921034305765387,-1.0704886350777216,1.0133828377655285,1.7397077823774167,1.0302773464797603,3.673808294835477,0.21792230126042206,-1.2176083840479006,3.9594751119056353,7.486004299544776,-0.21092054999633963,0.7699022786459775,-7.0186074961046785,-0.5959811779760884,1.9246656319633768,1.5245610265904659,1.397764853967727,3.7111062049636017,4.710423238040324,3.1835781365771334,1.0869193995012874,6.941579440931851,-0.35827929446008383,3.265157485106341,-3.0929010421152046,-1.6228882351877623,-3.3710362155575986,1.875418609212681,0.6308393108677366,2.701035197684059,0.44971822259067473,1.8857614464959445,0.5066706174671556,-0.680666205250756,1.440632293868222,3.925879526461888,2.976052382094407,-0.6549740582900445,1.9736113455226554,1.7826444680271696,0.3686682039676185,3.8600009076124744,2.012720491603608,0.2767301418345578,-0.6444969390100131,-0.12880612857365012,-3.2256114829775133,4.685227244335254,3.189309392729457,-1.3030930338687519,-4.599783008285215,2.3996746370516364,0.949083962475092,3.7362100622911467,1.709581652229912,2.6866265760502634,-1.6412955969602625,-4.74689005348854,-3.6651823807997856,0.0779973051305142,-4.715180590405208,-1.5368255312243957,-0.2271455367775005,1.7721372163726732,1.769138716695248,4.9611068772755464,-0.31988057320277885,-1.2099250426349066,4.020412540884307,3.928218422538,-1.393426291904868,2.1837960712783246,-1.6656887317350144,-3.691754563318794,-0.8979257125119566,1.3426350279984807,0.6162973220012651,3.8597547722576153,-1.4252340683090157,-0.6743481836697761,-1.4381524571256783,-0.5708444191357561,-1.5770298348073426,2.2510300231051183,-1.3355499589681665,-1.4695004045963331,0.5054520598405392,1.7980734410604542,1.0841193375503448,3.6755769209943665,-0.5697132315132374,-1.9675193202322003,-5.457352352462256,1.339383993207586,-2.090948015248703,-2.761120290209599,-2.3940837379481392,-4.806595512882608,-3.2790067019357085,2.379210753074852,0.050263237199331436,1.941205608770587,0.7511239156627936,-0.5108193961007598,2.4950292409293917,1.364731679458608,-4.694209152191171,3.89872057889047,-5.306952621167336,-2.977197376676557,-1.073046065339054,2.730090802293283,1.7364700494810956,5.6269857079217624,-0.0075283079879127045,0.26093319054776254,4.826915160280263,-3.00600111943038,-0.582420883257224,2.032937473658636,-1.8996068897553542,-5.923361523605826,-3.020645823160015,2.071026246841603,0.8810153984764112,3.5563778762388942,0.15771800751267875,0.20180607311933918,-0.33259345053183464,-3.538527074289362,1.9864963382614405,3.1700672686676654,-5.774547085545857,-3.9063981683700026,0.03682957743576279,2.0612325853424465,1.1524223813893073,1.985390237807387,1.4127837998094623,0.24469200590960263,-2.2464738381435705,-0.1395377876076503,-3.7153387980397046,-0.7041457608126439,-2.308895457220954,-2.875216180527211,-2.842975567028122,2.3033098224431545,0.2242068775787013,3.186557936175039,0.3272857951039853,-1.0593157315542028,0.16622900925827633,-1.408794399871533,-2.2458400649510093,-1.4159826213622075,1.444636110034374,-2.7488376940143886,-6.138651577368471,2.2825163216992532,0.7051243638977498,3.207357709609869,2.5172199541475115,-0.9041030085699971,-1.6194314107239767,-1.2208793605759596,0.6444312778087654,1.7121993643520261,0.359203768678793,0.3738206881616801,1.1594123158527343,2.0986417492308957,-0.07969653866138247,1.0389941591905392,4.161612097178095,5.190296837079127,3.1712951714758666,2.098612732101786,-0.7342625874199672,-1.6847882711573698,1.674523559350791,1.5766977576458292,2.007013410174975,1.3176321634676054,1.6458092736019725,2.280061353229428,-0.3050189737274134,-3.700673762833273,0.56811281170104,3.311149468846873,1.4459323034756961,1.949070060422931,-0.28050022729122326,0.7375516821058433,-0.4361569313836603,1.847165151968811,0.7447845562560098,2.299843786693044,1.8665839416874377,-0.15353312215334483,-2.655660349237956,-0.31728202852764337,-8.564881502841532,1.3406636240209757,-0.7503966268109875,0.48394334349316825,-0.502191486426584,1.460336731891902,0.02891869671019119,3.404346646656316,0.3439485749313877,-0.6649038838659733,-1.173313859068033,5.310262237578509,2.44856896944176,3.337785997322113,4.105600830451797,-2.041692201214983,-4.75451141033178,1.7814475681516142,-0.32109294274625944,1.1984408744472828,-0.0667684272162749,-1.2475360791817502,1.4684099307522522,1.2123506022733526,0.43414222918887163,7.73569027043802,1.162330681204742,1.5329184609348687,0.8857150930209938,1.5620948870929476,-0.23698217247557837,3.089809466728334,-1.5302041167749412,-1.831653835494039,-2.23693418324071,-0.5559620622346556,0.28488451522287955,1.454365289926846,-0.2867868848359655,-1.3190789885055045,1.6943832177669773,2.0850343482399127,1.3175523333953922,0.16994005616595262,-2.429156666480227,-0.3357754802248659,-2.1493315051792194,3.3372601404091764,-1.2049198372380987,-0.5190736141034709,0.4356984125766843,2.032882905103412,-0.46825089397782005,2.1672819615067667,1.908581808681805,4.13912356450969,2.4016683646301225,0.9371745971714774,-0.08181126246440713,-2.950649052963029,-4.430134052727162,3.156018351988694,2.1957279119169892,1.2610004609305718,0.49259263983901586,1.6930169349292101,-0.05520849279137075,3.01962488188395,2.101790560412391,5.497443587625708,6.201866897382124,2.0823209557765083,-5.6602569056165875,-6.195964022094848,0.5105402334641891,-2.841171389666063,-3.0696500215952423,1.6789865704728018,0.9992632024158017,3.6203631838037964,-1.3517399929616478,-0.8290301420080293,1.7609745026948875,0.5544274354380209,-2.9155481256164437,-5.643348945361554,-0.335085948906561,-2.149050539045858,2.526738874468488,2.0416132474095523,1.4132836698644629,2.927797527403935,-1.1181507754702136,-0.252392339887472,1.327000563148528,-3.4139845945301412,0.8178518911019808,3.0766385340550637,0.003071384849353587,-4.151054559701934,-2.65112908073683,2.137314077864837,0.9548174897240093,4.985306217306779,2.944496092009722,0.25513672349109,2.6750357538016476,2.682204362006233,0.5136980387828021,0.556522237997125,-1.1900804716833036,-2.445574969388694,0.6062007939318109,1.6629048500614694,1.0747695525286558,3.386048051985638,-0.15699398326905362,0.9270367017371416,2.727327616001054,3.504205817854647,0.16898372516875712,4.021232197960826,6.416225412177277,-2.5716611941119476,-4.174403325755286,2.190861385325856,2.147381068170352,2.0108602577410815,1.9801386893631683,-1.298649419987853,-4.3189432491579876,-4.892379177575079,-0.24203144961692982,-0.7000131969245083,-4.846059518333009,0.6189861221691588,0.9804813822758496,1.5262602121728235,0.7305128293989792,3.352767552442457,2.340736088894545,2.300352230725704,3.9221832245786534,-2.7950353692860626,-7.663137639697099,-1.9276626802014067,0.33228839492833157,1.9968201337515892,-0.9490975378639087,1.8245105230924121,-0.3016300541357447,3.069171750085228,0.3605524949799338,1.0784632985475862,-0.4881391077663008,-0.4921069136336391,-0.33833776489968626,-2.485140747656896,1.9709824555097972,4.282359556818023,2.655261286788553,2.231270553918645,0.3742548336188125,3.732264364058881,1.5400560454772947,0.9197960313218823,2.3335747855479334,-0.12261098589545112,-0.9045925423366065,0.8100178154972459,-4.02191835000473,-4.514817967279059,2.6988290208024326,1.9933010744916537,2.205993114795444,5.1332027943556735,2.370342383751294,0.14740052171372361,-1.8979018428065955,-4.331373789600247,-2.3528205526991033,-3.370776426652429,-3.864968901096485,-4.1616016397421625,-0.15628581183040455,1.3940803023360757,2.7531469147414036,4.892721847570388,-0.8142507518143236,0.6972450674339432,2.8983416470016845,1.3639248398228376,0.36840000505977255,3.2424145425176545,-4.261247738482068,-3.831474737398607,2.742816386875623,1.899187119604617,2.1048541739304,4.959450392816537,2.280614980890049,1.7675961570702787,-0.6939317590552512,-3.0551578669120714,-0.621788236904637,-1.2402158251112387,-2.369753937501359,1.159984056683703,0.652682230922923,1.5791066741854383,1.571174317736295,4.119410940972827,3.7587544321894613,2.352928717863678,-1.677594716931197,-1.8131701508925053,-3.2312518438569393,-0.48726885799799574,-2.659887139706938,-1.117672856927888,-1.3677470014235116,2.074774545877835,-0.1670057243811476,2.0510067883796843,3.9206834330065683,-1.221913773263872,4.248884496180886,-4.394810258717395,-7.165875950404738,2.8469446115313346,3.105682983338588,-1.0401262174744417,4.067836625929743,2.2082894487522577,1.4006035625874682,3.9083314793094086,-0.6563572428631942,1.6377195196256198,0.44001526222996545,-3.0389597702678994,-1.977633552742679,0.5152994943783212,-1.4722531255634013,0.18504557970803806,4.066983688312133,2.0029119475868464,0.5468339306278365,1.213472430636728,-1.3767296519491707,-0.7585639724807268,0.5360634715862594,0.936082075531943,-3.136311310841764,5.813319016428128,5.906766497756784,0.5700019411582189,0.14388172009589278,2.5476867424804346,-0.10668135963622848,-0.14705527037997074,-0.5703348984824413,3.1400783709394684,3.678233916433589,-0.45939550940632445,-0.04397310332772348,0.7572131193954719,0.7446646925064266,-3.705420940661719,-0.1326527653004795,1.964106410357959,0.14297630097435163,1.9097190932418286,1.2477822658693796,2.677098152294448,2.1089507762890682,1.5889993963113047,-1.1671562470585686,1.9410606448889602,4.656432783342378,-0.682481490250183,-1.6268528246216793,2.0470506087025786,0.7151821673178788,3.699689324748476,0.8375739163353036,-1.6272810530259099,1.598106229869847,-3.7434957811283054,-1.5131880469433823,-2.9555965407401237,-2.6190303603952825,0.7405601782893392,0.9733427307409317,2.404549472262411,2.226634758843144,3.101527052487899,-1.8127682317242888,-0.23064321686203088,-1.3582443957311192,-3.8231580324691175,-3.911708997804739,-0.4091299607090744,0.0896119322956332,-2.871847934002517,-0.3549438219673704,1.9057275884162408,-0.22732141425363958,1.0526375465257725,3.536557161931177,1.3786216072648392,-0.9317970034601827,-2.6252775116371687,1.4321861643896774,1.9478666052668512,1.5413151457084806,-2.652006122112555,0.4021051887907956,2.180520499968918,1.1469036377358248,2.3645444602430006,1.4538462222121618,-0.022168226590785076,-1.8167793868288353,0.8162218396333791,-0.24394466452510039,-2.2957743384664044,-0.8710600695886104,-0.48577973721711026,0.9877472245737939,2.2471698306328953,0.6499493288866021,1.7841794998270797,-1.8110546395838278,-0.01424823942600624,5.510207443368648,-1.117960027508197,-2.6994008568931736,2.7027479982166716,3.8730824718808523,0.7235497762092357,-0.9887494981367008,1.9745042763946312,0.7368428201790694,2.2366348605422925,0.7477950596443793,3.790862514349372,4.780987596771422,1.6361690792187018,0.7941386084026937,4.520033772466147,4.446304128625961,0.9980455538347077,-1.9587313190583204,1.386784052594509,1.0305615334774982,4.252558178488868,5.156614721906459,6.127287277931435,3.014254115575432,-2.184305530531661,0.15668788567168027,4.797688758772443,2.6605089092025427,-3.1023789916766025,-6.381115461219503,1.660594748448597,2.3810414374744706,2.4866878479578185,-2.321144345430695,0.2939911656048361,0.9539492060427074,0.9765975191135154,-0.5777985953138179,0.7549823998717187,-0.3187897495454798,-3.7713124520386154,-1.4212105829696953,1.4105068669156842,-0.05429306832891886,4.385326604909023,-0.10667339037859064,-0.2999441388808932,2.74631332690434,0.7339223369292377,-5.5921983038935785,-2.2598385510907883,-0.9876166771446637,-2.74435098926653,-0.9700712552862742,2.383657305762514,1.052228202074396,2.771178430197023,-0.2726927691402953,-0.8875979979884727,-0.09779276918597142,-4.3160702667329565,-2.12783260243197,-1.4570684006152628,0.04923010556886401,0.09056852886611257,-1.1708945271481868,1.8460295418640082,-0.18448838971430737,0.04881600680689083,0.5531754216158009,0.8432314854824814,0.06661625896019907,-1.5149504469791693,-3.831453353880905,1.2082594758183929,-0.1519076959783716,-3.703591546834877,0.45193071409213526,1.9626008102679315,1.7991489291421832,3.137070077020324,-0.8566056933659064,-0.0404200214057038,1.26262293554375,-1.8742593018200966,-1.2648172235742885,-1.3770743141129012,-1.1042215710382215,-3.7041899986183995,-1.9137355920982588,1.7714277839563835,1.2400519985836227,1.3578448629149173,-0.6698615775110186,0.20989396746230463,0.29515039726929887,3.0708353950379643,2.0753577577270823,-1.7217434718199454,-0.9795028098256825,-1.127098707001934,0.6933594020801275,1.6789414278255477,0.7590785387008182,2.74895325500365,1.5801227675224634,5.614583740446764,5.04375607245835,-4.001002452171581,-0.7160010025052752,3.1156930652006323,3.601302842509317,-0.5984305640098453,1.4370548768206368,2.1850330012126786,1.8280415504285576,2.7875827500572226,0.7573966051660802,0.8268536531324124,3.8160598859334978,-0.2381984208425502,-7.442271708378259,-0.15612296270962506,-0.5191465742935879,0.5901721819621473,1.5125497069922815,1.83783237633607,1.37611993962595,4.337965689726835,1.5923718639233448,2.2160033478039476,-0.4625116928645836,-1.6430283192998723,-5.026437742819634,-0.7592331616045784,-1.2784019335016925,-0.9895194775335475,-2.7251296070337836,2.124874110860596,-0.6758756187743414,0.5799206869114235,-0.5462447546539745,-0.04222224586416825,1.0157540421778393,0.21475071505047263,-5.539004266894547,1.218309157419749,2.058841573721847,-1.269703534171008,0.5712425747135519,2.196256850949119,0.9663804823352632,4.355308757689865,3.3869763070594807,-0.9019388929558392,-3.99112823710442,-1.941489633808679,-1.916198169419515,2.1369409727671345,-1.0688609043833661,-1.662180381348299,0.2166281181590401,1.5508625023888745,-0.17313968305748845,1.6584169546754792,1.5687929242075258,0.7132318239168363,1.8020107388659774,1.2343434998690757,0.9380924811959784,3.3319212622720804,-1.6219701316086181,-2.1805710906963545,-1.7798929523316842,1.8977725007093134,0.6862923105995685,0.8310901272462162,-0.2311090319382154,-3.278522077543309,-0.28800885888549166,1.7315010047412456,-0.3338799924386019,3.537883619532407,1.4841954635748857,-1.7923349212987667,-2.441587279776116,1.9646700704630489,1.6088596363851733,4.431049434884787,0.4244634099469421,0.13181167001110525,5.869544547852689,1.357831965989341,-2.777205040543585,0.5427841957940681,2.4553142214660286,-0.14480367424510077,-0.17828457496073954,1.7752885799936322,1.4854031085375428,3.8446821672914213,2.9145722971937063,-2.45227649148219,-1.4892856924790083,-2.0993413683082327,3.951950217035555,-0.3481893872247302,-1.587878657880768,3.3662202571635333,-2.546172128819025,1.3958174083231767,1.857128907998706,5.05406014994435,0.88432408427175,-0.29755328386072444,1.6340620042757317,-2.265492520809749,1.1156398589719783,-0.42981394405346796,-1.263040701022217,2.116202208014207,1.7378356926894853,2.169442959896215,2.7979477109397832,2.3918338102016357,-1.032135646067751,-2.6227005817484064,1.8028431716845819,-0.5762478610798881,-2.6385251812065245,0.01974777260069095,-2.563136370073779,-1.5619007021433953,3.7851158647414396,2.449155705119597,0.03975265679871896,2.2189801073365847,2.1442514366965737,-0.5009237882171421,1.8182998018843888,-1.3825532384572148,0.505035318390659,2.7630363468636285,-2.864106752406874,-1.7171528398825329,0.5157452147302346,2.943785768467823,0.9623262093003839,3.1477239575639695,-0.9104449687839927,-3.4407579152908494,-4.326338647621145,3.6411545902371767,6.539807546151652,2.151453057048457,-1.9014131799825558,-0.6090437264465597,-3.2334711880422997,3.4299383165587454,0.525906285804328,2.722140320918383,-1.5195265461822525,-12.64742541362791,-6.671683042920002,1.0388095678890286,6.936557500522153,2.077263402431903,-0.6433483761377083,2.5958738682379514,-1.7885480520975268,3.3445903977082985,2.0826400726822567,4.029590866470052,-1.1733160826212246,-12.778075503578648,-5.569139263972774,1.2647126623271594,4.554482599704461,10.649847431273932,9.471903027115008,2.4612452131956353,-1.1951546079179494,3.514543029485015,2.79121185841127,6.020849551334341,-2.106973954629464,-18.187980763538803,-6.291440549212014,6.590817665847345,1.9817261162667419,9.744495493156924,12.627657906272825,0.29651878863340236,-2.689885100625477,2.901346546367145,2.2008569591935174,5.0535121993467795,-4.8468852343248985,-18.49018471580658,-0.38949062344718427,5.93588235865243,-1.14386140395086,10.450888693679914,11.851410195876902,6.180407940242152,-2.718015673244966,2.1691339037161352,2.078846824406968,6.4136452574512965,-3.8400505519439334,-13.126263890147529,-0.4705078995667418,5.321122391200023,0.8478674164397304,12.942251985610651,9.379141885995464,3.5374768226262137,-4.066965268407303,2.4339345969153547,1.882000415543536,7.7251684240237335,1.0207644285594997,-7.558772345333169,0.512563466601855,9.67860755824494,0.23410242440541587,8.404785807605924,5.271798944426848,-0.25791980275114174,-0.8302373607465718,2.6329800106913264,1.7702761120279205,4.570331722990125,-1.8023596600660217,-4.7904504555995295,-0.4255349620689931,4.916627610220693,-0.0787008844758933,11.987367981399274,9.922083058827761,1.1041444079746754,-1.1473949347742436,2.760659443966595,0.1076177115622623,1.9907500631510504,-1.7373640311238765,-7.322360763783395,-1.6485190696127745,5.717515167351475,-0.9666715930028997,-0.28924000615765993,7.405295905856111,-0.11206179982475598,1.9345265780622154,2.6039288418027575,0.6903695212636832,2.5851660228944837,1.7459540082754565,-2.3383594667415557,1.7915806103437593,4.828676274481324,-1.7533185497098747,4.504269654142259,5.211439977049279,-3.2208058223658655,-0.11296174119024532,2.7922687074400843,1.699046560788642,1.7966382435937427,-1.6909803813647295,-4.276936331808713,-1.6035779341035745,3.4441652434270185,-0.7287837786572894,3.5745635737777484,4.780976275598198,2.3439594099314855,-0.022451158665768283,2.3046385459358047,1.4846050085803373,3.9420007880247514,-0.5358348342321008,-6.359361670086815,-6.282227897444315,-1.9090950979111838,1.3075681764201053,9.145250065878114,7.361426995836981,-2.444201861906888,-3.6694836819399264,2.3768367697204544,-0.009744300589058338,0.6376004596547377,-0.7258089078792332,-4.289261312100502,-0.31184836964667645,0.38347349222924676,-1.7054451581306687,4.5576977250914235,4.6226406079131035,-2.4598298176759434,-2.014541884601168,2.76566610315159,0.891343534772237,1.5497599249602447,-0.04512979122975121,0.5778625588298163,6.095711217723367,-1.0578836405544472,1.6870456758330092,6.636292752049869,3.2884749179993356,-2.99879875940148,-4.916864709175759,2.1440613315470496,0.5612464606724722,2.1980605203803325,-1.054158185000641,2.1316679778856966,4.246778013519663,0.23160397973213245,-4.382141452368745,3.783373265018039,2.2354176549639275,-0.3919558641761745,3.4539117685712335,2.165097709156247,0.7211644740902348,2.5224934220872894,1.644364094795686,2.8876966025447706,0.2618171157614377,-5.370043403850544,-0.12931873566722235,1.5864613587993026,1.5740632353512225,3.206425889564015,1.674373553624544,1.3220113884895022,0.10251343306451884,2.275661752119201,-0.7687859659264726,0.4766683607501462,5.142863327045054,-1.8267473887212216,-2.5777731318526853,8.849794459553705,1.2892526812171734,1.1843273978355844,-1.058675739123478,1.0892881106689694,0.8298233071562362,4.51802150066123,-3.1188392322638703,-6.665545632803608,5.4030083066168775,1.6212674585965317,-0.6256757131462786,13.937483333507483,-5.551255451899375,-4.111209302201666,-5.114761457993138,0.4048885350923207,-0.35548063528387125,6.2954496578601935,-3.130186424921756,-6.900099111830964,8.588587182168173,0.8373929933061266,-0.5792935683129552,13.019218337965924,-5.564538946816963,-6.3658652033357885,-4.647324509733797,0.8028456508793234,0.861417759761063,6.654099710443033,-1.710702873258718,-6.578187093533444,9.030647973076965,1.4972151257240245,-2.2671669363731355,15.056313697703933,-3.0537691110136405,-9.996090203641405,-5.425110531443328,1.9919874775053636,0.425880176221929,2.7202422965386335,0.5496316418875257,-5.23557916315968,5.055925036587768,9.01790142171238,3.3673505443237315,8.014361002753192,-4.627119456408719,-5.941171390552257,-8.649922182332078,2.9211181753828317,-0.313324860883383,2.1825869297495997,-3.695510086112272,-5.8567699688898,4.403961993291,9.918514318176891,9.629662028615876,8.124332003213608,-7.792412480128351,-4.49170106143908,-4.706259709087997,3.537176124113671,0.8332500126720087,2.9875706092916845,-4.8259503011528775,-0.6151893866808648,7.184342903147642,2.8924289865372943,4.7933087926092215,10.163249740171924,-4.483081388246653,-7.669592617885359,3.282340333059259,3.1196217846483627,-0.37921455059330705,3.9733017626129032,-3.8470898695935527,-1.9482734106650612,8.38191685967178,6.90471388791743,5.632333211276687,12.026569534830996,-0.7700401153160968,-2.8741300417962363,2.178892064624138,2.813216771475763,0.4817025918174997,2.7709320376294535,-4.58319286570817,-0.9142185093613892,8.920729930194513,8.105991081616516,4.766292116117068,10.567804220229814,0.42519596542322136,-3.395666689517596,3.9342017790079504,3.4459885609566676,1.9266202147383784,4.582226996238702,0.5571224445452618,0.22130688634228604,4.791142162933423,3.3130377202769026,-1.018642808263716,9.538702177060879,-3.8050378213844303,-2.697341083113885,0.0012476750097739646,3.3021502163484673,1.5308613043362165,5.359037296758749,1.8118571631126836,1.5133288821762854,1.658326047094234,1.4010090922983143,6.113026563191788,3.134907038246028,-1.7787608858163195,-1.5885245285495746,2.3789068156004505,3.2947185968078454,1.2894991265333562,0.7533271935043101,0.9811464446711006,3.4842694104754623,2.481317484185392,6.604312619771067,5.791777371934845,5.91324901482299,0.762443872152363,-2.325489028635189,-2.5969955531631825,2.5177346945117938,0.17460460505171596,1.4723330264044836,1.739634944143344,0.6953722158247091,-0.09878131143372028,5.331397057779402,1.65810317650107,2.475808855009173,1.7200951233085022,0.18691089157127383,-3.315922493133375,2.747872624616828,1.8038351533622787,6.8929715982556665,3.228286756419273,2.0762888995171758,2.105555080595183,0.7935248858789107,-0.1763384320724491,1.8450797991592585,-0.08893788544073147,-0.5755982938900563,0.09075392821535047,2.735151441145309,1.9974677264371667,3.2928577898316425,1.3173636647012106,-0.4769921290002057,1.4064767456429976,2.535231703586656,-0.582499875399387,1.7297757011477621,1.5983624769113964,0.7308696955215481,-0.16707726412081658,2.074026421799469,0.6379541183231245,3.603016976575162,-0.35379944322259843,-0.8519020203655437,2.9772000756905683,0.587313596202189,2.899534691014482,2.978724038271591,-2.4290126874009403,-2.927846421942273,-4.305767964868675,2.7694101488987912,0.635514776003677,4.174133320887703,1.1283950358873323,-2.27848268697831,-0.28193552764232904,-3.769746910537886,1.5740260605889902,3.136071815602897,-1.6709938130587059,3.340517971747,1.369703672631904,3.3575917025999726,1.2938394187650688,2.0398286293921797,0.6070363671406257,-2.909168787571211,-0.41826186755707423,2.552229067923137,4.735044940478115,1.6732782109838733,-5.9148849654931395,4.9333103322838605,3.9216507376515723,3.7442140450926362,0.7742559039385872,-0.5820794748769988,1.633042953906693,-1.9355275976193798,-7.315860461203252,1.6394221405967861,0.6577393892135099,10.385364031049235,-1.0264109508570658,4.438189830990046,10.185553034206134,3.985697122198254,0.9517068980281845,1.6090304064460819,2.6631414021025672,-4.736944497951198,-13.32985547022656,-5.384141422551275,3.935700351384979,9.990974221430035,2.955451331976255,6.255728270893928,6.620104184709012,4.2802147267166255,0.4179322926054757,2.8639708482644366,0.32206331337121735,-13.658963279739313,-11.18319407991551,-2.840216888407008,0.6963719030328935,7.6279812594485445,3.896312479494638,7.708931936105356,4.909069012310928,3.347994625372938,-0.47193316620563464,4.010172426339865,-2.5713133807828545,-16.07961469929027,-10.671405444241422,-0.35294385942279605,-1.9166191444059546,11.785746382313574,7.026498201819706,10.399288059093038,5.896071854914578,3.0456896300408194,0.8719582358260041,6.488086658575087,-6.247247515802497,-17.01683133833228,-7.683888845954468,-9.699062865221082,-0.6179543187218783,17.560247473493185,-0.468066890513083,5.059609530800004,6.582561481731199,2.6609813718786133,2.556919330116828,5.4935124539193465,-9.52671983325489,-13.48013428647575,-6.035805603907514,-10.482467341156035,2.0956427125894406,14.117695120795014,-1.4748179380050477,7.572997854246359,3.9746222384990335,3.0200672624556697,2.422159214170465,6.227164063544,-4.506400546951349,-11.339383058710757,-4.050508468571283,-4.232585432427189,-0.19241148963020674,9.167482855148696,2.232130739902719,6.521349249006943,4.444031988390471,2.557078809909484,0.851860377528219,6.98493196695712,1.8764294661181662,-1.3102993127720304,2.252452385367514,2.8248307750426163,-0.579103707482377,7.005368636586288,3.430333050992348,6.72130398351146,1.271720245386904,2.1808164094844247,0.28540747901333713,4.616878847725001,-2.4578901084837916,-9.145480657000684,-0.3501283693640947,2.568736613021225,-0.45990680623905505,2.0124330160731505,6.292488099543133,-1.1196389881869016,2.5099703711844192,2.300179902805588,1.3101849533009646,4.688100931867802,-3.6822205608115244,-4.32601122455147,-1.9173746560608802,-3.45411325064814,-3.7630649660512887,7.8888773318301855,3.6144931726610983,4.005948038968151,0.11702552694834858,2.38726221208534,2.177646103517872,4.621422576444436,-1.9218363835208339,-0.578915030153931,2.6731219136508693,0.9543376078682929,0.8066927084463866,4.7710925540667715,2.3205256588353853,2.489498213784538,1.030027954630048,2.140436045779212,2.266044177640649,4.461522256796651,-1.7303327251151568,-3.1671722914889,-1.6274009102032139,-9.568322823051934,-1.2376864154982161,8.98219491302804,4.067056735697563,-1.5508567252460899,1.4512192304780833,2.0278060758732255,2.306753546389084,1.8732297795716752,-0.08759938179001264,-4.989551860240405,-2.3728123697641386,-5.5762346792399065,-0.5295457771729163,5.533906415662138,3.9765091184791923,5.166752775150056,5.410949430462732,1.6315174935009344,2.540841443424437,-0.49725701770775066,-0.41168377018590435,-4.3312415322246425,-1.239959733707526,-4.639401602547615,-0.11640592239356552,-0.43800163728403885,5.319255271873496,4.564617053024069,-1.3050962390204284,0.9042696002067049,3.9233038270688354,0.5604516495807644,4.852482665871356,-2.8058507711723024,-0.46527283779308026,-4.85369627408498,-3.6308103215875347,2.8090175865522995,6.317571271922817,2.311347160764104,-1.7916653691617848,1.0047710905236042,3.7164161626919148,-2.0119472575990853,2.959463832464028,-1.1290205332272738,5.579247067408036,-1.8506672838177647,-2.3757733764353843,0.29568207371563815,-2.533368067388175,0.6568447827654158,-0.8770718814831686,0.7423121534249056,3.8871152751299602,0.77309022298246,4.022987789476094,-2.1670853747112577,1.856558527369371,-2.634479181911283,-2.1127745352744696,-0.22114625021882883,-3.78672555687208,-1.496947950756845,1.4782597041450356,1.0711483102592543,2.0622743384432543,-0.7726388152430183,4.508224478142519,-0.7279573990865137,2.803304437700266,0.854541597581578,-0.4238669321852058,4.228163536185345,0.10095584904044638,0.8587201824881842,0.8990395456074719,1.1202381754035933,3.9574277151133948,3.1307437982680457,7.316906160803728,-0.45913948475566274,-1.051390037722093,-4.488023472027957,2.336407961309591,5.443926896018452,-4.950238219215571,2.1479318528116065,-0.503127686131128,2.5489994135668117,4.688718973020612,0.9199173500039223,0.398615228209879,-1.4096679388768336,0.7952380235438746,-5.855373062771271,2.1137294698432156,8.945996084484268,3.1378695995806605,5.629980733458858,3.6006243599352024,2.857432340872955,4.940319232753951,5.617028708534083,-2.037466846621038,-6.308913207587193,-0.6610688626143927,-6.573165679232708,5.677642410692089,12.516969862826873,4.012842956517992,7.7016956079093335,-3.468102059981709,2.999317633787273,4.309554941224687,5.53610562785321,-3.2555218398373804,-7.512047934931373,0.2553980076926447,-7.1304417449611055,1.4638802368339667,10.801733704569886,5.53396374194382,10.917504672851301,0.4924777856580267,3.494068843029074,2.7202210517335286,3.501545240150208,-3.2002215424730998,-5.370605241561395,-0.4756511492112417,-8.357555934308248,1.3938804091922492,8.529762831773798,1.2735328972189006,10.846364716523103,8.20022454942146,3.0784440152032486,0.7903434979636682,5.945515576581265,-2.248057733954102,-5.140268711261161,0.15753978048863554,-7.207572647572409,-2.577842830216461,9.218828750035986,-0.30774082497187155,3.9262528472723393,6.953534600774742,2.614303931074407,3.073343418174439,7.856156182580696,2.5566331415286565,-1.2502952613608893,-3.6558294741866697,-5.08982769693876,-1.6575394891535258,4.928284963003199,4.4469046413293505,5.029443795218545,7.052469356437197,2.322091543474972,0.991211769464598,2.019989466815406,-0.5306961580807578,1.9547970711530502,-2.3031367149466444,-0.014309946913647668,1.392483654651573,6.490770714204411,1.8315781565023934,0.10712664918951215,3.05632571004365,2.687551639981953,2.8227770524589153,3.7260880383643067,-1.7639232707756616,-2.125246242345071,-1.714523311688409,0.5542362427614941,0.7555341913130476,4.8652826668193105,6.089510083049944,0.3816167515889638,0.48324468670454135,2.2206944129055395,1.4045784125580214,4.68354825714315,2.1458235235827328,-0.17876880794782507,-0.12169039274142872,-3.7228384447641907,-1.023858941081831,4.775933085041782,-2.0895309755978295,-0.04658181827331927,0.6858525685356389,2.2103311961166736,1.1402932782270414,2.941857394092402,0.2590612033885813,3.2761448107910556,-0.6657424501921301,-5.387430383334594,-2.761161757498179,2.5550901220130133,-3.252436271233327,-4.151853698288974,0.5874186403400318,2.5859095150640767,2.0394500771131496,2.679212564230977,-1.1583345446331252,-0.3712414732894305,-0.5184586922005074,0.14787694084801456,1.687671281701627,2.278056563778474,-1.3769488197972741,0.154976771481676,1.5243072380887135,1.9918504089169775,0.39407475787920465,2.3142888605418546,-0.48174032632014674,0.29363444761859836,0.30621712806547957,4.50487968192883,0.8745858957933798,2.111650801861651,2.790410229460978,-2.754987146737905,-2.894349089577441,2.165861657962879,0.614615266317182,0.13999657642661617,1.0113235715797304,-3.7086449575999203,-1.0797441410541135,1.168387770901697,1.7114553036580675,3.1038511314660324,-1.5759420648280786,5.195437231530573,2.7145526798116286,2.890848727045807,1.6565208547652566,4.272879277770692,3.3250977173060163,-4.594658617258207,-4.521384586524895,-1.781221213933799,-3.313122458881077,-3.9887175413962037,-2.3187216243147417,0.41512780833786883,-1.3902955105518808,2.5542465002228636,3.383116295267845,5.2392578209889225,6.078211340128143,-6.502788146203215,-8.688393075233147,-3.840904757173512,-1.7922536308597283,-2.033064622973418,-7.55672806315884,1.7790673467428815,0.2455481434739889,2.9162297898928684,2.25694333304646,3.085243795766508,5.308510367364757,-3.6182577807755405,-5.0132749187531855,-6.386520342198065,-5.0576824298579615,-4.903253899571252,-10.977311488233683,0.8831836715134237,2.0940435486334326,3.118662226051599,1.0762578997151282,3.3815129246025593,5.004719534117411,-5.443508130194214,-4.949742507802012,-6.390034618264155,-5.487301786320085,-3.8596745470896043,-11.649140523892555,-0.2526107975809094,0.8811834453560949,2.888669698302721,1.4768516895910866,3.1538813304338764,6.474367560803255,-5.066660122684654,-8.944828067621645,-2.5322957741132193,-3.066595255780587,-4.753265812246332,-9.294112442966906,1.3768238113817972,2.5835391549580793,2.899711555504878,-0.38979292809838156,0.389218325491239,6.019850915275469,-10.41761919078871,-4.9079614350065475,1.9069518170425706,0.9151308679899518,3.580288037914137,-11.696757964169615,-1.4254126227638428,-0.3644969827737478,2.474620268611073,-0.9000051539756523,0.10454745045308815,3.354535063728588,-8.967703707355975,-7.132357828527676,3.297021986520775,2.279866108093979,3.2146348439332497,-6.999161774541905,-1.7177491134390872,-5.245546179577873,2.186607612087604,-1.9005627143686865,-2.4056416573263353,-1.479235706831032,-10.700576441654185,-5.315096975775899,10.941769643522607,1.9911185272088074,6.057291177028114,-6.071484074139583,-0.9651889626988821,-5.142602523810523,1.5338675990958983,-1.8294526702099596,-4.9242038846492315,-2.8491402155363676,-9.678167434279127,-1.0625838973044384,17.64937425764315,5.756074849796587,9.509435429993992,-0.1347723097709648,0.7143498267023556,-6.828827269642142,2.0264426650279486,0.06419004057893943,-4.07286251479261,-4.23321759053877,-7.725189623587124,-3.858026678549387,7.866261570416291,3.960144904600275,8.208996715711057,-4.324138941030396,-4.518927291756465,-2.9373448263553135,2.0758076215922308,0.14217722052275691,-0.041627978315409694,-0.7742700277920248,-5.910015009320292,-4.245378838083493,0.8820990880694616,-0.7180477103425928,2.3704953067301533,-1.0268741927756742,-4.63623902405047,-0.15409152890373265,1.7205638898719153,-0.2888550472684828,0.32979536892427164,-2.1128819584437704,-6.105187519770202,-5.4700420846994,6.573190984808238,6.352036731824489,8.991064433627665,0.32680724093701263,-4.0270249393645745,-3.4757313144807767,2.064241106406163,0.795619014173198,1.668272531877868,-0.4693875816106709,-6.396051171355927,-8.03881085146699,3.557242581032328,-3.1542104447003547,4.063281264666316,-6.151674378976323,-7.6415205548136615,-1.2796859795566586,2.3125189685522782,1.2525558334519287,-0.2169183830470473,-0.6864877209500997,0.421571757299345,-2.7854559332799527,6.330481493002057,4.728906686258169,3.7905547800157664,-5.369541429589324,-4.72940893249109,-1.281523586584454,2.2934678447746886,0.9504050453975558,-1.328716336558565,-3.781569911137657,-6.189336410790936,-3.4761649637003242,12.898017022321499,4.7313876980476035,-0.7926964441881055,1.3021243712143427,-1.0492864388745327,-3.258818322633731,2.8167838601545587,-0.7288190873314934,-0.1601848721831981,-2.0371034519594495,-4.7030625279676626,-4.5746271158919924,9.90387867721773,1.6893651542646293,3.2696762051069546,4.2709800827271875,0.6050961419674216,-7.220512340836304,2.465992232380515,1.0068840781034716,3.513285188230829,-2.9840343332226413,-5.661304786479851,-2.7531330149041704,4.867758451441733,1.946572704679239,2.775629979764176,-4.611210353850977,-1.4527572112329117,-6.776840666765882,2.3885358280052227,1.651450464849805,1.965160791202122,-1.777050820288201,-1.1636887919378882,-1.217506869277259,3.321966118007716,-0.5542342248923718,1.972190639008724,2.2519536922491707,-2.288257785045439,-3.6870013293924084,2.2897667587493866,2.024134777283818,2.8109395397801396,-1.1673402991170478,0.015092672643009128,-0.9112829620355192,1.021294612927756,2.4449881937191953,-1.8987362573410969,-0.20102434463865157,-5.023217638396842,-7.441091604576789,1.9273884359088935,-0.07303555280835781,1.0797903665514401,-0.9826152501964105,2.8604535813916074,-0.16326953575023898,-0.9492880830288749,-0.9862406235979145,-3.008144213455738,-4.893631143056836,-4.42789692265056,-1.6630451275125828,2.5470186953349936,1.58796489226509,3.6705945626569094,0.7290318695685923,1.2223354250616407,1.8142830263676608,2.58192307518594,-3.8587949413367513,-1.1994345548851126,0.2679100414435425,-3.325890179321444,-3.4559609742652597,2.033687669937212,2.0911348419957654,2.580280851663041,1.0658627596599115,5.476849728926551,2.180176104021987,-1.3464253678919105,-0.5046818873354353,-2.2418460289255355,-1.5735180234903035,-0.33379858680124286,0.8444399844254131,1.675084287516679,1.5955855296848234,2.280785247592413,-1.1456784431604408,0.059942598565802266,1.5989589250090197,-4.998786526251329,-2.828947362782606,-3.768537004727465,-0.4327380148719979,-0.18440777023637722,-2.9117182806801853,1.3227369197656138,2.55483544206063,0.8815502009139307,-1.5780528153471922,-2.684116201484417,3.4022747166235927,-0.3267852380344105,-1.6359681853721435,-0.3514796483810852,1.116961863265358,2.1362010985708713,-2.6321767734846495,0.7187683933009714,3.5194894498343032,2.6068947361746955,-3.426952342924796,0.626866425795872,1.5609855359905198,-2.2979721244749998,3.7878952744577283,-1.017323114279601,-2.0728522414527393,0.26891715507814823,-0.8003409517394577,0.9866275867537225,2.678026956085094,2.3191894297826567,-1.0807708562902683,1.7018053998794322,0.5363896348444397,-3.6640643036054654,4.096693993252844,-1.1842119703853287,-2.3283520525036043,-3.090347837172753,-4.572308399474818,1.4479160004995155,2.8112592267586325,0.5443437085231032,-3.690104355991317,1.3901073438537586,0.7496837310309652,-0.24631314782893804,4.797581039693133,-3.0449738553522807,-0.015604479967679247,2.7169627369729086,-2.6294643309940815,1.7098028492507646,2.173849436512718,4.460069616953783,-0.9398218517916258,-1.9272187141058204,5.355672364608015,-4.14559346253561,-1.0459296123151942,-3.1017252329406486,-3.4032532456237954,2.526580845691956,-4.281378193567743,1.5695594693949209,-0.029760654453212028,-0.10209468849081277,-2.839336469468207,4.260444261944877,7.799558689615998,0.5718209100180358,2.6608856999534147,4.867203649075299,1.0799034673310703,-0.6195339675252786,-1.2847938357006337,1.5891744155285756,1.5697690815059602,3.020858777695522,-1.5576166873196597,5.476026815176076,8.336397886691381,-0.4532542216321985,3.7365058502882023,0.4433596355553559,-1.9228418203611757,-1.6112764876006536,-1.8912548914190328,1.4192972954543475,0.14088938753819152,2.834878901940525,0.673015728132887,5.435092656150216,2.243867582431518,-2.4300938845480986,5.2116278454896525,-0.14737793865272847,-6.158306552329157,-1.6523908633512592,1.4960170234559613,1.7813532513728347,1.1397107863141598,3.910150715489885,-0.45606903743320737,-0.7498348014103701,2.7642559441414116,1.536190970721836,4.5512754441454835,1.5356385044214182,1.1894689708904183,-0.6409390014676923,-5.975885244762134,1.696007022346033,1.301932587524598,2.9069985237889755,-1.9289760691051743,-0.2570801891506025,2.1257532446722247,2.5704676076062745,6.095046501910531,2.817173273289027,2.106877528737132,-0.6481652943393982,-1.2366183560595083,1.547265603014805,1.8276582367930674,3.1725773668599873,-4.013424443273425,0.11723806300916129,-0.5908688960201997,-0.18134692560831556,6.132236154240961,4.521193435316711,2.0339569767891024,-0.7006379660782505,-1.9946487254030214,2.043805149551671,1.4519036768435183,2.0402575212266445,-4.270242728578518,-1.3540737115883614,-1.2664136045921615,1.586194557241127,8.650927856327664,6.038411070685004,4.3997141638441235,-3.7746237825653908,-2.3905922955864782,2.209268279800127,0.4835370027633546,0.1387656631688,-4.907724681593826,-1.3599356043283695,-0.44210478500080963,-1.6511846749657118,3.1657270603141945,3.0083205373813096,4.146043174434066,-0.8267849330422025,-0.27824246605882785,2.218492265603342,1.0544740850046004,0.13499363568653583,-8.626284912014876,-3.873010557094033,-0.17356388218284727,-0.6334864606969416,-1.232425704344837,-2.1674626281897256,1.9178198573984206,1.1147824855011563,-1.8107922519329387,2.914857320337248,1.464725957359928,-1.5464390857767285,-8.601885388049157,-3.911573175723032,-2.2191963921047577,-0.35460679358683783,0.8962798013026161,0.5447861369681776,1.7303473594765584,2.7125363081401703,3.9799033734048455,2.2646185577686557,2.70043106724541,0.828617959612531,-10.964716015530502,-8.095604306948989,-5.138691668756901,-0.054277950714644765,2.757975163528893,2.828426284803665,1.0860775403758174,3.7899859538028813,5.395978181605246,,,,,,,,,,,,,,,,,,,,,,,,,,,,,,,,,,,,,,,,,,,,,,,,,,,,,,,,,,,,,,,,,,,,,,,,,,,,,,,,,,,,,,,,,,,,,,,,,,,,,,,,,,,,,,,,,,,,,,,,,,,,,,,,,,,,,,,,,,,,,,,,,,,,,,,,,,,,,,,,,,,,,,,,,,,,,,,,,,,,,,,,,,,,,,,,,,,,,,,,,,,,,,,,,,,,,,,,,,,,,,,,,,,,,,,,,,,,,,,,,,,,,,,,,,,,,,,,,,,,,,,,,,,,,,,,,,,,,,,,,,,,,,,,,,,,,,,,,,,,,,,,,,,,,,,,,,,,,,,,,,,,,,,,,,,,,,,,,,,,,,,,,,,,,,,,,,,,,,,,,,,,,,,,,,,,,,,,,,,,,,,,,,,,,,,,,,,,,,,,,,,,,,,,,,,,,,,,,,,,,,,,,,,,,,,,,,,,,,,,,,,,,,,,,,,,,,,,,,,,,,,,,,,,,,,,,,,,,,,,,,,,,,,,,,,,,,,,,,,,,,,,,,,,,,,,,,,,,,,,,,,,,,,,,,,,,,,,,,,,,,,,,,,,,,,,,,,,,,,,,,,,,,,,,,,,,,,,,,,,,,,,,,,,,,,,,,,,,,,,,,,,,,,,,,,,,,,,,,,,,,,,,,,,,,,,,,,,,,,,,,,,,,,,,,,,,,,,,,,,,,,,,,,,,,,,,,,,,,,,,,,,,,,,,,,,,,,,,,,,,,,,,,,,,,,,,,,,,,,,,,,,,,,,,,,,,,,,,,,,,,,,,,,,,,,,,,,,,,,,,,,,,,,,,,,,,,,,,,,,,,,,,,,,,,,,,,,,,,,,,,,,,,,,,,,,,,,,,,,,,,,,,,,,,,,,,,,,,,,,,,,,,,,,,,,,,,,,,,,,,,,,,,,,,,,,,,,,,,,,,,,,,,,,,,,,,,,,,,,,,,,,,,,,,,,,,,,,,,,,,,,,,,,,,,,,,,,,,,,,,,,,,,,,,,,,,,,,,,,,,,,,,,,,,,,,,,,,,,,,,,,,,,,,,,,,,,,,,,,,,,,,,,,,,,,,,,,,,,,,,,,,,,,,,,,,,,,,,,,,,,,,,,,,,,,,,,,,,,,,,,,,,,,,,,,,,,,,,,,,,,,,,,,,,,,,,,,,,,,,,,,,,,,,,,,,,,,,,,,,,,,,,,,,,,,,,,,,,,,,,,,,,,,,,,,,,,,,,,,,,,,,,,,,,,,,,,,,,,,,,,,,,,,,,,,,,,,,,,,,,,,,,,,,,,,,,,,,,,,,,,,,,,,,,,,,,,,,,,,,,,,,,,,,,,,,,,,,,,,,,,,,,,,,,,,,,,,,,,,,,,,,,,,,,,,,,,,,,,,,,,,,,,,,,,,,,,,,,,,,,,,,,,,,,,,,,,,,,,,,,,,,,,,,,,,,,,,,,,,,,,,,,,,,,,,,,,,,,,,,,,,,,,,,,,,,,,,,,,,,,,,,,,,,,,,,,,,,,,,,,,,,,,,,,,,,,,,,,,,,,,,,,,,,,,,,,,,,,,,,,,,,,,,,,,,,,,,,,,,,,,,,,,,,,,,,,,,,,,,,,,,,,,,,,,,,,,,,,,,,,,,,,,,,,,,,,,,,,,,,,,,,,,,,,,,,,,,,,,,,,,,,,,,,,,,,,,,,,,,,,,,,,,,,,,,,,,,,,,,,,,,,,,,,,,,,,,,,,,,,,,,,,,,,,,,,,,,,,,,,,,,,,,,,,,,,,,,,,,,,,,,,,,,,,,,,,,,,,,,,,,,,,,,,,,,,,,,,,,,,,,,,,,,,,,,,,,,,,,,,,,,,,,,,,,,,,,,,,,,,,,,,,,,,,,,,,,,,,,,,,,,,,,,,,,,,,,,,,,,,,,,,,,,,,,,,,,,,,,,,,,,,,,,,,,,,,,,,,,,,,,,,,,,,,,,,,,,,,,,,,,,,,,,,,,,,,,,,,,,,,,,,,,,,,,,,,,,,,,,,,,,,,,,,,,,,,,,,,,,,,,,,,,,,,,,,,,,,,,,,,,,,,,,,,,,,,,,,,,,,,,,,,,,,,,,,,,,,,,,,,,,,,,,,,,,,,,,,,,,,,,,,,,,,,,,,,,,,,,,,,,,,,,,,,,,,,,,,,,,,,,,,,,,,,,,,,,,,,,,,,,,,,,,,,,,,,,,,,,,,,,,,,,,,,,,,,,,,,,,,,,,,,,,,,,,,,,,,,,,,,,,,,,,,,,,,,,,,,,,,,,,,,,,,,,,,,,,,,,,,,,,,,,,,,,,,,,,,,,,,,,,,,,,,,,,,,,,,,,,,,,,,,,,,,,,,,,,,,,,,,,,,,,,,,,,,,,,,,,,,,,,,,,,,,,,,,,,,,,,,,,,,,,,,,,,,,,,,,,,,,,,,,,,,,,,,,,,,,,,,,,,,,,,,,,,,,,,,,,,,,,,,,,,,,,,,,,,,,,,,,,,,,,,,,,,,,,,,,,,,,,,,,,,,,,,,,,,,,,,,,,,,,,,,,,,,,,,,,,,,,,,,,,,,,,,,,,,,,,,,,,,,,,,,,,,,,,,,,,,,,,,,,,,,,,,,,,,,,,,,,,,,,,,,,,,,,,,,,,,,,,,,,,,,,,,,,,,,,,,,,,,,,,,,,,,,,,,,,,,,,,,,,,,,,,,,,,,,,,,,,,,,,,,,,,,,,,,,,,,,,,,,,,,,,,,,,,,,,,,,,,,,,,,,,,,,,,,,,,,,,,,,,,,,,,,,,,,,,,,,,,,,,,,,,,,,,,,,,,,,,,,,,,,,,,,,,,,,,,,,,,,,,,,,,,,,,,,,,,,,,,,,,,,,,,,,,,,,,,,,,,,,,,,,,,,,,,,,,,,,,,,,,,,,,,,,,,,,,,,,,,,,,,,,,,,,,,,,,,,,,,,,,,,,,,,,,,,,,,,,,,,,,,,,,,,,,,,,,,,,,,,,,,,,,,,,,,,,,,,,,,,,,,,,,,,,,,,,,,,,,,,,,,,,,,,,,,,,,,,,,,,,,,,,,,,,,,,,,,,,,,,,,,,,,,,,,,,,,,,,,,,,,,,,,,,,,,,,,,,,,,,,,,,,,,,,,,,,,,,,,,,,,,,,,,,,,,,,,,,,,,,,,,,,,,,,,,,,,,,,,,,,,,,,,,,,,,,,,,,,,,,,,,,,,,,,,,,,,,,,,,,,,,,,,,,,,,,,,,,,,,,,,,,,,,,,,,,,,,,,,,,,,,,,
16,1.0,1.9699141236920708,0.1830058931733319,2.4461317247747854,0.004327642130442017,-2.4782583896355908,-1.3577008511684976,0.2260061386759351,-2.22509619947855,1.4293633226935987,-4.588337374706971,-3.7158666089672883,3.0079422417271253,1.5369062324135143,0.8890024562059432,2.0371860300691806,0.469454128537474,1.4738672878964638,-0.42044289769012183,1.611756227758989,-2.720755753794066,4.896388162218036,0.5845666455340016,-0.25831179272515514,-0.24570867823242032,1.9243769815905793,2.1505872697408077,2.427250287627685,0.8527562104395885,4.379408038757516,2.641949464364507,-0.2913620474764813,-1.3036297056167716,3.5089039389560783,3.1341634196137007,-3.9344093540052802,-0.09977625454170541,2.5425414654639686,1.848182284021955,3.2681670892149635,1.4470163460833998,3.1351937514809354,3.618949813615941,1.050552350725379,-3.792591140974105,3.0649650777326207,2.071974146456691,0.24275104046787283,-2.023612554343296,1.806269488629637,0.8806401821133638,3.120556554780191,-0.5110505815964224,0.15185446007425496,3.5090534306969707,3.7670114130450822,-0.8800785662668295,1.2559248761050816,1.5796478904171407,3.9028704498389284,0.7318833595819505,1.8392653913166297,2.2336473773094667,2.806401400821106,-1.915226557869793,-2.77063040754544,1.2842328427285385,-0.9867035710846676,0.46715905668856794,6.165143473462612,2.3477653734514794,-4.244496070882673,-3.5035837560801317,1.632870565359769,2.074075245624796,3.4020100894946244,-2.424357388482352,-1.9380906012915464,0.5879291024764439,2.5881215287248818,-7.3077253573233545,-1.4774120047365908,3.1481005901640007,3.301974963463099,-4.437748966459172,1.7353931481415612,0.4241140559062429,2.6437388818195164,2.551792292361634,0.809107375840437,0.34028193200607604,-1.694756644758278,-3.3230666888545564,2.3001072440767603,-1.4987805812607153,-1.843855778971688,0.2656658352674365,2.0900627847965367,1.3390878331237208,3.3789901244904654,1.8613861475578115,0.07509339598205143,-0.8773549078136039,-1.5703006264224662,-2.302473688871894,-2.4656934101236168,1.8337757231354912,2.0486788838400196,-1.0525668787291198,1.4360238795577158,0.5870385550641575,2.8932854063869486,-0.4537266250519489,1.6820355347884546,4.240893208151448,3.122320034176507,1.1481061580620215,0.24824888916237664,-6.868051496137248,-6.72769735678061,0.7474653701602939,2.426030684274273,1.334650087721154,3.014814473278357,0.01604349752986448,1.5286758605447548,4.063371131667834,-1.6751612980446038,0.5451644901847646,-3.7366674041058623,-5.480209607124647,-2.1983075829123315,2.0893563236559363,2.0399041316598123,-0.04601046918664185,1.6454323977194532,-0.597602535636345,-0.7553476106690574,0.36102671891535726,-2.067645856651408,1.1716473519995367,2.4728773009670135,-0.684796603655317,2.0160973290292814,1.158989110301072,1.5914513730820388,-0.41779527364504404,0.18267920599703388,-1.4619615156005905,1.3391651711634038,3.722309597352486,1.1486704497459304,-0.1987061396954358,1.0262030745530601,1.6565662792994402,-0.3181408599741828,1.1464105360181733,1.8715929837239238,0.8530718593512616,3.671424992819755,-1.669460471253378,-2.9460897453091244,0.9993193084628439,-0.5900161022516673,-2.5768536453125144,0.9830931739022851,3.2555334872079045,0.19017703274197598,-0.6414246680479524,1.6885678474601185,-0.7826624233711316,2.692218472477965,2.7302951350413798,1.3759267446597845,3.2483154331281634,4.782655363949271,0.5833257390369488,1.2185892751292846,1.11986231960399,-1.7705281084888962,-4.7115962334231725,2.0151468658610985,1.4925349269102346,2.5469635098743884,2.289403005451751,3.2111558543980436,1.005278698340093,-1.27960547955639,-0.0019993946940787045,0.10636757783511652,-2.436709866238083,-3.9379927477869763,0.22895441047837986,2.252383456197452,1.3067314016766947,2.339819864624971,0.4453439499309459,2.834962759968728,0.08212831996955015,0.07715876191877746,0.16527477115963185,4.374614326342276,-2.014417055935364,0.19858755446604254,-1.1145370986610081,2.331063589380008,1.8684765428769625,-0.12837779904977026,-0.9821443956836419,2.0468188350033767,3.850571938798539,-0.1620648741205502,-1.8355197852598872,-1.1054183565686053,-4.362053381380384,-4.671973938356048,-2.1589567500592093,2.0053429764498167,1.6427796475245688,1.3255577683259279,-0.1712493258354066,-0.5783286160855944,2.9761353218749793,1.029457158953804,-7.647099378313703,-1.5076506046470697,-0.9291741850940374,1.7226836282536897,1.257501677869748,2.1901408318586877,1.1447106215044163,4.911081044982175,-0.2457399968681662,-1.123964835776142,-2.544270367227427,-0.8432986024654647,-2.107456878807487,0.8746129614172086,-2.3865260081331856,-1.8944198831594348,1.3935069214174418,2.794411822202146,1.6645677291795706,4.136544734238393,0.8474287810904355,0.25502722391912586,2.0934870463833475,3.27178264492824,-3.5056046298867716,-6.240948263407655,-5.719384920116864,-4.168008671514302,1.6320677963287809,1.6025398427198598,-0.27347031207029726,3.2029656927915138,2.5407746271278886,0.49676421203771265,2.78189937266813,2.912095834049479,2.210186866047413,0.8424253268132441,-3.304452734847777,-0.7419657888771665,-3.6693091254869854,2.093431078860193,0.9127427949523198,5.0625510163937335,2.7486674894740752,1.59033550725392,2.0836320278163667,2.632299527292763,-3.518851498755334,-1.363785986637783,1.0148491490231457,-2.42250696917209,2.647222972075523,1.962346526031475,-0.18500681675913683,2.737468030148262,3.5358337762620704,3.8697749875259557,4.050575733944149,-1.3621489361850978,0.07013005551148326,0.5048524215719823,2.5056574325509127,2.532702622844346,-1.2493388208855467,2.027424451467549,0.9957018790537686,2.5372018757978108,-0.0912165699567492,3.6052192903979625,4.960253644391259,4.114085728588241,1.1441433408083157,-2.283142741073435,-1.5128164815846705,0.2609163971347881,-3.3792412134506398,2.5047332060672645,1.575038096704988,3.206168860310338,-1.1591470039645417,0.11287312007047201,2.4783814042660652,-0.026148726958078603,-2.278107538094901,2.521028283871526,2.4439881634909977,0.6761090704498143,-1.5609939341380918,2.5631433336618805,0.9877379200598626,2.2704697606141906,1.9887293067786613,-1.3628724078125831,4.148107068347694,-0.0799285903407849,-2.5149927228475932,1.0698964011840546,1.736138903315838,-1.7058596682105471,-3.6158215144633403,2.2265131081614036,1.2285347468535486,-0.18880426007434906,-1.4905308639393575,0.736559106626361,3.656728028853952,0.08114655898337737,-5.372733952687274,0.24658863616648705,0.619936601497101,-3.358832882843596,0.46197259121321455,2.135955106825287,2.0968283987200236,5.692004678690693,1.3254586914892008,-1.0932770981395377,2.211515416839818,3.4522873374418457,-3.6996893506181796,-3.80619470159633,-2.4869199842615677,-1.9807070602017662,0.22571406669204097,1.8247582708436791,2.847917071084851,2.7454695517960745,-1.215072004474417,1.6167751412658795,2.304607502918983,4.588875698083837,0.15852747606742734,0.6791430298428859,-0.7099232615949966,0.9132878255751439,3.964084530449008,1.7987643441229744,0.8225668640083703,1.786196986632432,-1.5509681177164787,1.5023546156081657,6.911075921024225,4.038513493501463,-5.514088753454858,3.8476599259722306,8.73701931652282,-0.0148830897636644,1.241550788645083,1.6629968145294325,0.37093495201723803,2.0673633932046225,-0.9168836019865749,0.9105912423722975,2.2233200776196598,2.624704067175691,0.9534682627457965,2.0418152876707083,0.6921936140857198,-0.9310781239679068,0.38737844389067955,1.5834735802215962,0.2443820024165694,2.646695402329489,0.20127312111577106,0.6920195701704314,-1.2810467518619448,2.983700244125412,2.64967803748337,2.710252477537887,5.041220633700776,0.5929088065802115,0.9116349000366478,1.4718336294277852,2.172218277544013,4.869382002379787,1.0717265777248268,-1.0664277686945252,-2.903924283225395,-3.7008982831023567,2.3559978175732827,3.9347792914628235,-2.809280202643726,-1.6867513489087909,-2.339520468136689,2.3579826079797024,3.5610656623087102,4.343102595474616,1.5551511851869144,3.775108990307958,1.5225250431272213,0.5044084402015632,-3.716109627742337,-1.5911855704620887,0.8519979389236814,-0.13607558357201513,0.21523115108841778,2.2120967125097195,0.6308546326479786,2.818305040745494,-0.902226142983699,-0.46268951336619096,0.9051935998591825,-0.4369108517605146,-3.2379493464187425,-0.9880895955273223,4.312879618529946,0.5062545440668973,-3.232909070255282,2.1743090874297777,-0.027127252068698104,1.9461587979275632,1.3392851668603027,-1.601034068783225,-0.48677726794010545,-0.8192567550696062,0.8309676996031454,1.6691354185703755,-2.8672437123770536,-1.0536102376570602,-0.5968202338334678,1.135149732398132,1.7197950847972643,3.0105694976589232,0.03029285765360438,-2.082966026615681,-3.0558105781647003,-1.909893600841438,0.08554938018450946,2.3131103782382745,-5.311680518139254,0.627499953760458,4.520524727532626,2.013896343250984,0.5948963321932557,3.749580473801385,1.0039297206059001,3.334585516306519,3.424704039363356,-1.3739686143580971,-0.822325740549246,4.123698994376273,-0.7221700483131188,-0.6985734326342721,-0.922884228357831,2.2388284984855247,1.2945368387197127,2.436393348639405,0.3383758604659678,1.0153046439991913,-1.9695315143834684,0.11562959763679544,-0.6927975932829473,3.9800417356268474,-2.6240802829326353,-0.6701653738320474,1.8356321067862944,1.928273735109825,1.043426906642721,0.16498424698527334,0.22533768656713837,1.3512798286057763,0.8294228635457284,-2.238463854957475,0.274274532282972,0.9090148898146295,1.2663542468853173,-0.47086796516588486,-2.5679159514637093,2.0221855481097073,2.310221362401432,5.226542330915063,1.8532567845746357,1.6025964378970754,0.0932593275814086,-5.680862752289686,-6.8969885553886225,1.4856106896850843,-0.06850325347979007,-1.1495538833396104,2.951778083894506,1.5592910821803547,0.03807948324396124,0.5639606271404433,2.0475064982084605,8.724326104979067,2.5408464583772994,-1.3056491256131764,2.39482542876707,0.6831868081428858,-0.7503154127883092,-2.2249882309021274,2.2515789410504627,1.8034788958623509,0.7201241376866384,1.0159924184716322,-0.45259083919227144,-0.00987780128394697,3.0452458358771954,3.4212314330821174,1.826299426550257,-2.5325624433172362,-5.029068791716296,-0.1879246641773264,-1.494446397405167,1.6482391547460387,1.2863448982511838,2.5873631936423065,-0.6074623050446348,-1.8325306942273574,-2.0926315831403572,0.4556596888864818,-2.3385585382090084,-2.8212691964414347,-0.3046121371393836,2.750896098186807,3.8963602962000063,1.6510104224620559,0.04842326847074977,4.138007331993512,1.1844252904187145,-0.0015639503992880372,-0.9871020561617962,-1.2331524331526316,2.24906047630327,3.0529789092061344,1.791932367405848,-1.1805410275826624,-0.27313064558897215,1.2943448399709776,-0.18258841919968133,0.0019925793979328017,0.007846327009986673,-2.8622517810857384,-3.2530559764721723,-0.4387348846013495,-4.485086753923964,-5.4972791721686445,0.8440645863979649,-1.5062159574481138,0.9240582017369041,1.1384263893509485,0.08091873970125901,1.9993021176167387,-0.5922443142794728,-1.4779255482512947,-4.510529711358086,-2.806687516037463,-1.276820832896144,1.5774124509886345,3.526305522209055,-3.4957613019139715,0.20542547997870073,1.3001319870941812,1.5702089938935477,4.3296510939793045,-1.0424119461343428,3.384734701088407,5.603835295512131,-0.023152598549878254,-6.91995244437793,-2.3094443756750866,-4.7116020840344,-4.1465321631332825,-1.1563954140978217,1.1533515505394043,0.23669548044389627,4.065882007741108,-1.7742164487969865,1.0111891253675291,1.1972463609134516,-1.8467549215820447,-5.538997481168773,-4.910382187053505,-5.402630991241183,1.9511088901796647,1.1616111675468588,2.045887973400931,1.107785473862759,2.804962088687081,1.1837754195689814,-0.09890757190589529,2.0730835758879738,0.44346151019862995,-4.029891467000686,0.5879748788054179,-1.3235001919858234,-5.197187285922043,-3.325802414975122,2.1434605580221997,0.13861228518629842,3.0543767022262847,2.8831475571866494,1.49311263172932,3.988722444491305,2.2126021910254914,-1.683729848435763,-0.2929296690488788,-3.0092361794776283,-1.2429418773618282,4.224263674956954,2.1195561478745293,0.17657044143045436,3.867508351315968,2.8370640282222386,-2.416478285758298,-2.642155527426099,-0.9627443272641031,-1.7690040080402083,0.9665910188222676,-4.836710911589032,-6.68439696897787,-0.766387341124777,1.7263822901068964,0.25250547744059226,1.7176266840992276,1.2814725469302435,-0.518030697335994,3.2189355953760255,2.3336146227905026,-2.6328825190692977,2.7236544874790147,0.9099431235485438,1.637752073682043,3.5452197933819205,1.4860603869130429,0.09157616282542842,-0.8428501219767577,-2.420178265683585,1.7498108393060379,3.102063042657325,-0.18600301256355584,-1.0092697301699434,-1.6842983067405828,-0.30108641836273586,-0.2915903310020594,0.39899213583146653,1.4328865598337008,1.2057824823829175,0.8744177591099492,1.748938246842599,1.9629236290020018,1.4888947813429634,3.0704853344393985,-1.7033860384525548,0.2681207745986506,1.7743339411111385,-3.5722727371335448,-0.777330953328685,0.6242493458807217,0.5211379453108166,0.5051076206356415,0.027114492469987025,-0.8346052689326355,1.0657418629264295,-2.2845491792407153,-2.072027646397832,-1.4073322425992714,2.6482735602385894,-0.0813507273041586,1.911741752983801,1.7554610763485436,3.534516440385359,4.4485036164220775,0.10406194192195742,-1.6616283706107542,-1.0350337412409496,-2.2917880351361974,1.9434671345120278,1.5832956235281226,4.717064390160309,-5.047723345878294,2.4970852447810996,2.2391423248621045,0.8580389569768281,4.407494521844504,-2.2954530779666893,-3.8041243394115423,4.48170048511433,0.14435329406933323,4.037664349554067,2.9039865868244146,-0.5029598150368568,-4.876521229120341,2.5946326018929,2.367023339220331,-0.9213110800291153,6.963325215807169,-2.3287982687840723,-9.442675972229148,-3.970000308022449,-0.46441939194963067,4.411945719518167,7.139892223941002,2.711627470916401,-11.401096944149058,-4.859952875192558,2.4516593656089203,-1.608827443058243,4.814497249398806,-3.544565664733312,-10.357143911513294,-1.3114768597907966,1.2181120809169124,2.543769655948225,4.308202479934718,-0.06981692762136235,-7.580769033418223,-7.847205029519383,2.8423236764893463,-1.736022861077399,3.934347667385041,-2.7529095606245826,-10.680654271180982,-2.0458235184328615,4.415334624657319,5.242715364507268,8.95605094111398,-0.35595615898412164,-8.032374012503421,-5.780886118614836,2.6569937267045103,-2.558405258178922,2.321963705389479,-2.8894279064494905,-10.331098215027536,-6.326914476335264,6.105529490840265,9.58121865516535,8.096189820729975,3.609773215917384,-9.417135714459617,-5.563838534243686,2.361030524922392,-2.886683924321233,2.6344728323449167,-4.040694510053222,-13.84177342246503,-5.198444487125096,0.9374362428958134,4.773638354473101,2.6261361544694672,2.6259474862645638,-3.6290374698731163,-6.811129143045671,2.00296164540129,-2.721438173757194,2.3074765758696794,-4.736504555020426,-9.122802027736514,-7.765552009827778,-1.5120467174150773,0.49531096919717094,-4.836445647181363,4.859786277391249,0.7205776964458876,1.4413239962384574,2.7618301904031575,-1.836429698838441,0.2382575342997171,-6.060775696037183,-14.641241421558034,-8.771245645337656,-0.4747901511180372,4.745960816544734,-0.5621914253987778,2.7716596157929203,0.5561779453963603,3.927555957121033,3.122959654161512,-1.753824330329114,1.409848408979422,-2.8152277800020817,-11.141813348278593,-12.093029308460093,-2.2898357432225116,5.368383201509339,-1.6655388916103055,4.359582205541983,3.73328649610252,3.4452100449492766,3.0160760963716235,-2.0890602357481187,2.0269178777021666,-0.8213547435743799,-6.000249773162326,-7.14713202941605,-4.277288719714244,0.4559980057694389,1.7876156844099704,2.083867764445949,-0.8924042973401761,3.2508571532381882,3.0345678719137044,-0.5561518458658672,2.49531012804978,-2.496087270923327,-10.709825003105713,-6.075116177833991,2.315028910153764,7.451474779138618,7.047486333225108,2.565614372029084,-3.4913854877612955,-2.5506839429230803,2.270914479139936,-1.3249235527247953,1.2740534464996771,-0.9938285942369175,-3.2963824304345852,-8.00669147653553,-0.3680125351303219,2.0627057849549786,-2.968333038657698,2.6566746729483723,0.3819775722236093,3.009862325782053,2.623973527630398,0.8934118151765185,3.0232923973530594,2.045084280104138,-2.0905344947950475,-4.434366992840322,0.030836438110836643,0.3042271510343753,-0.6982241249050898,-1.708627137958669,0.22424286660712958,-1.0964762570358948,2.548687055306179,0.8049360951282002,3.9188596606616737,1.1792869487773738,-4.519871774545138,-5.341279532040694,-2.9272983215078394,1.8008908860552988,6.634292924448164,4.6280115169130855,0.5102297832881185,-2.437602093314105,1.8369083565038846,-0.11287563362249482,1.5973823594572538,0.3638875185540369,-3.77397042789979,-2.231080897537325,2.0094534582925094,0.37386906781981183,0.41051848275563346,-0.12827911702998868,2.6528462271911537,3.0569564100105833,1.945782715266071,1.1483922864478235,1.944077114823892,-3.053216444909105,-1.81189754028591,1.10124349253162,1.520291546348715,1.7705506372166369,0.5743422671620528,-6.301524309959832,-8.112765951587651,2.533203012890595,2.2865772677689313,1.1651246303076985,3.3051241224690133,-0.09250336563300057,-1.218692070335809,-3.9063685604814364,-1.7483049297477455,-2.302002544673199,0.782664793294782,0.9362252898875397,-0.15711322463887217,1.4528355210783577,2.439133948361205,1.1397071644314576,1.096098680947388,-0.9361042767867692,-0.45015639405305957,-0.546256640326071,-1.6534211662337788,3.015507956166856,5.167568134257508,-0.1071745084072694,-0.4466884499388642,2.1472285377763125,1.8306473100248304,2.5316790843174064,3.130551609886298,1.7442044558962182,1.6897797430407044,2.626615814227645,1.5355709488295048,0.3596994726804019,1.0959650545162947,1.3712785996611994,1.009511703640325,-1.4186901821191777,2.2871117265354015,2.0961322252971506,4.553954720164059,0.9859968709337288,-0.07440563325880051,1.0081582908596596,3.072411649273474,-3.739020358043936,1.4272832460790557,-5.581390095225475,-4.3572656564767085,-1.5605561755549904,2.112641984288857,0.9844388584243492,4.012035091613539,0.9394595400555159,-2.0109019575244225,0.9842231159883655,0.8531575688985834,3.3363736061144724,2.3946589495071584,-5.582829447811903,-1.9397470976227955,-1.0490979156134648,1.1456721163006403,-0.697037122924287,3.5104535190788715,3.0483673389749386,0.8591323238873473,0.8922147691188352,4.6667778692625586,1.8983298665129658,2.5818262435826433,-1.7505426698524147,-2.3650195550796913,0.03374861753836845,1.5219998918650994,1.0713090582209113,3.5420135434808993,0.5364244071520011,-0.4603442637743071,0.793503734028859,0.17544837050290138,2.5159706605994705,1.8104953170844127,-0.16184018129223857,-0.05404547383934795,-1.5991524918958842,1.6376182562407287,-0.05581584610789152,4.932187928714217,4.6421428786674594,1.1120600029739551,0.733006875381175,-2.0313865532161315,-0.8497191920651627,2.04206765398349,-1.515184814676261,-4.829973707307069,-2.1649984574696894,1.8537559668590857,0.62980452094588,2.1177150567933847,1.0822020819158655,1.95694744453077,1.2908701470721442,-1.1062745006942627,1.5555250055881202,-0.5548680021146898,4.915172877182467,5.117403641896744,3.9140064129536873,3.2687741663758962,-0.6673052128583546,2.734047113066466,3.461054188032617,-2.7025219086506946,-1.2842815264391676,3.6055192410027117,1.838124604988885,0.8633899323629483,-0.9613559802689305,-0.10903042624028494,1.807802802933233,3.1820916181528163,-2.1104075188830143,1.298260403846962,0.6077652165862453,-1.8609726713817634,2.883160521122952,8.666389172143582,4.039729547701219,-0.22518590817712147,-6.609573315934007,-0.9851452548047333,3.271174661122335,3.0451638172417503,-4.029904993381938,-1.0983249410974358,0.7365391874289494,-5.7080470528350356,2.7134873178091965,11.250857691525017,1.6329684217259588,1.2276265105863242,-2.9415224584185125,-1.781035337610525,4.274803534482305,2.7379938420936516,-3.475362620726321,-1.3939776266935036,2.7416776061784454,-7.766256963332587,6.769612870829625,11.519796441032979,-0.81489630941724,-1.0566174234949177,-8.86778207883788,-2.648611301139205,5.286522610924713,2.4275206758977506,-3.89159380129242,-1.3554069038118977,1.0981006408863472,-7.924798938235322,4.715845650508687,8.69363805985862,0.6266510168797348,-1.5163834454659377,-9.470840138688029,-3.055763254438302,4.228036386419195,2.5823849125515657,-4.476660132718963,-1.254157135507636,2.8298744412707335,-7.78529133358384,6.366633233599656,8.230196856313844,0.09826626148064489,-0.16056029707463493,-10.988626966228656,-2.1780586394514962,3.4988509874610343,2.248061810751688,-6.062286535102606,-1.7217474080557158,3.3719962645128048,-6.907266486778838,6.547517170716407,7.494834982019344,0.15451569903726098,0.6692951899493829,-9.250865616519354,-3.282086531560997,2.6431371651145747,1.7826937811929893,-6.920375836053069,-0.8755962554956742,1.9198116618795136,-2.6134942507184555,2.4654970697099277,7.664760960843784,0.25729215430946095,1.637434539897099,-7.9498294950637876,-2.004096547282636,1.589711645013728,1.1346148195186665,-6.499699919267494,1.384435273778877,3.2513071991076354,1.1642273635993374,4.759925242206711,9.566728768403108,-0.24590478306757882,2.6629863899891055,-11.185768755965771,-4.3025974438309404,0.22934609630653932,0.3529148447540239,-6.383184837372822,1.2727947187499804,2.3534488231757105,2.5469414931825214,7.5185714897593146,10.555099524282442,-0.12316718260205847,8.158658118042558,-10.001759320727876,-5.470028951271875,0.4769473310846023,0.19693617302314814,-5.592833938160426,2.2871038920698283,2.8388397988750373,1.7454199375157868,6.040665909837614,10.874912243986635,-1.9051102972544298,9.276570491565833,-8.046613041436816,-2.486069083931353,1.5740625541868205,0.23185558265697984,-3.841396772418893,2.753599740337264,0.15759119921878526,1.3581091469473758,8.214663750059247,7.683822527029095,-2.6920375150114473,8.272590137190516,-7.35174313041546,-3.966078574986841,2.804885577921722,0.36526177832655127,-3.383903277511356,3.7421793477654877,-3.7663617667716403,-0.5274864075852099,8.404787129741162,5.511341276279021,-1.64558588828232,5.009100328711436,-4.646459981969184,0.6142169187057902,4.566543329068086,0.7307041774549062,-3.6063801300274987,4.069560600781643,-3.325216853636351,0.48989493952921737,8.029754008400761,3.655991583946041,2.364462658385445,4.507501774962399,-6.9354615909318245,0.38079851447467117,3.723839303162398,0.9699245515036824,-2.3387158044523786,2.3844261634987864,-5.9370361322270595,2.5368274916070774,7.1753458510879256,0.32835180780726597,-0.34836962269544536,6.972524585604308,-9.381142696080989,4.0270209643732375,5.538802158114037,1.242897012706824,-2.468854091355483,2.3674244364759716,-4.513095923262619,0.3027054462882943,2.7103899935621647,-2.5062529409385017,3.0699394810291123,4.925217971106833,-3.1261442559184274,8.058222808727384,8.007184582775594,2.253253939256917,-2.5023721943812025,-0.37710180084857875,-0.6805782193177585,2.2217897197018703,-3.0628614501950904,-5.112544144810682,3.1477142281087414,9.595469400451266,-2.981694710877299,1.712437856212631,12.572239430523354,1.7291606058986897,-2.427214665886525,3.3188317086323225,-3.6067217984906033,2.304738658010943,-0.8242628607042373,-5.871209488149729,0.05684291534686439,12.168461155325492,-0.21785899700590758,4.9222936819239855,14.195271102387101,2.42587204632321,-0.3609490833557275,3.8645543687308543,-7.198681549572005,2.2808321283567916,4.7978423222029045,-3.9722012270482283,0.20539011184559788,5.695293582934627,0.8005631194030984,6.067313154993517,9.138550704766308,2.228313025999572,0.26864842880154216,3.978173144098484,-4.711043525372448,2.6104229839245803,7.984401531694416,-1.6721496373896663,2.474148340437074,5.108380300259676,-5.450981563263074,9.245314711106131,9.112058337905724,1.822273214982987,0.8881651055759392,6.164874691315487,0.8712671328021847,4.104510963340952,2.824895163038536,-2.3308969400881367,5.196045060076456,7.161510755685578,-6.825067019103211,5.208137373118886,2.2592157759109357,1.5204191495325903,-0.8204791618932948,6.914365163047996,-2.075824236162723,4.717473558850272,5.101144638606976,-5.786472145732643,4.507494109318555,6.6939563362002215,-1.0272732361012835,5.485177230612109,9.790649616692152,1.8476314612672002,-0.04543825989766734,4.15389014744024,-1.140178409835747,-0.22685815530001782,0.5626306881270553,-1.8429285838601663,2.7942677968820253,3.649243932940466,-9.22702959265242,4.430831156044958,3.5458125265876124,1.9093186823129458,0.18001344855255139,3.4206827652243974,-1.0274149520948725,1.116555685630948,4.544370267830286,0.12952285394965873,4.416579076227047,3.7636203757252207,-3.654489196107289,1.7179250367748742,0.9421841855982438,1.970645232676834,0.6741620880307677,1.7779411912936662,-1.002280539905663,2.4777701273707593,2.638589967629466,-6.7174401387662055,-1.9888672728305956,-0.2185198347144914,-0.7082942771413451,2.281540449135743,-1.2538873887967317,1.9268909568037977,-1.3031877219322296,-0.11795877826014751,-1.2371311084263705,4.675179432780842,3.8094859748381653,-4.898717150574468,-2.9997371584134473,0.03437292083469147,-3.183420327490969,0.9153156123011696,3.4690337763569437,2.0048050400731596,0.9830554086216865,1.927189008480072,-0.45745219892055067,-0.5072518174336137,0.7677148494648509,4.180344127436089,-1.3787449509647152,-1.2455220241942855,-2.1115360832512313,2.7937592137921605,0.10068217027268297,1.907338230564588,0.11818164558110412,3.0087500702008363,1.4757816286658332,5.456423482383414,4.819379094861971,0.0630402847450829,0.5205219886038516,3.9216990445018625,-2.0772009208741387,0.2929612298483198,-2.6175615840683566,1.746607762998384,0.3267827336370593,3.3817060449267067,3.297919390790425,3.6455673603565333,2.9536566538863895,-1.375396748453827,-3.037632325733687,3.0476506726267365,-1.3350209969475788,-4.229758641156373,1.8630304045563162,2.185019628873113,-0.6632537904161657,2.7901447232538477,1.3615505112426063,1.4740850670720935,-0.2639125511634042,-4.527928556948098,0.4167990199807658,0.7266524640636889,-0.47741967430887877,-3.967066724356503,1.5242540230485835,1.5596026173087076,-0.18221516873634758,2.9248188872348395,-0.1883794434057875,1.4774250740980357,2.136497642746242,-1.126442512564443,0.3877428522258686,7.271506923727442,-0.9626915350915028,1.666287409882125,-1.3790030467943817,1.973883261960685,-1.8124331722045244,-0.5181367033225915,0.9737120815116223,0.13663340680650635,2.065108424579624,-0.23348752537464285,1.1853191235503358,4.8487303246400195,0.03886851383228671,-0.039010810144153064,-3.258423966689019,1.763363781849838,0.9493077208159644,2.8379607012455907,-0.8212526070072113,0.3792256011017118,2.3103277004526825,0.7479587999766596,-1.201317286855052,3.7038163062445983,0.7270398300924947,0.2733868660164327,0.43038455602241665,2.1668029578532777,1.3815622830470864,2.6645547857085146,0.4023831873678566,-1.5901481322111324,-0.23660056296454443,-2.366654316347011,-4.021636590339126,-0.8430638112100769,-0.9770981499719478,-0.36949245486295135,2.1329862685820666,3.0370456050646846,0.24481875366524872,0.8528386937705369,3.0908847451845296,1.0028319992374124,-2.8669166027726667,-0.7800700239866888,1.9161071118524409,2.0163082731764117,-0.268704306704004,0.14307658669475184,2.0463965318300357,2.9022940382629154,1.181547769960522,1.1754273893220422,5.6079863556590555,1.9084160224622377,-0.32721436750533167,-0.04332883426168696,-2.8010871850514913,1.302362362329688,-3.972324262257817,-3.3147838471433886,3.311007414617327,2.819825624242643,2.3913734041234984,-2.127156506745807,5.183529314556822,2.1394534112641463,-2.907474549874863,-2.3112649609739653,-1.7508533251755127,-1.1827256839570992,3.7303008821551207,-2.3020391953235277,-1.4437052963946222,2.2274410958781217,1.2126066184603543,1.102097316668898,6.784028055414289,2.8565030251357832,-2.1178143882720772,-3.9408338664873734,-3.333644798132724,-2.68173191441281,-1.3811003775239896,-4.785185717940104,-0.9559365864591287,3.279197480871368,2.583097709716891,0.41802961016190565,0.13331604437070638,-0.569161729742438,0.4761627342465367,0.5551992751521587,0.44595968759696447,-1.182029808883914,-3.3868784347304137,-7.880840976626865,4.076226137758884,3.324494969449659,2.2543761780409928,-4.767024990970347,-1.0498088260135414,0.673925981172465,-2.8558180003455442,2.3655206581567683,5.16429793719587,-0.07779148802261436,-1.5677842310063326,-4.682028469186153,1.9866874493804054,3.287536410439919,2.3023387725591205,-2.7513865290156665,-3.4359802259507406,-4.307048054088263,-0.2752177595237641,4.421977646254472,7.562640805317375,3.570088996389805,-4.4418001586720415,-8.491422779611437,3.4232944133707504,3.0317045194187617,1.4710521212068313,-3.7538446012660267,-2.5956499278300127,-5.509667795375806,-0.1724659470143082,4.233254734164338,5.287924145689816,2.9819453127193127,-0.019822774944631576,-8.26793130526064,-2.0316829618574603,2.5866021601046927,3.2389042452106502,-3.2660452550940113,-1.53225562294948,-1.0002904473028449,-2.700858101565265,-0.632280705713448,9.278856716219082,7.715926071466911,-2.558825900117419,-8.39982773319434,1.3521730700193668,1.944530872478908,1.8530937493815711,-4.6253130209181785,0.8804967290794536,0.24890371400540962,-5.090687420742145,-4.22800769259319,7.1254446367433495,7.0872886666231425,0.7880051118841684,-8.07638864339643,-1.4118070031792773,2.034827390430585,-0.6746460134840622,-4.913886813076052,0.7546345555581033,1.0515174702937342,-0.8712681474046906,0.22882719733406853,7.934793388311726,10.18291796001501,5.456355303421958,-5.368955483600259,3.4829978780832533,2.701121184402733,-0.463604394926258,-4.50215442580965,2.0088275100696187,-0.49185858013554234,-5.418473791663908,1.0985846011350708,9.314711838403568,8.183221954289314,0.776379775154262,-7.250664144692843,-2.0268061751341118,3.1797537721943128,-0.9159327867893067,-4.425797496684295,3.580752250618781,-0.8649144063875376,-7.006688638588666,0.2016872928851649,8.39373792471815,6.953323906401727,4.035421666536988,-9.690509497701038,-0.42394654947179095,2.7026079624760437,-1.197305554759462,-4.890727178978846,1.5862602366666716,-0.6704649408874017,-11.253801542770578,-0.7244278137615863,10.70578979923158,7.536537199604427,1.607972431737049,-10.972537690038727,-0.6357566178485057,2.7718720247989883,-1.366173774844578,-4.015074219787538,2.5264093739452944,-0.22521808383619338,-9.550907268187343,-3.638007424884636,6.416992444671341,5.304070381718658,-0.2725352476884867,-13.453142515703485,3.276508447140119,2.891725549749239,-1.4242425207952203,-1.9005899371597914,5.497876920575416,3.604256370186884,-8.832107154642992,-2.3770114787278613,7.79247674623958,4.673449182340123,1.4769670614297585,-10.27917978702941,4.492440217455195,2.9516271459791135,-0.8767652630448916,-0.7901288872272352,4.41015567977637,1.6938662082562592,-8.251959080112524,1.5055240685889109,6.039977342650021,6.183012859239006,0.100343863290003,-9.421594157696747,3.2555580408109153,3.0359682093031393,0.033696827937357426,2.099689718401168,1.7035367298759363,-1.4250462343513508,-7.659716824282073,-3.0209256277535137,4.120197087628189,3.2191028026749264,-2.145250434533794,-7.438867654878637,-3.738287863127163,3.080553916670185,0.1779365573359412,3.16902620867462,2.026715019533298,-2.7479470339032175,-6.716436076653238,-0.7411552194096039,4.068735491854241,6.742720206529358,-0.6888349363194041,-8.955822780929125,-0.05497073448701338,3.3855948796700552,0.8582457597364714,1.0605784164382273,-1.4170468698412235,-1.292462459157798,-2.697973140017823,0.9487879404810009,3.1387145519654336,-0.5768231711058841,1.6213168369646058,-3.584304059742149,-2.2465396863169635,2.7475928263534626,1.7200313708186696,4.557984587962959,-1.1571365462077385,-2.298368633675229,-4.735621692852184,2.6127405335999163,6.7922782638660735,5.29544591380892,-2.2297953959022827,-5.945306221674908,-0.8796592888720018,2.5025322072515226,-0.013210963501742359,4.263598245592362,-0.48338216402794115,0.5699536965845304,-2.6338377178910695,-6.16347763471692,1.090756754680132,4.180096912371756,-0.8661407790019449,-5.973747017131285,2.780208094978613,2.364614825313965,1.2918087825260833,2.3173760548608353,0.5929554267394572,0.43222517782352055,1.0742858411144205,0.6208781432713951,-1.847997077902256,-1.2293827144620084,-2.208881579870497,-2.4512434293553222,1.4305876657095402,1.938580401393513,1.9276011677917242,3.4857786414144036,0.7922068129804726,2.991773851706275,-0.9450572358767672,-3.92668583835801,-3.9599303247712756,-2.983702076758003,0.672763610234071,-0.6586114184597751,3.342175126669594,2.2267722076549097,2.1108882292083604,4.283433159735542,4.24355091049109,-0.07875711189681327,-2.8956581014318434,-1.1725989534548282,-1.542769856675474,-2.8875401359845605,-1.4193095090782295,-1.8495257336772144,-0.9712057571289818,2.1003725858120714,1.9593880650494726,3.372997526205857,3.628188090004876,3.61922891395148,2.624267901359346,3.2258748335774956,-2.520122732989461,-5.703493741478087,-4.098566558786025,0.43520871285497303,1.529287358072482,2.0099790266146553,1.851408530083022,4.496589781623383,-0.18672564274411974,-2.309509636666195,-0.19631968833133462,-2.865058597032961,-0.5522593616250479,3.089757501491173,-2.221103463444184,-1.785877551575172,2.378036588439293,1.9279760148813934,0.19081584888735137,0.739881143731552,1.4438450679908994,-0.02354043081409806,0.8186534497415916,3.432619329698537,5.153007864808349,8.250349505744403,1.7907302711956117,2.4673979103876222,4.74245926155323,1.8230701566033156,1.5324191296025227,1.6073461690278366,1.2798294868629707,-0.08573477842419518,1.2187088115655185,5.292211055812056,0.27601355012846635,3.6501968593836494,-2.514761076169971,-0.08692852479766842,-0.7361914456501507,1.6432316316179711,2.357796017410673,2.5492377141220084,2.179177647016025,3.405180477415069,0.10601932582286173,0.3166413805950838,1.0674625306794376,0.20903627429849717,-2.5626952610661964,-1.9106244993484207,-1.590390300797225,1.7740535614441293,2.053796274826412,2.0976385380054308,-1.0925418227622221,-1.1076022783771073,2.4502369993416746,3.281754350950947,-0.13184362381043524,-0.8139274977391703,-0.34892291559516864,-0.08126017736223895,-3.606513460477487,1.111468790300119,1.4931468408628072,4.711464393877849,5.01677921554038,2.1356962739078105,-0.5313469216166089,0.32844137377251775,2.46027173979634,2.158406525644575,-0.40047346002032536,-2.480671132799051,-4.3435777234964466,2.434382456327252,0.2602500275818879,2.300534661805275,-1.1555576459114452,1.8326180701366592,-1.4113231892236522,-3.467922573443012,-7.867042004955303,-4.2413157720591395,-3.1857001580700746,-1.8637388010574942,-3.766579988296016,2.187851264654121,-0.10984000940595812,2.4754967180376424,-2.6300548016683467,-0.9644446878647674,-5.641077532190349,-2.0319865386937876,-2.096552363717589,-0.2420121260364959,-1.6812375457782394,-1.6857297451018205,-1.0983016375904537,2.2276015560525972,1.1879180149000803,1.3789933209051453,-2.0622905965552167,2.6329391777250253,2.937041653232476,3.9772966328069246,-1.2690424881977183,-3.697761157459336,-1.429848282136324,-1.6194710256319724,-3.62838784772151,2.102806756222498,2.605580428460617,-0.4329278744215079,-3.570706888663515,-0.0043065048996955525,-10.04067968862736,-3.16939244709965,-3.295424184995526,2.8412146810479535,0.7933687487709569,-2.132793411339089,-3.1022728922246676,2.1830387869473986,2.4924637574012323,2.9655811188321874,-2.247709634471542,-0.32123179932039825,-6.55421653316008,0.5660023375331427,0.7839008935914277,7.626796183082288,6.595744935619057,-1.773312904573254,-3.980281702328765,2.134057863050013,2.1776116469220694,3.132001875048287,-2.8762061969400388,0.9278378303872785,-4.442634398729703,-1.223934683574022,2.1503335428355115,1.1156672678971489,1.4289149711356706,-3.1362500386105996,-2.074916575215582,2.4377201883581727,1.7690356364535353,2.572268614045627,-4.588016128229478,1.717549650170277,-2.774573967864826,-6.762715290703227,-3.110101921768447,-3.3989198398155493,-3.3658985016692626,1.0270410635053386,2.4435316374922675,1.936735161409572,1.843527802376351,2.4408801843157195,-0.8583333023925784,1.1404938643638807,0.41455074399288494,2.982202825999615,-2.554389476710434,0.9663745577282586,-2.751652202816418,-0.35909231944749553,1.6491693097064963,2.885261574048318,3.409965298009799,3.8041246196149388,-1.832069682223475,-2.300053199378497,-0.31141326667016594,-1.756027682153001,-5.848026296693655,0.08331814236183728,-1.334293853278185,-1.499883146082572,-1.3176902768933234,2.2520412504095875,3.158004452124953,4.896792724338156,0.4083754040927388,1.6326185493068,-2.1513679314821195,0.39762074529132224,-6.985235333645838,1.0572119327788911,0.9993803185280844,2.7247244782573627,-4.977989053878676,2.324712137421064,2.098531026746933,3.829579500477918,1.6347143408095446,-0.7560130864751037,-5.5402237693812,-2.5110047638844275,-11.998868360733777,-2.634855232173327,-4.4244023524074905,-2.0001824846669667,-1.0806789936743848,2.3131659547331584,1.3118344272537878,6.508666913340576,0.9098296274908625,4.286884984021317,2.122714204387237,0.18245208420285713,-9.603863988008804,-6.68954792991597,-7.332013895279502,-4.573648641914313,0.8926063230319703,2.2899698031757634,1.621163569829545,4.834714718036243,-2.853668258501416,1.5922820167162637,1.4656401390990081,-4.123865682895924,-3.761429886421939,-2.3125988724769893,-10.579575112742836,-2.7523387308238796,4.254260569210386,1.959692231932076,-0.7503940987041383,3.6411982441874686,-4.359543140827687,-1.0391324464277514,0.350938169691191,-8.447144413607035,-1.0085192727072585,5.3035652285642225,-4.197214869966813,-1.83885676740708,-0.04157997058303599,2.1571153669490175,1.3917739213834635,5.476220266116111,-6.5121215632763505,-0.10627788995847719,5.093001657535939,-1.67027808947625,0.5174582358132332,7.620600208448889,-3.7750814463411313,1.9360280062958548,2.038325017905729,1.936319094630034,0.6638866620160181,7.263901167433931,-6.377686697630515,-2.981416243075649,2.2526453303914167,-2.5476092581202487,1.786314353202699,4.0275126449219405,-4.518826835653167,-0.7151164548260975,2.4190056918565124,2.460165159331641,1.6861632599672072,5.054729776589624,-9.333892270914552,-5.627088873977285,2.0888866972624345,-5.634396849202308,-2.6863489913193144,3.7459939147505605,-4.068591634056535,-0.2578858508036836,0.44345327342514385,2.879384858003528,1.7484403419563046,3.562470831736154,-4.076072509892801,-1.471983094631919,2.055978131783022,-1.056415941205339,0.4075903455818806,6.501403325044598,-3.2752674455278927,-1.4001766553866282,1.616969818426175,2.4621985497228223,1.43152869886145,2.5257059924869543,-2.9890319437511894,-1.066018073950316,-1.674995092899868,0.46706907630100414,-0.34740063371413504,7.55989439477588,-1.6293039410148544,3.8891589628861163,0.07171820827855041,2.7852472636339325,0.6058847895764549,2.6396394840917594,-0.668590411920084,-0.128557728898148,-1.8500941870999903,-1.565243850093816,-1.2197249819439937,2.4202482554411446,0.49952431125365415,-2.521983234805167,-3.1396953150231104,2.0722895778723567,1.02052207781179,3.8248943162234808,1.6571974185230562,-2.151740217740587,0.4863745840506062,0.7136304481989768,-3.5850754438484707,-2.3624443443380407,-4.4290771827000235,-1.0478236670935666,0.06016885866905177,2.2733873030307272,2.784957063967639,4.721009578639724,0.3492626237436519,-0.40407715653246,-2.1953860295985006,-0.12788982593490167,3.5670523093864532,2.5914549370593964,0.39999227604192505,-1.6492001695660674,1.0427346851198014,2.3122778160660524,1.4998552149739641,3.580571884572636,-2.600531449738059,-0.3698955101125684,0.21310541655031195,2.008279304394435,-0.4216467496597736,-1.8181234859060158,-1.6731332691749201,-0.34364324414042974,-1.063784135336231,2.249838267365366,2.79423245498243,5.696224861149777,0.35866606624985126,-2.0719635520733,-4.46305690755514,-0.5766635504581338,3.353428033704762,-0.6513520031066397,-7.107113506562978,-3.5156640522439213,-1.7220192567532828,1.490408694091113,0.5522963582897394,2.618128572635118,4.191604140863828,4.5565966306634555,1.905237130069321,-0.6376120557521828,-1.4788254679731183,1.943270833337016,-3.3922578400605805,-1.631706325801393,2.081284219070634,2.263224733793405,2.244691563917307,4.211102465061721,0.41514935824532595,-0.4957724881735593,-2.1929922608582264,-0.44202804994144484,0.8624933606698469,-4.204754787396709,-0.5263255559433692,2.9211169676283846,1.6278164296047941,2.855477775053724,-0.8693543970719547,0.5060926554324343,4.290070521249355,-8.520528428946594,-10.645960626764367,-1.2138056791485623,0.836388865191639,2.6138303170584836,2.8450338326234066,3.5766616452910713,1.9143350462360482,2.5331547204328877,0.45252259021221153,1.836555942485503,4.056019395276937,-14.208120369344716,-22.36031935379016,-5.029141616375122,6.658619271069926,7.5555027407220114,0.11011558217596486,0.7546021275666472,0.2602013910726787,3.0098084476546925,-1.6010922544640358,-0.20884764026798985,-0.94289667598542,-11.895191079217515,-19.14943347087056,-4.180322504097833,5.755046323891337,7.577941331833377,-4.441516821224803,2.1397723769149963,5.7431846380833385,3.403206036849162,-1.3287864744195916,-1.326959769469267,3.3957320220516,-9.898442239797252,-11.693554493149046,-2.981024219253157,5.475870421364391,6.608110549952276,-0.593927399443781,-0.783743811912766,5.653557961402804,2.5292046626105176,-2.8098303120142223,-0.7161504465930029,5.284587676026514,-7.180263096020899,-9.807585834792834,4.41681542425879,7.697042288999121,-0.0635078672059792,-2.613053596059853,-7.2512944092275164,1.9131193821888282,,,,,,,,,,,,,,,,,,,,,,,,,,,,,,,,,,,,,,,,,,,,,,,,,,,,,,,,,,,,,,,,,,,,,,,,,,,,,,,,,,,,,,,,,,,,,,,,,,,,,,,,,,,,,,,,,,,,,,,,,,,,,,,,,,,,,,,,,,,,,,,,,,,,,,,,,,,,,,,,,,,,,,,,,,,,,,,,,,,,,,,,,,,,,,,,,,,,,,,,,,,,,,,,,,,,,,,,,,,,,,,,,,,,,,,,,,,,,,,,,,,,,,,,,,,,,,,,,,,,,,,,,,,,,,,,,,,,,,,,,,,,,,,,,,,,,,,,,,,,,,,,,,,,,,,,,,,,,,,,,,,,,,,,,,,,,,,,,,,,,,,,,,,,,,,,,,,,,,,,,,,,,,,,,,,,,,,,,,,,,,,,,,,,,,,,,,,,,,,,,,,,,,,,,,,,,,,,,,,,,,,,,,,,,,,,,,,,,,,,,,,,,,,,,,,,,,,,,,,,,,,,,,,,,,,,,,,,,,,,,,,,,,,,,,,,,,,,,,,,,,,,,,,,,,,,,,,,,,,,,,,,,,,,,,,,,,,,,,,,,,,,,,,,,,,,,,,,,,,,,,,,,,,,,,,,,,,,,,,,,,,,,,,,,,,,,,,,,,,,,,,,,,,,,,,,,,,,,,,,,,,,,,,,,,,,,,,,,,,,,,,,,,,,,,,,,,,,,,,,,,,,,,,,,,,,,,,,,,,,,,,,,,,,,,,,,,,,,,,,,,,,,,,,,,,,,,,,,,,,,,,,,,,,,,,,,,,,,,,,,,,,,,,,,,,,,,,,,,,,,,,,,,,,,,,,,,,,,,,,,,,,,,,,,,,,,,,,,,,,,,,,,,,,,,,,,,,,,,,,,,,,,,,,,,,,,,,,,,,,,,,,,,,,,,,,,,,,,,,,,,,,,,,,,,,,,,,,,,,,,,,,,,,,,,,,,,,,,,,,,,,,,,,,,,,,,,,,,,,,,,,,,,,,,,,,,,,,,,,,,,,,,,,,,,,,,,,,,,,,,,,,,,,,,,,,,,,,,,,,,,,,,,,,,,,,,,,,,,,,,,,,,,,,,,,,,,,,,,,,,,,,,,,,,,,,,,,,,,,,,,,,,,,,,,,,,,,,,,,,,,,,,,,,,,,,,,,,,,,,,,,,,,,,,,,,,,,,,,,,,,,,,,,,,,,,,,,,,,,,,,,,,,,,,,,,,,,,,,,,,,,,,,,,,,,,,,,,,,,,,,,,,,,,,,,,,,,,,,,,,,,,,,,,,,,,,,,,,,,,,,,,,,,,,,,,,,,,,,,,,,,,,,,,,,,,,,,,,,,,,,,,,,,,,,,,,,,,,,,,,,,,,,,,,,,,,,,,,,,,,,,,,,,,,,,,,,,,,,,,,,,,,,,,,,,,,,,,,,,,,,,,,,,,,,,,,,,,,,,,,,,,,,,,,,,,,,,,,,,,,,,,,,,,,,,,,,,,,,,,,,,,,,,,,,,,,,,,,,,,,,,,,,,,,,,,,,,,,,,,,,,,,,,,,,,,,,,,,,,,,,,,,,,,,,,,,,,,,,,,,,,,,,,,,,,,,,,,,,,,,,,,,,,,,,,,,,,,,,,,,,,,,,,,,,,,,,,,,,,,,,,,,,,,,,,,,,,,,,,,,,,,,,,,,,,,,,,,,,,,,,,,,,,,,,,,,,,,,,,,,,,,,,,,,,,,,,,,,,,,,,,,,,,,,,,,,,,,,,,,,,,,,,,,,,,,,,,,,,,,,,,,,,,,,,,,,,,,,,,,,,,,,,,,,,,,,,,,,,,,,,,,,,,,,,,,,,,,,,,,,,,,,,,,,,,,,,,,,,,,,,,,,,,,,,,,,,,,,,,,,,,,,,,,,,,,,,,,,,,,,,,,,,,,,,,,,,,,,,,,,,,,,,,,,,,,,,,,,,,,,,,,,,,,,,,,,,,,,,,,,,,,,,,,,,,,,,,,,,,,,,,,,,,,,,,,,,,,,,,,,,,,,,,,,,,,,,,,,,,,,,,,,,,,,,,,,,,,,,,,,,,,,,,,,,,,,,,,,,,,,,,,,,,,,,,,,,,,,,,,,,,,,,,,,,,,,,,,,,,,,,,,,,,,,,,,,,,,,,,,,,,,,,,,,,,,,,,,,,,,,,,,,,,,,,,,,,,,,,,,,,,,,,,,,,,,,,,,,,,,,,,,,,,,,,,,,,,,,,,,,,,,,,,,,,,,,,,,,,,,,,,,,,,,,,,,,,,,,,,,,,,,,,,,,,,,,,,,,,,,,,,,,,,,,,,,,,,,,,,,,,,,,,,,,,,,,,,,,,,,,,,,,,,,,,,,,,,,,,,,,,,,,,,,,,,,,,,,,,,,,,,,,,,,,,,,,,,,,,,,,,,,,,,,,,,,,,,,,,,,,,,,,,,,,,,,,,,,,,,,,,,,,,,,,,,,,,,,,,,,,,,,,,,,,,,,,,,,,,,,,,,,,,,,,,,,,,,,,,,,,,,,,,,,,,,,,,,,,,,,,,,,,,,,,,,,,,,,,,,,,,,,,,,,,,,,,,,,,,,,,,,,,,,,,,,,,,,,,,,,,,,,,,,,,,,,,,,,,,,,,,,,,,,,,,,,,,,,,,,,,,,,,,,,,,,,,,,,,,,,,,,,,,,,,,,,,,,,,,,,,,,,,,,,,,,,,,,,,,,,,,,,,,,,,,,,,,,,,,,,,,,,,,,,,,,,,,,,,,,,,,,,,,,,,,,,,,,,,,,,,,,,,,,,,,,,,,,,,,,,,,,,,,,,,,,,,,,,,,,,,,,,,,,,,,,,,,,,,,,,,,,,,,,,,,,,,,,,,,,,,,,,,,,,,,,,,,,,,,,,,,,,,,,,,,,,,,,,,,,,,,,,,,,,,,,,,,,,,,,,,,,,,,,,,,,,,,,,,,,,,,,,,,,,,,,,,,,,,,,,,,,,,,,,,,,,,,,,,,,,,,,,,,,,,,,,,,,,,,,,,,,,,,,,,,,,,,,,,,,,,,,,,,,,,,,,,,,,,,,,,,,,,,,,,,,,,,,,,,,,,,,,,,,,,,,,,,,,,,,,,,,,,,,,,,,,,,,,,,,,,,,,,,,,,,,,,,,,,,,,,,,,,,,,,,,,,,,,,,,,,,,,,,,,,,,,,,,,,,,,,,,,,,,,,,,,,,,,,,,,,,,,,,,,,,,,,,,,,,,,,,,,,,,,,,,,,,,,,,,,,,,,,,,,,,,,,,,,,,,,,,,,
17,2.0,1.7188353528360913,0.24437886002990258,1.2048199906275396,-3.9753119646484936,-1.5683021343685606,1.477672931213527,1.6547767751481182,-2.568614935417724,0.0059562197512298435,2.664861655133998,-0.3289129407933148,-0.5552327734935387,2.1507726699428025,0.7322894915386943,0.2396298679212599,-1.4894300190574685,3.229430581603506,2.8099094544708367,1.694273553843806,-2.333091505862474,1.8945421561603468,-5.677297346120639,0.9212851563982378,0.497996430215784,1.6831667311520027,1.1027329651738658,1.7624709844481055,-1.1047414745382027,2.295294990189905,2.9739497011983302,4.1760314445201026,3.791477780155868,1.9806711546000066,-6.612533459689438,-3.8508486409047387,1.887785297609578,1.999409059954444,-0.887317971986604,1.4240305858828994,-0.9353134708619842,-0.30556860381117584,1.173058792026963,3.1338972316254816,3.0913666723168673,-2.1197978059408196,3.5038000825166193,-0.4955956469822416,-1.6472137889610694,1.6232119505739433,-0.18839802685104032,3.044174284743822,0.5128634461480204,2.02777857348539,-1.6763253983478281,-5.8749616476217685,-1.2503170015426663,-0.5741906307301993,-1.554063721911204,-1.5689624834823912,-0.08027329427240076,1.9218253763722108,0.9178909777153131,3.7547166714876745,4.111363112076929,1.711254258424795,2.496476533825945,0.29441778438853733,-4.057508433992437,-1.3728127156560217,0.19269155271229846,-1.1664572288770945,-3.150967304367755,1.0851780239660918,-0.07820418851689212,2.3760451576228734,-0.1868153981508131,0.5380019206167745,-2.582329379740107,0.2613736488318301,-0.10514979398809075,4.532421480075318,2.2306901886766237,-4.460855255804508,2.73689972079722,1.1541138819765564,1.1650549245250552,2.4397150344558804,-0.3344730970096889,0.7222718997469258,-4.527670307389001,-4.059757606398345,-4.559946274218755,4.011935800749406,1.7253104405036241,-1.951920072473484,-1.45210717199805,0.8640867963640735,-1.5229763867947188,2.247523771849327,-0.16911583200932795,1.5528730036114353,1.2248784402613173,1.7701600413432956,-2.4885183338096635,-3.8176461659117447,-0.30116364436807647,0.23777505589235476,0.8552408917070385,1.782585674259986,0.7435386958339716,4.047630927218321,3.107742400416585,3.0216911156874486,0.5007861928153673,1.8851220242343967,0.4152880382496266,-1.0335592581539153,-0.3857549950182624,-4.878441765224202,-2.67942172914038,1.7687807892714258,1.383892823546196,3.8098272958657087,0.8549126518731417,-1.4499765738507726,4.44887868291647,1.6669663239014456,-3.4086986875259537,0.476168242056984,1.9684145273952278,-5.5489620275892095,-2.5800148575477264,1.7208790168582901,0.5839679201519964,1.5272989676651365,-0.38405356155859377,0.712054662105265,-1.2308337644079872,-2.733207038611593,-0.937204378790497,1.4072003208642685,-2.9103829287964302,-4.7257970010945884,3.2190492803789112,1.2267945929930724,-0.03652845144814529,2.343119958882668,0.7776779193891942,0.44084860350828275,0.7665842019397376,2.2267232450771,0.7970109899805629,3.377345876082939,-1.5855150457900884,0.8901339729345428,-0.20965374736520137,1.5534811420849366,1.1374290909115103,4.613488185976385,1.6532228802331304,0.9682030078979443,2.1646611048905946,-0.2720309917084053,2.0503015642077567,6.191648601740988,-2.22653481567681,-3.1936901002427294,1.0372966017008498,1.6517423122132138,1.1311071521388516,3.3824189822975947,1.7889930727879149,2.5584087799891764,-1.7875185970215686,-1.9535302904850878,0.6786846094194882,-1.0053018070725113,-4.162763406217816,-0.0699162417309939,-0.23445092988090904,1.5398729337370416,2.196436313730914,3.9193590441096777,1.2753232964413321,2.0661764860180036,-1.5077544685440358,0.14359799944713653,-1.5228253677339065,-3.7507777496574506,-2.5387915935182765,-1.7103716582276163,-0.7656834038606019,1.4086791771805491,0.3362685162167891,2.763012628449394,-0.3907276741207625,-1.9243810913089536,2.984089072404322,2.474784325948597,-3.6869773122390703,1.183908986214181,0.9134111554319627,2.901562932424275,3.014681166333311,1.3977616414864436,0.8984479537205037,2.277907899335562,0.34910352972729847,1.494536655357891,1.2687543145504725,3.45392395924422,-2.378440322226698,0.2587286111180017,-4.706046627542799,-1.170164497417518,0.0266013191094506,1.4543823617096872,-0.883731718550763,1.769664156576781,0.4410181526623498,1.2246656039114743,0.608565696353235,0.2982797065827427,-0.41343075532916507,-0.4042192020830397,2.86498714235102,5.984703116028609,-0.6040269276608539,1.9233729532319548,0.5950095949022935,-0.10343703233585154,-0.2713713284040746,0.32312444697809056,3.5649590652639804,0.9201403720702908,2.411770197638424,3.3455624279251746,-2.735670962424328,-2.0896559958101473,-4.370515154720806,2.0770146638880727,0.6713449898885304,1.5815265625755028,-0.2640313187418939,-1.6131893612090338,-0.3894884926862699,5.037298407902759,-0.1133829160341643,2.5323017368241088,-3.759120275280574,-0.2791572357288479,-2.054085209124522,1.8313265510990637,1.1175266271421473,2.6316041772427794,-0.3046466109942537,-3.6932652836336133,-3.037774618774142,2.3331929451746976,3.0611904263841363,1.1430160340308093,-3.6636902125677477,-3.8774282843605103,-0.34292318079408884,1.872695068967418,0.33437566629373366,3.1198387140364336,2.402113514048926,-0.007631060891434528,-4.3188617951176385,-2.8896854012420676,-0.20424682508943542,0.16315325629102387,0.9784477749948012,-2.465874807356806,0.017682921294248807,2.030941100502091,0.5075122800611934,3.4910144814030213,2.320071364551515,3.461598170198502,-1.9845560537086422,0.03577586254139603,-1.7669521433582498,-2.026526016608235,-5.94061906756296,-5.431948153739672,-0.4008912717090823,1.976158476605483,-0.23269741464302754,1.5816617133637392,-0.5062639225708827,1.1247638729635254,1.4587253911446472,-0.39749842166855515,-2.6967069117448004,0.1791999494656446,3.416057655386955,-3.157800788387079,-4.036755891743364,2.283251078541965,1.7485099684067482,4.3975107297452745,-0.3122432304595303,-0.7777968274309216,2.3171344727465537,-0.7944305756803843,-5.679128588748414,-3.7208571548021068,-4.2138205716864325,-2.7461776406652207,-0.0012876395872279142,1.744525016362636,0.2782128908905933,5.343360221798574,2.8257122421665253,1.4326365386465771,2.724937161343524,-1.4323738968369906,0.425833368299381,0.15186555739207241,-2.064929303269849,-0.7532909617341195,1.3501711311583864,1.6088760378745595,0.19298839912486399,2.741640286466857,0.9103413374010654,6.486956485908868,4.875258485253144,0.15701162956073872,-1.4397623426004245,0.6857660998024805,3.284591095814951,3.059625266242694,2.9308803660800384,1.364960055448936,-0.5745084852992269,4.010873600273907,-3.4646706703791343,-4.359811394703405,3.3150167747902324,3.5610557745353093,4.94796144368353,1.1826871665962606,-1.1848789062779137,0.6547559749300341,2.2745801899291562,1.1219503655631344,-0.6763981978757025,-0.2539161331592433,-0.15156016660571212,-1.8261546243702267,-1.2361416515331232,1.138013556657791,1.7868939834325455,1.5256578333987865,-2.3532515984778946,-1.2126160933268502,-3.047304827720695,2.149415416972359,2.7125421170953232,3.9524456535396064,-1.0643862724431448,-0.6155076491566277,-1.3176024817438752,-3.843256895581101,-1.7821362265730607,-5.019423878150023,2.0149196961221345,3.149545184099359,1.4438616004679363,1.669946789192251,1.0337257023026838,1.4125380887181105,0.4175789559430075,3.5893900552184688,1.5585964026714012,-0.7758037205595734,-1.6038548371615784,0.08534677471104107,2.2497184252687292,0.4702663625916711,-1.9699295735084448,1.8955979839775348,1.56955872921197,1.1942100886997267,-3.7515875959225995,-0.1224214459301359,2.6940928493845764,4.259875108516756,-1.3844288288001745,-2.7976086611980335,-1.6226015460355736,-0.5437353572551851,-1.5446383874822853,1.7642002340226715,0.7459760907150262,5.748209411942378,4.239689181000478,1.3233381061580403,-2.1631465372399967,1.6411959112041845,-4.099044610998377,-0.0031070129576460243,-0.034178791023903796,-3.6024042153013944,2.708392692223066,1.9540508465100312,0.4813540737032736,3.1943277801458207,1.7848760946191267,1.6813510783434467,3.6450109098758583,-4.0472669374836565,-4.433207811489571,1.1456248726667932,-5.3752886954121575,-1.1523515818530374,2.267034904785677,1.473129810425624,0.9515909733782569,1.5507047002468672,0.24249333185794186,-1.7943555670689073,0.27003224398606746,-4.5475157033548905,0.6172594142722913,0.6990006097862915,1.0334186574093187,-3.498662899216578,-0.48578614584049395,1.743193602157051,0.1645062044462245,1.9792381099774567,2.2515384355829116,3.1235301207765658,2.0253653654050114,-2.3331032939448844,-3.7250617859060724,-0.6775717042628244,1.035211214682085,1.8024529196083232,1.1108303465231582,1.318857026913811,0.14815642021458617,3.415057976511932,1.8045381837432501,0.1332313882777208,0.846492025487205,0.3411804321995497,3.630320546770189,1.264914445401822,0.025872266769508965,2.208310264491056,-1.4398553928508442,0.9817293096173326,0.21643749288041803,1.536380085876238,-0.9415952155839863,-0.9941372805769139,5.696101748576881,3.2210386971430327,1.8962608687225488,0.07943644011244982,-1.5282754430816299,-1.7659129774675475,2.726991699700582,0.6795904721283623,1.1919886099088821,5.00051856580574,2.5763324068330116,-0.23743997936611705,-0.11459825983541541,0.06037788154865355,-1.045937973136527,-0.581787767388659,-1.3037995833126577,-5.698032143315876,2.0580964486893585,1.2983093629500393,0.5153932563549347,2.841380441646744,2.7481657882963826,0.10140469771549274,0.5146216031231369,-1.3942703527215912,-0.3091890325385865,1.5236449651821582,-3.694147674193503,-4.151815599303655,2.23428860125007,1.379116769808818,0.8010139010921801,1.721266043879744,0.5246489070904089,2.1886644407508724,-3.9779056093929532,-4.190155411278151,-0.7864312667613274,-2.0731683564996732,-2.8952159759028544,0.970680012727283,-1.0032305709169946,1.6131594982039315,0.7608305759432438,0.5282126415387923,-0.8938854866111493,0.0541032392356079,1.8359584203703345,1.2671177743932072,-0.8330623222239425,-0.06380090749803188,-0.7804707783288493,-1.246571315144321,2.450578235089635,1.3010697630213306,0.9096696998564099,3.3362438586313967,-2.0953951432127487,1.2547341406124186,1.2145968449079967,-1.7399332988811924,-1.2064655828440563,1.7471380342097016,-0.9388190251515056,2.1211789864773354,0.6221681824330336,1.305417198529378,0.6655114517503932,3.893636535169305,1.7465204219774881,-0.9591691243990608,-5.154088694423283,-2.506996997206513,-2.7836104606255367,3.5019066065944986,2.6787702299881695,0.38893944775037753,-2.972230021707236,0.9898204011256495,-1.493157536845791,0.4380847348371358,0.38990634079481445,2.1403104481696005,-2.1021550564708633,1.8623485853505723,0.6971210319573978,-0.33704315120269446,0.6852125968206165,-0.5719698535119406,-0.3980970126625335,2.3000670838354194,1.414175645504187,0.2494583400945055,-1.0256387860699436,1.2514209137243824,-2.1376286105536613,-1.1677513957675798,0.3023669732094739,-1.8895003066310219,-6.509676939017915,-2.8897510841149394,-3.5356257546467527,2.1977899519461044,0.6613221238290161,1.0204697117962929,-0.09243499398352004,-0.30126100084489993,-3.269873322448444,-2.6073253117134416,-2.7953688326669273,-2.1062702786833434,-5.536479861926614,-2.4018807897588945,-0.2778139510858793,1.6266460602146637,-0.6769272646985752,-1.0896868448445354,1.584607211622847,3.0552607056988346,-4.46131188988552,3.8767986664841545,-0.7015687657623751,-1.5860950246297854,0.8286897000587862,-1.2156669521387535,5.001720529275099,1.4406782161189857,0.7633823797753037,1.1801412460028875,-0.0052705303623180565,0.111725790973281,0.7529262245754175,-3.1369206829576273,-5.764486547685583,-3.416075189653631,-0.29676735961412354,-1.310123396023537,1.6739673221862386,1.1361126998018438,1.9935113428373268,4.227304262333919,-0.5478532954141234,-2.6089472898035653,-3.0457715408745396,-1.6230501094835574,1.9155857358511006,4.935690660431606,1.445661721396689,-7.675689979461474,0.6534620007725638,1.8668420098025824,2.958898551884188,2.0559858318312694,-0.32813230788111275,2.213188828556342,0.6070787504854485,-0.45964223799123566,-1.2884027389329853,0.9975243733116184,1.4364981905122742,-0.4176435073162314,2.1874070934527143,0.9398697942590168,-0.8413738000932722,2.5317503821729064,-1.3530841584989304,2.3001338842815326,-0.0514934336510273,1.061728577129082,-1.5933891329072456,6.027627388460017,3.324994418302178,-0.23091411096645173,3.7172798013081905,1.4469711115959496,0.2739154243807275,2.7001499137363116,3.632249078256768,5.800447634403501,1.152190499254604,3.0581133065415775,-1.381389522391079,2.534481939582941,1.2370385702515683,0.2939985824180544,-0.3828645745928503,1.6998758815439745,-0.44429595121082366,3.982055659041318,0.48059556312090107,0.0024073047656863193,-1.3355824375067507,-1.0201518079679541,-1.3684012818998301,-4.555648393266362,-7.751646334921992,-4.611469705124449,1.6067706584200527,2.143453073281465,2.534680041313507,3.5475098677381594,-0.7077551137435583,3.769886543728856,4.478750987290245,0.5218808354082612,-3.3818747459580436,-1.562041863372902,-4.185148170683795,0.6105310111516206,3.144462796970573,1.527004242185489,1.825828295020362,3.166303429765235,-0.17944486742522503,-0.3254074674723338,0.6380299350194477,-2.4221199496821706,-3.3070480604875447,4.861251628112211,0.1821932826169301,-2.646674466488417,-3.00508568623467,0.7672902780442455,1.2216114903815816,5.038206152917019,0.8750116934817432,0.2631578347778883,-0.5934431374850854,-2.87603868997953,-3.290041820919756,1.4448343046499492,2.132075948664112,1.5485696364486792,-1.8188608792277763,1.4308433398545821,0.3218547035950096,4.689079155267712,3.341601465984745,7.382232588210356,2.336316575408251,1.3003352182543637,1.5536818629776503,6.042575876725404,-0.1290243414065127,-1.7184755448891385,-2.4747132225048927,1.0402498942146272,-0.1903706279296656,3.7350800013718093,2.6568847094249324,4.65435688562109,1.277889963960463,2.4382421469826876,-2.4864457597581504,1.5789414392204935,-1.3955041118432296,-1.6175696895335958,-1.0205222119851278,1.5264015649600353,0.5889749228297895,2.851219234096155,2.7238012963424834,3.2101966261926407,-1.2232470148571732,-3.9160829397813304,-5.005319766671086,-0.5018408534646017,1.964481904854628,-0.6942288536782847,-4.515880985761213,1.9358387665582146,-0.38935360157589805,0.5310752504888002,0.5358112006872957,1.2226073157614166,2.5188506618498314,4.399868837916026,-2.3165105806090978,2.2791047909957425,1.9232418212572726,-1.928885653550968,-1.1269210656432567,1.4995862893229521,0.006384612899336872,1.9802897362187262,0.11898756028025008,0.7363300914785327,-3.6909259700088817,-5.172728432419121,-4.956849177889233,-1.2128786548678752,-6.8269604571362015,-1.4252477253857645,-1.662187637430015,1.6657912887964579,0.8891462357774002,1.0390474072393505,-0.24198966786879433,1.1119257427540747,-0.5537623066079488,-3.29924318008464,-4.611684843442466,-3.695866340611588,-0.7731816034572673,-2.0159664261142316,2.2024132906279177,1.9954306977197196,0.5463585214873997,3.895563371943562,2.8837695527036376,-0.4007414780252904,-0.46301200490965894,-1.1284032558272445,-1.9953133766116637,3.7719235858324756,-1.2015924283985884,-2.4393281946782888,-0.6733226927963122,2.0708150891467523,-0.4929052411563923,2.7527910288587107,-1.917416481385927,-2.050578576744668,0.1300845648770327,3.9932864765385516,2.188393082917219,3.578682272808015,-0.1341709659047875,-1.2769938923853124,-2.131508643677983,1.3204481995488404,-0.4782060267098791,3.3530212837029496,1.91898685444241,-0.445002721546927,-1.1964657259621465,-5.999467918448177,-3.8423792581150242,-6.304056211292647,-2.3317975992768596,1.2252853134652764,-1.440926496840973,2.722640349257737,0.010526564929368983,1.9783371692815748,-0.13912662713479498,-1.2378311050573596,-1.5494553769981274,-1.4973783748354683,-3.5651956562003093,6.40260718958262,0.2321630867614134,-2.4484389511511764,0.5166910470067981,2.263658977004849,0.393020547375962,2.1871913355515247,2.1611360434426587,3.4749988381226062,1.683545840775955,1.790303947158553,-1.315991799642872,-1.5884089769794787,1.484383297246888,-1.4198216835594943,-0.4696100811546788,1.6652502681116035,1.62958447185202,2.950085094915063,-1.7563594358490318,0.38858372687332565,1.0817222324787803,-7.71485404575782,-9.714697474784934,-3.14504872486601,0.5906536769731725,-0.9850772997964762,-2.245872290627567,2.067826671043389,1.7672200903227238,2.7140695707764455,-0.059845014057963664,1.8786607012983059,2.8230253569508834,-4.590438464220104,-0.2014630159727891,8.824296100146578,4.73000403789694,-0.6837518481195008,-1.6985566382071036,1.7833736294969567,1.3202991031949696,4.1411342847290795,0.07218365319480664,1.122675143348168,-0.3536568921868716,1.4073466598862578,0.07324358650370176,-1.8452968191864354,1.3156898683531772,1.8046997160016318,-2.6626401263090163,1.755152585522863,1.5797280556335096,3.443687767983421,0.6106229944111393,0.5224695937609122,2.577618038731979,-0.4515621447956725,-4.525273212519672,-1.2386491873100214,-0.4329669192009171,1.5136052942257456,-4.487503392377938,1.7096323541226792,0.24676898954741408,1.3684921790255682,1.3980190448875138,3.172719749387771,0.7621403229744816,-5.491660553775312,-5.7321465437719334,-0.6074131586622766,-4.3116425354960155,-0.42031687283286456,-1.104726727031612,1.1854894476744127,2.357036010968649,0.8584578937436154,0.3121504683244621,-1.0219838915329822,0.5912062222911314,-2.450751341471294,0.8382345971836171,1.814145950802948,-0.17624235883778086,-5.643287240496496,0.18775587888994916,1.1789811942722441,3.336675656749094,-0.5467232546571126,4.617311903883453,-3.2155380164975833,0.3573867396118895,-2.922538927678573,0.25165395585784106,0.2013562453048366,-2.243422716192453,-0.27170463681616747,-1.409033860505986,-0.0007401468035501247,3.4352408969978185,-0.7882645826504857,5.1307985696794285,0.355725358153512,2.3916102077438413,-2.042347751701023,-4.284794273256273,0.9967644342775647,4.31330980803135,-2.027455295207585,3.8627725131210946,0.02635312041523339,3.896874112561624,-1.8023202066984993,3.5515627985435168,3.666652077686183,-1.64013470954463,2.5096603703406477,-1.3449812274942785,-1.3990009899711764,1.2976932359786062,-2.0509546778041763,-2.925768725123007,-0.17225522754146602,4.4967211060479775,-2.298655776487701,0.4098737924367418,-5.077388403487657,0.7696255451270041,2.5064503615632328,3.832641352244729,-0.0446875639949823,-3.2983603960825776,2.528971043350732,0.8999420143485957,-0.8579561245924094,4.731796387411621,-2.755401345821262,-2.7955106259885336,-1.857903393387091,-5.047268974556197,3.302730041572491,5.003205809781363,1.7501239549142664,-0.7570938792979746,-5.445426029187991,-0.3469610940513771,-0.14669085627873377,5.713534305237239,-1.0546826872359363,-3.087377499878866,0.8754128153621624,0.9589885952527459,-0.9463235842661419,0.8854125054790037,2.969190978896903,-0.6191110053055606,-0.4350101724777653,0.5167485437076784,-0.6534522044179514,4.898371766814905,-3.2350818064512716,-0.02518953961866732,3.985853931746258,-5.5216336571265625,0.7010555018028802,4.568988600490983,0.8835936295478802,1.1855381265400275,0.5247811583869896,0.20484076404271495,-0.4012029720715765,5.897875657534781,0.7826146419126838,-1.4570335776545025,3.1416424510197265,-5.168893602916464,-2.7848072881172246,4.172691442518343,2.509099093714123,-0.6117230173549569,-6.324338129932549,-0.15901573456878745,-0.06867089731612447,4.989041718148565,1.9492338957750426,0.19334783244267553,2.159908227139228,-1.6154750676116467,1.8791817318446824,0.2754080761078522,-2.3746522289508203,-3.836815583558337,-2.739861657909965,2.127637012254473,0.6179315964605565,6.561484672036377,0.7653490592693593,-1.0037113326728249,6.8817559465091405,-0.2930785239820043,-1.703588554325255,1.1713743438825388,-1.1840989190402509,-5.450304824581044,-4.831218645054309,0.9533777414391188,0.35019486981156417,5.629288279877051,2.9587080096574563,-0.8641414777408272,4.079200170553881,-0.33546191322998586,2.916125787512613,1.4048026289173927,-5.469181467734104,2.6730253334063594,0.8349876408080695,2.867880595929448,0.595158051248406,6.235820986270176,4.924549105855806,-1.2578885690778827,9.012919938704476,-2.2989447853259604,0.46269492861873274,-0.30786395275031986,-7.380200792584508,1.888336068216075,0.7907242341431209,3.303298636750327,0.06169604157916845,7.033662374860104,4.967629650755405,-0.17816479937501115,6.316250319046648,-6.043178262170731,-1.545140798981761,1.7198682131114278,-5.436363588783184,1.6555189975101414,-7.532788250740543,1.6033161381692875,0.781431042393452,4.627982810073655,2.8604625151413487,-3.3415557277936863,2.6931873493036145,-1.0287343782229394,4.918288803664365,-3.148336124725219,-3.605757398417725,-0.2725056477950516,-3.542335929545956,-0.7819755329763749,0.9494425772245065,5.560383839408889,3.9444430850395933,-0.9521315198552964,3.484493732715431,-2.09958426350083,-1.9735939265105402,-5.8570090851404535,-5.20709351773078,-0.9452762691322335,-5.691666748001677,2.1581277482741488,0.5001087153312539,4.3528999021311,3.9537784938824805,-1.3244236395648354,6.969885401031196,-2.718878045920912,3.744782331489514,2.2350210008252764,-3.7295934925829655,3.5638091125817013,-8.285310640897295,1.8976597497222154,1.1738558491528934,3.7671617864383924,2.0610436827727425,-3.4784555438385243,0.10480959969280444,-2.6255576375317626,-1.5430398655801345,0.7639093217705217,-4.59180377666209,-1.9266360524550015,-6.213544177950377,0.6562741432611932,0.31230239589663455,3.502586566427395,0.3907458907481493,-1.5157737524695887,2.544875567973999,-3.7795688549841695,-1.1846229836591207,1.27140370757554,-2.4165828457215914,-0.8051020185252359,-5.438805226856027,2.5119008166566745,0.09893194838178024,3.0961313652871816,0.3810451489688374,-0.23972883819210264,4.635528219589812,2.809822413818421,1.8004202212234262,-0.5736357575176763,-4.030297225551027,1.3075107278473126,-0.3987262671599084,-0.6505826756141212,0.07354212536059151,2.2720569558188104,-2.160431595600641,-1.8835222270501382,6.218907141438053,2.886084013459558,4.487226317656896,-1.8247336773159404,-5.256871222253142,2.649967703932803,-2.6332945969853303,-0.7069281814567305,0.958982640225175,2.4529990140834537,-1.134523669835742,-3.090643812938689,5.666502133798058,2.724200712945995,-0.8755693126178468,-3.417210783311091,-1.222112550966514,1.8376203361674506,-1.6372386948385063,6.137121389936949,0.6305110423190049,2.041925490182031,1.1778453550262409,-5.817382012264851,3.192096558208766,1.806801149265521,-2.7045258936169896,-1.720563399062741,-4.974665495509768,-4.221094260917909,0.729429978061371,-0.4666693749329168,0.4630161337615148,2.8556427168256553,1.1994588879660026,-6.5504683092181315,0.7102144995994644,3.0361063994287107,1.3464681981260442,-1.0375955148744371,-6.336157321278867,5.413591631962172,2.478262466683622,3.6349564746973444,0.160908560295743,4.352714603631955,0.6637684517256897,-6.901527665971552,-0.203140375080607,-0.4378572870922381,1.3867246389794798,-0.0667000431354318,-3.863846782382281,1.0099590047169285,-1.2598428657641672,5.04743865570058,0.4951845305933824,4.442083456282881,2.330082444734515,-7.007681420594781,2.0512542247139525,1.2298214495439932,0.9783244750697677,-0.053924039299025936,-4.258752072989435,4.604212919824151,2.2790366838891556,1.4259951465494018,0.6771583774162765,5.333295178965723,3.411567682372252,-6.3371121219110815,1.883847986278039,-0.5546114950244638,-2.4700923590823245,-1.3058974673591308,-3.7349550024683147,4.003158585613251,0.06253998321373816,-3.0191282185180075,0.5755671555862591,4.404320481992576,3.1374218695853857,-3.9425691071844122,1.040611671336505,-1.9939084982301842,-5.038687854429865,-1.2084163665515872,-3.2518136442214924,1.674592422045235,1.2524825848405539,0.8328293921404317,0.8431265716813097,6.3276232593160655,3.5094639147197246,-2.103390709863954,2.5965992028217797,-0.30692155640634233,-2.1697647381256036,0.8723010061337143,-5.657102750619965,-0.20181560347141245,1.7151041903169102,2.400740601968554,1.464142514522529,4.512319526539333,2.3770163842011867,-0.9393987622845252,0.9335757146847655,-2.17176025205293,0.4725820315760671,0.8841279952799683,-0.5715904387806935,-3.867686436196112,0.9210000494593952,0.634524671419578,1.3641073818063785,4.1590364685819905,3.2641240255972623,0.0023370795377692945,3.6968213414742466,-4.61299856046219,-7.086441121114363,-4.461663941203155,-2.614604485873641,4.857676697581997,-1.963167193804003,-0.4707816152990996,0.9631387532896443,2.933602862094117,1.9444546635359985,1.532478204215434,5.246217355906785,-1.3228696788537782,-3.8077184234512114,2.8975625580197613,-1.165433719730381,-0.2572767787096759,-0.47453189040737886,2.2182116153935523,1.6138563114511075,3.0187555318605495,3.335662642443768,-2.793325643703139,-0.043248826479704204,-1.557136008296891,-2.124672559284314,-0.5235560594269826,0.5729298283838471,-2.9502868490558596,-4.742068853044802,0.8421939465583754,0.4573366000976806,2.260328539665202,-0.7470489427825807,1.7854283355333445,-0.7356153984269946,-1.1439995643158742,-1.799869453622092,-0.17886819806299542,-2.491129570664258,0.4233038963639792,0.8586392081424481,-1.9144662688645142,-0.4764206478140823,4.775522831324317,-2.008578013517569,0.5987021950507793,-1.1197585578536966,-0.8501354720635567,1.9854286935211187,-2.106514203423733,-8.195354005908122,-1.118397490622098,2.6447031725043377,3.1349023117527497,-1.541784343450894,5.053646515722115,-0.3099814141526874,-0.421091765451386,6.1287463875798,0.6561843385833823,2.121009049292572,-1.430073055114319,-7.296237060465679,1.7269994919100509,2.186633389118218,0.6600944272393758,-0.527962382386319,5.685984151376143,4.3202795015623146,-0.381350461315504,2.4367267370066834,2.165959555385297,4.761274531370955,-1.0606158573477096,-4.435119691523837,-3.5756847334867095,-5.325446584544282,0.9145848261643715,-0.20449765109294818,4.521176910699457,5.65043291299618,-2.949844822140939,2.839514084321704,4.6912937018589655,-3.0719084552898233,0.3627334039589826,-4.861411303622686,-5.024472662992225,-1.9848222471247905,-1.6986875383338966,0.44734250616938975,2.8804239259044278,9.453069776332866,0.8237333554202163,5.588947291029309,4.492310516470366,-3.0605017306854396,-4.305359058200837,-2.829522481554582,-0.2944252104102732,0.1794114819481334,3.617198435298639,0.5875196121620297,3.253430959898268,10.189793774747661,0.7118769307445922,4.028290740099832,4.700516527379522,-3.932736734766447,-7.963063454018963,-4.346803230797186,-1.2240218984596118,-0.9789409668501029,0.730036869478634,1.3781890872978753,2.3362098612441082,8.437642516776732,-1.5162975549980595,0.5134511558011164,2.1142704444100047,-3.714620467017001,-4.099539905043784,-1.0965457706119708,3.7808176252946244,1.4095708334821249,-3.907974517591766,1.3085491436018273,1.7482424657032114,6.00731344666368,1.1304135585371917,-1.5439811888853918,1.684969852861576,-4.422257966428326,-6.424325751151764,1.3005396666147446,4.653826580864304,0.6335112113023827,3.85202186715934,2.12159659283995,4.399158331309921,6.124574753409663,-0.4521407558554531,-3.4150290996818757,1.0018979334570002,-7.906247088161145,-6.761844428591021,1.908263705147955,1.9345846054362896,-2.957264987974972,0.6797942410576217,1.4826404605664323,4.142980179390865,5.838828052017662,4.704327123951017,-3.114576211140438,3.2898485333529983,-4.234478927179804,-9.423766452304775,-2.896839797018218,-0.005284579959417403,-2.256858101670887,4.56347860983304,1.0483696205554254,3.8014001056183964,7.321948098951981,1.3575786574393338,-1.1261080219126782,3.4741087310269325,-1.5989321421324583,-3.269336973640868,3.355052769753938,3.2377685622730055,-7.010401048814262,2.106225901073684,1.427092274666558,2.5156066548867,5.471181942784498,-1.1190375000522468,0.5499035533594283,4.760107992301641,-1.6563899490363505,-5.724101997475115,-0.39205233608476253,0.7356039269256778,2.362529335117877,4.062140343319749,1.3457250957522697,1.875929315094539,3.808724875914743,1.484223495526477,1.3655900475766989,-2.581044702867684,-2.4506219442274153,-1.5180897843288077,-1.6482061578476415,1.2067479061162418,-3.7160774054156565,-1.2065516661155384,2.1123717485555105,2.946831729629157,3.3883430721999113,-3.5220875543272023,-2.168858827832621,-0.07327892190385044,1.8852393837210337,-3.1346265567266856,-0.8167175507961995,-0.7908028558919549,-2.269111538234643,1.1485957538159972,1.9702220204916276,2.341692384128272,4.997121329520569,0.11462967817680807,-0.30963111189536796,5.009684638286658,0.6095540917071229,-5.567261565651542,-11.170386257003392,-3.3352046173052163,5.12200075619503,2.6368835918269133,1.8614791886581399,1.956684036977998,3.2461124584018015,-1.2737469474424463,1.9028455461442204,3.676731965416472,-0.3604832633453984,-3.363340402506388,1.4508733770839417,-1.1243116034706448,-5.3844718900896025,-0.37562533294636813,1.6891411695334895,2.526905712325455,3.977230813655153,0.8497398329707135,1.1814878942462086,-2.192863465741125,-0.3464036712304345,-6.1772329848731395,1.0974183296015216,2.264683647058026,-3.046584179996411,-3.4054594682305446,1.3071666432203757,1.7286443896583803,2.350227166608466,0.47534912216394976,1.3192828616570362,0.49185512610718635,-2.13607794505185,1.279441365590626,-3.323543672594694,2.2830082926517816,-3.8311264038790256,0.08851885768784268,1.1731916632528174,2.5131555353176793,3.2776408195187687,1.7346025547843587,0.3239438148134782,3.7178268143174797,-7.376499049067903,-1.8225871416505983,2.871117199198596,1.1627406520976376,-4.4624048786048585,2.0888735183877367,1.4109794231937256,1.4315114061069165,3.2796267992264245,-0.4459254939993016,-3.892441261004377,-1.297959055803559,0.314676668127924,-8.441564170338802,-1.734993573578729,8.864244099526417,2.8501306274434532,3.858507624273435,1.9468963600222362,0.5693787190187429,5.077403245924882,-1.6841320524811396,-6.577140159419213,-5.71228731442895,4.883748855214173,-7.296264298055186,-0.2485190662609425,8.122401241065258,-0.10150945274817076,6.224889814833194,2.0588216832566824,-2.1148532352720055,3.68505402866291,0.052042961206136766,-5.431458928020045,-4.380172555903617,8.801160746675778,-7.240355965301126,-3.1299616194449293,8.811582807691567,-1.4876776359744146,2.930970796618646,1.4766626450955964,-1.8937093099089897,0.3642641731719502,0.1167522112377045,-6.480093474158019,-5.733017367258003,8.939929691689322,-3.9493385741689764,0.24784786267412423,7.0465423447900095,-0.9562317310262892,2.5281300915797105,1.4018762495877344,-2.323789908027771,-0.8756407055150504,0.5625143747519183,-3.5512333803262983,-6.467445884873772,10.1989666082756,-2.161926690706947,-1.6834535491438893,5.168454552888707,-1.4397809257569016,0.9017725069891764,1.0106498619271318,-3.9128605301711024,-1.00897669167619,2.6260962519422497,-2.4926133562390427,-0.8113125548074245,7.3672762366515965,-0.6257176416445724,-7.467185443931656,5.676743724992505,5.6969783735138275,2.9152798484441846,0.871377788727005,-5.015310968669972,-2.9028506600629607,2.021346972816416,0.5267963783350276,0.9275310063381028,9.889448193520426,-0.6548350058841927,-7.163195064964775,4.133495865493477,8.784187201448708,4.600724737050731,1.064706863769869,-5.631191562000483,-1.0537627284785729,2.030077295648066,1.726022111163473,1.3569411050220286,7.093482735857872,4.727907164510535,-12.026013277923887,3.2511517163810866,10.52427004907255,2.3628721654837257,0.6319413840593996,-6.5068475976326985,-1.2322919204410352,3.748748814015982,4.9531917012484445,6.1198814790831175,6.239294937225562,5.170734360126238,-10.98353580738363,0.6423098072073153,10.906948149919844,1.2876797137328098,1.4591137389300046,-5.646865002440974,-0.8618481618528445,1.5131993011085287,2.967041097414068,2.9169248771257026,2.371995062958163,3.70722186468902,-10.463262567165987,-3.361052463340923,14.29737812224831,1.6470776321483622,1.416797966376693,-6.32386228333222,0.5546439221323718,1.255496988809022,0.2922270440572621,4.3889236170021855,5.706943790791019,6.713519883435624,-6.334172440888896,-2.904223997672025,10.368769586921355,-1.619218582315535,2.2644248730479872,-5.460169418060065,1.2981340399095045,-0.37066138360608564,-3.1323823220426137,2.4501255039388643,6.729977458584313,8.057685409154212,-9.032406403686386,-5.770503704609549,4.4033912241478435,-0.34451913878562945,1.8341113434710345,-4.0323580015063,-1.9236099338018764,-4.310257384475859,-3.402031544510348,1.2549310217077958,7.4070107544821635,4.842015518490296,-5.350490023875724,-2.8062089313781913,7.633591845831805,-1.7877002477004977,1.9682635008095215,-3.8851854961428662,-0.8523304758028645,-0.04448636918152688,-4.175328237056829,0.7494211481280718,0.3537347807934843,3.6613511286638145,-1.048795940317696,0.9570108834225355,5.99357378257702,-3.6023425257421415,2.222474893164815,-4.555717643987503,-1.6798770061989734,-0.9805727339668955,-2.7769925282056103,-3.282167189878159,3.09732044971172,9.3228024659801,-3.035488106848658,-0.12819979452101896,9.074884836387394,-1.4194052273976143,1.6338970635653682,-2.249757128535481,-0.6187912937832537,-3.166933227115882,-4.558912084381257,-2.9099914214033547,4.335167322483693,6.735472310780345,0.20452019304792585,-3.0275757325049835,1.810537791900633,-1.8038570298676302,1.700838254310442,-1.589909346455675,2.1106889049470077,0.32157558209072856,-1.4693578851841993,-4.094463611846348,6.9923742195289735,5.290745997329317,-0.4878282524737942,-1.1543779851270075,0.9787870399498718,-4.084590529662988,2.2716034232508764,-1.1964982485270268,0.9652964733294837,-3.297947241937141,-0.19574794380993144,5.6672915828565,2.9259094827308427,-3.1638562311847727,-6.122078884903811,-8.05148899561451,0.6816380902797844,-0.5488009449478972,1.90070159523854,-1.4702063881820933,1.454645128701327,0.5887354485390104,-4.919662860501363,-2.6101106471409414,3.392373485134868,1.5958032188125815,-0.2681261459962206,-6.02090114152048,0.4053929175704636,-2.1008957392570333,1.732644687526889,0.6086005101634402,2.7806419774756104,-0.8744208159086704,-1.9141057842510496,1.7096903989586552,3.635203813667934,1.7846180074891196,2.0393717708129375,3.2218012663008215,1.8480822518851967,0.17592337196644772,0.8084825665036778,-0.11269388366857205,0.9697436848617623,1.915031875267097,-1.3203205394800723,-0.43694822912793846,-0.23282233542817404,1.4522758063128212,-0.11835283272836024,-2.9290971556760095,1.7999813909168034,-2.245128787514292,0.41175198927565426,3.303088857809876,0.3060424630709903,2.4979732634355436,-6.8754139121081765,1.2792873124373423,-5.121825729376456,2.7604912270803306,-4.112027709208404,-3.2557147711112364,-1.6045154910596824,0.6127338091992041,0.5520221054686278,2.2383787634003625,-0.21412503064656443,4.533370465386462,-1.0441619030077924,4.096061681048306,-6.8330671228318005,4.955677460767594,-5.494767399340957,-1.7640951084647298,-1.214140359257456,-1.630257291149353,0.9147019052682914,2.9430976125796713,-1.830159444330281,4.171190956760928,-5.180652163097297,6.087530213767117,-2.5979838214012063,2.0076067839831513,-0.21548923122661012,-0.857931988325161,-3.411914792175559,0.525998089809206,0.4581153776027389,1.8181062366977219,-0.29026238222949935,3.200085871724337,-0.5938650203036303,3.398408751743417,-4.771107596310109,4.479813149821749,4.584083602657063,3.1140922588147633,-1.1235438294963687,3.832906426175848,0.32222252911507454,2.936647042049817,0.9131954901905831,3.213628918333307,0.24000802970816765,2.8454684016528864,-4.500678958491562,-1.3662311029899568,-1.7694026635869915,3.6353574449516817,-3.6025864859553165,-1.6650131273213131,1.1712645750203532,2.5284421285518723,-0.19279479063423596,1.2967991667835812,-0.01986892933872862,8.164193516029655,-0.3200174421183769,1.0528285904400478,-5.949665219350564,0.49660274913396113,-2.9851349703117727,-0.7908949246797952,0.5728191122421321,1.619681992562841,0.47437566187315255,5.866995565110968,4.143446596172901,9.538425754365125,2.5592860695246635,6.23840235799863,-2.845979593975956,2.4736987073584253,-5.7626190074346635,-1.609350615010385,1.420129716978692,3.697236923513505,-0.39168317226846533,1.331747584302673,-1.0221319587119615,0.6655848036194578,-0.7080858529970753,3.9998469099613874,-5.36137596854928,0.5087983055594344,-4.998330268342165,-4.676699449246576,1.0969126319482183,2.5655458031828573,1.968965852322263,2.8244143946670315,-6.564138775570784,2.7516058837121844,-3.592175002228572,4.046937389348257,-2.697863434520068,2.0532236252237794,-3.0330675812301187,0.6628901186853966,0.9915741717538828,1.6924414465890558,1.2857973991117142,1.3543461427773915,-5.840594952650444,0.6795017957605143,-4.597379880167171,-1.2259278473898036,-2.154930371794655,1.3130334894092428,-6.2827393164996455,-2.7285711219761435,0.9662089732435096,1.8925616499284794,0.24365168193715264,4.862099283375992,-1.0139681009550607,0.9963795911502886,-6.616327196804048,-1.7386658327608702,-8.429791947204066,2.9137804137532974,-5.324022131706338,2.121730675386942,0.30880024380099586,1.4879841491897594,1.41963111452435,5.996566577112044,0.9359134248898947,6.432932416632815,-4.828156068155845,-0.09780705801766153,-9.725167697983187,0.4467751195571125,-6.970159621932676,5.166307048209068,0.057863685388981075,2.8794245060016737,-1.214307758531832,0.43076623490003296,-4.263505408764598,1.6397817090159927,-3.4600910522199326,6.4494086379839635,0.9829421205104514,0.6277807399328621,-0.7205012693497715,4.865242799450857,0.5082975706958797,2.800693034957326,8.395259116147489e-05,0.3535495912193011,-1.0604731161057865,5.357273438589954,3.1763849575713254,3.070855965905733,-1.5119265235769042,2.600236958185789,-1.8663560660927552,4.03426183981486,1.3170053302554372,1.9108209780405188,1.7715123137783821,4.34234354871089,1.0999017272343372,5.408154688615611,-0.6466011676691742,-0.006495096950706696,-5.382345179450871,1.0907576615852472,-1.7318195753363483,1.4233265165826143,0.9373593560272588,3.932236911296585,5.507774435311449,3.40842112826065,-1.2175439634300675,2.2298597590279474,3.0620960317192307,-7.380808026999029,-8.78725460412603,3.9786050516032385,-4.875698133926478,-2.2922208214746824,0.6668346268850868,3.0071726440034574,7.053808793528151,3.48693381900672,-0.41224095422216844,3.203454787390024,5.187797364394497,-6.456403921606271,-7.530591821664297,2.980750256613117,-4.9852608818927715,-0.8376679729453617,0.8152532824037292,3.8080996573687678,8.657802052955441,5.33958432073564,1.5178135860095388,2.8863444609172,4.859209475550659,-8.974316344761,-10.605669171321104,2.6152275582751527,-2.24739480277981,3.7606631535105746,0.8905880668063245,3.254349180427142,7.1420652811486205,0.8855670717818982,1.729842273348444,3.8870334017700054,1.3307493638447092,-3.4268318273991074,-2.979373984296624,4.49282069292523,-3.6293518535522225,1.921365592558221,1.301735970919468,2.536466598350907,8.275631514949954,1.792660614162708,-1.2402681399657907,2.9657746005861068,2.2819785725739052,-5.146979879882218,-5.4574878944638305,4.413722756226066,-1.2089578071116582,1.212261276076548,1.7815744189449874,2.6132904265058734,7.255458711699454,0.8303135277467614,4.601087942397447,5.077853638193674,4.179435163276349,-3.1775878390469816,-3.9413567514157712,5.695553408805686,-5.162834326704582,-0.8755481368443627,1.5526894389095358,3.5463911515861732,9.231530138128312,2.273299691707519,-0.33881120858007596,1.6267458474945038,8.717741449898888,-0.9428501036750309,-6.262514086397674,1.1646933775513353,-4.008181722495811,-1.5285620808439115,2.2442786975609548,3.4056492941876257,7.769851563564918,1.3582668906282185,-0.04251539581549302,4.664086321099681,2.582074938274797,-1.5386152229173122,-1.8619478157375742,0.28827589537140114,-6.710682756771243,0.9208605724182615,2.178345011279556,3.4941959567439946,9.387941334274998,3.3314426068210388,1.2375378846506184,4.152545071461151,-4.003457595887811,-7.39612782664072,2.070592474880351,3.6806886632917637,-7.600367160458183,4.72459279634481,1.7448639711116147,2.7645890663520607,6.983663941043259,4.223658885945228,2.8495745051131602,5.294001662436507,0.05500067350136873,-4.344483128838792,-5.941378110690174,1.0593768820640128,-3.694634476117196,1.3286542123255094,2.0980338438810677,2.9745051476793734,4.730657670348155,4.371535318067542,0.2208077876260829,4.705473431580785,6.326686423835419,-2.2041943739928826,1.9200974115855458,0.777751160979185,-5.400653583322225,-3.062837640682107,1.3722844840802526,3.0701869470894296,7.354642503147895,4.355134957855093,4.911538926050161,4.2877792081909405,4.437636465370295,-1.7874033690671802,0.0630073614202906,0.10098535424825113,-8.626091114035026,-2.3825261411398384,1.6812049896976196,2.425941293111359,5.089440992541425,2.994010115353559,2.9582624687694072,0.9351001822362227,-0.779665732696528,-2.7303513096997385,2.215891238224394,-2.0311778700343606,-0.16744187884710904,-1.5723696709130042,1.8390145877151791,2.0827483279464896,3.347972729337166,2.568606362892468,0.9526132242445464,0.11399516271795979,4.851344540049216,-0.01920305878016505,-1.9762944803687201,-6.615827909377195,-5.645716103785827,-0.13994804925978174,2.2083068797086125,1.2126997069294096,4.3917986137010825,1.9480244989667896,1.1009998614461576,-2.043502546860072,-2.5627575264914637,2.688223741609923,2.7570487161255532,-3.255817441430374,-4.777413594915846,-1.6024322158884985,1.0519833669269676,3.375150746191756,3.3133455047843894,4.676635585401812,0.1943007251418878,4.911911180442186,-2.1410284145450373,-2.1340320905360515,-1.7032456238337628,-1.6270342615382303,-4.650235948470658,-2.5432471814758464,0.6796963130292266,2.956187112550192,0.41575164202345577,1.2495777843391223,-0.3537185568209448,2.7565705272510566,0.03250951832148957,1.842057029024035,2.2945226487133117,-3.250359571312112,-5.099709679909072,1.0237422395369196,1.3140695614573028,1.3154845858550068,1.9073976397557273,5.300415588659216,1.164947952402745,-0.07429401717954474,-1.8736993561131385,-3.703944148107093,-3.5924705656554727,3.1860523126392373,-1.4858299236806634,4.164771925021347,1.3165121196438068,1.3705799020824039,2.1403040399782585,0.3112165966120549,-0.7782312323361245,-0.8483538260796883,-2.4859864521495876,-2.3731239403354465,0.10861020316616304,2.221839507423867,-2.2112822431734953,0.54817835470191,1.0872767835052135,3.06329538494353,1.1804648196088352,0.5348940979898551,-1.1797178308064267,2.4745910647100944,1.9702178311364884,2.117959676880846,-3.4863039985683755,1.3032412055440081,-0.8989997744353361,0.10865385101442507,0.7510812149518787,3.042833625223043,2.8917250989372136,0.8811948221459375,4.6697109801314864,0.5023704633204975,-7.127063977751755,-0.2822044112571878,-1.5641161507788868,0.28536029233858995,-0.49353186317008035,-0.3892726597852896,0.9626988321327199,2.2362298491482813,1.2786653867719326,0.5963698648099628,-0.29964398046894436,-4.33868265759309,-2.498892078797267,-0.6288999700518367,3.277152024472215,-6.47740109987944,-3.738246857937622,-0.07228992543928392,-0.16241374797222685,4.396320332730822,4.598823314921827,4.452189041537877,3.1280196821194317,-1.1180710456278433,-2.2438196317168955,-2.343003566970923,1.1010170324748425,2.348977765731445,-4.184039357400802,1.6034677384364375,0.7502828982500053,3.459417401609652,2.1686498805637946,0.23528622573184374,0.2085084996162393,-3.560150015137717,-1.1430735532462597,-1.4141605029842788,-0.16793817284971957,-1.2146393724524236,-4.704398984546932,0.5365216876454029,0.6318225499018563,3.1677552812572967,2.667888182978931,-0.43739911655797065,1.6528167555000803,-5.167305115002111,0.6056663644863273,-4.689939483897976,-2.1432767282815224,1.2956531189492533,-6.3796527798182385,1.5710430064111558,1.0927770755936868,2.044400386211708,3.2413591969289155,0.004911932115928808,3.584687511244595,-1.1310486229324426,0.6649455385706345,0.41519052595712863,-0.49749364511932437,-0.14054860140440825,-3.7907589439719134,1.5122865942222075,1.6431678387226343,1.8298442585838648,3.1586154641167705,-2.102395210902251,3.4641372130763974,-0.21682659415899266,6.870947687041531,-0.08649228895324623,-1.5048979035801204,-0.2822663432151905,-5.3498366186617465,3.2861701872708458,2.119157493473841,2.3679008277871896,1.2376400159554404,1.1834126101149773,1.4851910158077732,-0.7804642239917526,5.770840107249292,-1.901243377028007,-0.5866573990887396,-0.014098844950855708,-6.491317710343705,-0.06586536062254053,1.6421336478633093,2.675762725056178,5.607348982092425,-0.839165695046457,5.972833821670476,3.160082854211688,-1.4692945009336993,-4.610263300472038,-3.5420082949335767,6.64748996818865,-1.8756340412587598,2.8485653354376232,1.6051241461241763,2.282564847693514,4.120129567057805,0.1614043327903546,6.002470741648236,-3.3959872555279946,0.5171003086791298,-1.0643342206983115,-0.8872201599761855,4.103239184742631,0.6017684377524045,3.8369696403935443,1.5072329787360819,2.292958744901796,4.308356869523643,0.26030926905219354,7.773295154128809,5.475394013212112,2.295864096873697,1.1013663554164224,-4.543845886907193,-1.6415508534436207,-6.217154776910761,1.0815031217322444,1.8276207441204506,1.191094179062291,3.906099135390361,1.7633306153224824,6.140839825878905,-2.9214232010378764,1.1551162691449415,4.303199621531572,-0.8596387742364341,0.7234436136294509,-6.478209820117269,4.583838035969991,1.996823448191259,2.203465952598999,4.889511413193381,0.6925708747372471,0.7415908865551709,-0.9566562434447546,-1.431101529300377,-0.4128091421220401,3.084222072503948,-0.8734762603776433,-3.955948604515782,1.169686690766561,1.21857502191645,0.6650807357155106,3.6144823927697622,0.8933032316424834,2.1594314513642456,6.475730100203984,-5.067213912046406,-3.656476960721993,-0.5834610480962152,-0.22062365534807546,-1.0364487657191948,4.222410909248513,1.3647172000278356,0.02002981215471015,3.1840037902326594,-1.357135348850549,-1.5379225821535218,3.1312914895100485,-5.823402773622684,-4.962663513795593,2.96880923788777,-5.2479277330970096,-3.8868729636504873,4.269996403272273,1.4102046668972026,0.9155543117633885,4.900901668366706,0.874594790022712,3.064229742891175,1.0407825729403022,-4.947587131594623,-9.624922090946663,1.56734175934495,-1.2895247358694795,-0.5112871804358762,1.2719623920497476,0.5593309521888429,-0.050321272520552275,4.938748700292868,-0.5582058713979359,4.936632425478209,2.6799979481348926,1.6416628101403539,1.6856718407463491,-1.4381945612137885,-1.6282672545486536,1.1293136232389032,-2.8045023439698493,1.2128439820422252,1.8791199717386056,9.569007049102979,-2.273130973618261,4.283838818809316,4.330000250871593,2.110397334623802,-0.2856189286869967,-2.491578373354497,0.6054193441890405,-4.5461251322919125,0.2515861260993598,1.836116993171664,3.9800149129790645,6.938142390438068,-3.792885820529501,2.231326121933646,1.2184604592204789,5.476525700941633,-1.4461563793456764,-6.223348031143782,-3.981939877209933,-0.6638739816131873,0.68806049596436,2.1802562769304634,3.4036688890891047,10.309761977970108,1.1051981482599065,-2.2696828212252917,-0.9090061180592367,1.1963411212015411,-1.896721588485716,-2.7687347294783278,-1.5631045995652753,-0.7203858858230789,-0.8297187677318683,2.4747855751906225,2.403371462563947,8.591405485292984,1.2875096982913794,1.194248274516632,0.8502493838112414,-1.7905193408033904,-5.4432468228480495,-0.736343545930011,-0.5145165442595434,-2.132795711414756,0.9373864951586501,1.0870082362916813,4.2482447343326,9.135364353355609,1.695962933666166,3.283311814363522,0.8643568991668877,-9.130138889706053,-5.309846787739518,-0.7270094827573453,-1.0594333367677553,-0.36088043718403184,4.916740396980911,0.42993499090067017,6.281291461147128,8.800575521854027,-0.9432273799814571,2.212124059380556,-2.130868857133367,-6.656907686774853,-1.5577470012867163,-0.5476928901587658,3.0949237263240565,-3.514124880420281,-0.4771189924283579,-0.3558014314309194,6.09501354354356,6.162284168268124,3.7413506717962286,9.112673967469352,-1.967903082670829,-5.946426870717611,0.09174283450898338,-3.5152704220855804,-0.9482251637933938,-5.503131436299815,4.374693943013217,-0.08095866137335346,6.074915812673806,3.506003309069345,-0.07924615577526013,7.5377542174619165,-1.2594250533628955,-2.440521170611648,0.4209715312408188,-5.10943199241312,0.03930878807649372,-4.8486984542284945,4.109241949932578,,,,,,,,,,,,,,,,,,,,,,,,,,,,,,,,,,,,,,,,,,,,,,,,,,,,,,,,,,,,,,,,,,,,,,,,,,,,,,,,,,,,,,,,,,,,,,,,,,,,,,,,,,,,,,,,,,,,,,,,,,,,,,,,,,,,,,,,,,,,,,,,,,,,,,,,,,,,,,,,,,,,,,,,,,,,,,,,,,,,,,,,,,,,,,,,,,,,,,,,,,,,,,,,,,,,,,,,,,,,,,,,,,,,,,,,,,,,,,,,,,,,,,,,,,,,,,,,,,,,,,,,,,,,,,,,,,,,,,,,,,,,,,,,,,,,,,,,,,,,,,,,,,,,,,,,,,,,,,,,,,,,,,,,,,,,,,,,,,,,,,,,,,,,,,,,,,,,,,,,,,,,,,,,,,,,,,,,,,,,,,,,,,,,,,,,,,,,,,,,,,,,,,,,,,,,,,,,,,,,,,,,,,,,,,,,,,,,,,,,,,,,,,,,,,,,,,,,,,,,,,,,,,,,,,,,,,,,,,,,,,,,,,,,,,,,,,,,,,,,,,,,,,,,,,,,,,,,,,,,,,,,,,,,,,,,,,,,,,,,,,,,,,,,,,,,,,,,,,,,,,,,,,,,,,,,,,,,,,,,,,,,,,,,,,,,,,,,,,,,,,,,,,,,,,,,,,,,,,,,,,,,,,,,,,,,,,,,,,,,,,,,,,,,,,,,,,,,,,,,,,,,,,,,,,,,,,,,,,,,,,,,,,,,,,,,,,,,,,,,,,,,,,,,,,,,,,,,,,,,,,,,,,,,,,,,,,,,,,,,,,,,,,,,,,,,,,,,,,,,,,,,,,,,,,,,,,,,,,,,,,,,,,,,,,,,,,,,,,,,,,,,,,,,,,,,,,,,,,,,,,,,,,,,,,,,,,,,,,,,,,,,,,,,,,,,,,,,,,,,,,,,,,,,,,,,,,,,,,,,,,,,,,,,,,,,,,,,,,,,,,,,,,,,,,,,,,,,,,,,,,,,,,,,,,,,,,,,,,,,,,,,,,,,,,,,,,,,,,,,,,,,,,,,,,,,,,,,,,,,,,,,,,,,,,,,,,,,,,,,,,,,,,,,,,,,,,,,,,,,,,,,,,,,,,,,,,,,,,,,,,,,,,,,,,,,,,,,,,,,,,,,,,,,,,,,,,,,,,,,,,,,,,,,,,,,,,,,,,,,,,,,,,,,,,,,,,,,,,,,,,,,,,,,,,,,,,,,,,,,,,,,,,,,,,,,,,,,,,,,,,,,,,,,,,,,,,,,,,,,,,,,,,,,,,,,,,,,,,,,,,,,,,,,,,,,,,,,,,,,,,,,,,,,,,,,,,,,,,,,,,,,,,,,,,,,,,,,,,,,,,,,,,,,,,,,,,,,,,,,,,,,,,,,,,,,,,,,,,,,,,,,,,,,,,,,,,,,,,,,,,,,,,,,,,,,,,,,,,,,,,,,,,,,,,,,,,,,,,,,,,,,,,,,,,,,,,,,,,,,,,,,,,,,,,,,,,,,,,,,,,,,,,,,,,,,,,,,,,,,,,,,,,,,,,,,,,,,,,,,,,,,,,,,,,,,,,,,,,,,,,,,,,,,,,,,,,,,,,,,,,,,,,,,,,,,,,,,,,,,,,,,,,,,,,,,,,,,,,,,,,,,,,,,,,,,,,,,,,,,,,,,,,,,,,,,,,,,,,,,,,,,,,,,,,,,,,,,,,,,,,,,,,,,,,,,,,,,,,,,,,,,,,,,,,,,,,,,,,,,,,,,,,,,,,,,,,,,,,,,,,,,,,,,,,,,,,,,,,,,,,,,,,,,,,,,,,,,,,,,,,,,,,,,,,,,,,,,,,,,,,,,,,,,,,,,,,,,,,,,,,,,,,,,,,,,,,,,,,,,,,,,,,,,,,,,,,,,,,,,,,,,,,,,,,,,,,,,,,,,,,,,,,,,,,,,,,,,,,,,,,,,,,,,,,,,,,,,,,,,,,,,,,,,,,,,,,,,,,,,,,,,,,,,,,,,,,,,,,,,,,,,,,,,,,,,,,,,,,,,,,,,,,,,,,,,,,,,,,,,,,,,,,,,,,,,,,,,,,,,,,,,,,,,,,,,,,,,,,,,,,,,,,,,,,,,,,,,,,,,,,,,,,,,,,,,,,,,,,,,,,,,,,,,,,,,,,,,,,,,,,,,,,,,,,,,,,,,,,,,,,,,,,,,,,,,,,,,,,,,,,,,,,,,,,,,,,,,,,,,,,,,,,,,,,,,,,,,,,,,,,,,,,,,,,,,,,,,,,,,,,,,,,,,,,,,,,,,,,,,,,,,,,,,,,,,,,,,,,,,,,,,,,,,,,,,,,,,,,,,,,,,,,,,,,,,,,,,,,,,,,,,,,,,,,,,,,,,,,,,,,,,,,,,,,,,,,,,,,,,,,,,,,,,,,,,,,,,,,,,,,,,,,,,,,,,,,,,,,,,,,,,,,,,,,,,,,,,,,,,,,,,,,,,,,,,,,,,,,,,,,,,,,,,,,,,,,,,,,,,,,,,,,,,,,,,,,,,,,,,,,,,,,,,,,,,,,,,,,,,,,,,,,,,,,,,,,,,,,,,,,,,,,,,,,,,,,,,,,,,,,,,,,,,,,,,,,,,,,,,,,,,,,,,,,,,,,,,,,,,,,,,,,,,,,,,,,,,,,,,,,,,,,,,,,,,,,,,,,,,,,,,,,,,,,,,,,,,,,,,,,,,,,,,,,,,,,,,,,,,,,,,,,,,,,,,,,,,,,,,,,,,,,,,,,,,,,,,,,,,,,,,,,,,,,,,,,,,,,,,,,,,,,,,,,,,,,,,,,,,,,,,,,,,,,,,,,,,,,,,,,,,,,,,,,,,,,,,,,,,,,,,,,,,,,,,,,,,,,,,,,,,,,,,,,,,,,,,,,,,,,,,,,,,
18,2.0,0.9757812702864218,-1.8550061528377995,0.5167905991566955,-0.01054557975609414,-1.5658395906171088,-2.896591924777894,0.40637832127264206,4.474239350022536,3.8844286191351935,-3.3152525353277493,-3.3687121867193976,4.2394100716584076,1.1884602725504783,1.2206085891875107,4.419453146619879,-0.6756397956229243,-1.0357505313769717,-2.3585236097649296,0.44286486420855853,-0.6015944731571747,3.873978802385036,3.711061458309218,-1.8661320353177027,-0.8089493562341176,1.4969999272080468,0.33539111356146534,0.8608766686889412,-0.0867416639795587,0.8442463501337834,4.083544756626494,2.945930796286043,-4.122115746757412,-4.3676526466519965,-2.2301044035594146,-1.6885888064018657,-0.652822641461465,1.3964059786217307,0.3303268322668019,3.2124085391541946,0.4176463047607931,1.6693684500304373,0.4890422831901398,0.3169178146509866,-0.31905811621165675,2.608631958142929,-2.0783782163146536,-5.916388557591752,-2.106964421198513,1.8624731357797386,0.82014810772053,2.488470348951553,-1.3359746618725987,-2.0006283041010415,0.7166099156319713,-2.6704548631768654,-0.6229207507224023,3.3712952007644774,-5.626884781191796,-7.869230482338171,-2.35378571522418,1.6491614570508686,2.209917309638149,2.1517164836968536,-1.9183609401712276,-1.315734360048575,1.2349424231841553,0.504427173274011,-3.692118897846047,-4.736359083887527,-0.1374134379351873,-0.8451262494674504,-1.4817834436005173,1.4197668990737409,0.3673831465050359,1.1578731058847511,-2.007406711919523,0.8273800511423867,1.3263217810172476,5.119236533912759,-3.3634727008627117,0.9196052332269712,-4.486826787112592,-2.940111604638736,-3.762098989387348,1.6228486898024683,0.593198561150627,3.481035417944641,0.5343215263358784,-0.49576101666940103,2.8435026868040834,0.2015536413497095,-0.35300800903895196,1.895932194922464,3.1740845376644975,-1.3050024043770416,-2.6573139945400563,1.5861790076063804,0.11264093040649041,2.276829026885938,-0.8126748437599433,2.3276888941555978,1.1362460454073342,-1.844415598208863,-4.570474522609851,-1.8511694197534017,-1.501772247395843,-0.32853693934133954,-2.3630682038700477,2.070730306320991,2.814331447354502,2.370690666909652,-2.7839392548124295,2.7902894462581007,1.036180954624685,-2.8546988929769848,-2.04577855196259,-2.6759095983242878,-1.851491233832455,-3.2224774141671864,-0.12179524066976982,1.5656353452726541,0.8700566443779966,2.106058858356155,-0.7913990447195602,4.106002766047192,3.207680473184047,0.5355731928435685,-5.668041755377127,-1.0066199846459176,-0.8022072908750364,-2.4509072313895612,-2.982013293331324,1.6069958525768728,0.17911737966818758,2.8121691446314894,-0.8274897032432355,-2.1107795942331142,-0.3495936810238593,-0.534694864309375,-0.4080391498981492,-0.7092536519615773,-3.697149140493628,-3.9217030955550096,0.5593083093812914,1.7563370252020236,1.738505306169444,3.0687262876318977,-0.9801352392028649,-0.45108856769426425,2.0333451466703463,5.241296225225181,1.844228213528595,0.40525693002073426,0.7980270598739249,0.06719187142863031,-1.1517675191647558,1.6927566990982499,-0.34271263664470236,2.864770584456068,0.34427075479613606,2.119941249149312,3.1941006200485207,-0.2868258306991266,-0.45186614595477975,0.48613852866376306,-3.142128808830407,-3.426715967229721,-1.2903814136189995,1.3720393022247603,-0.9995914840492599,1.6603806726331733,-2.0006871981372765,-2.086931502501739,-0.4172243929948306,2.3963423661833505,1.776228928085663,-0.2131971872820804,-0.04098701996088905,3.0762378231453273,-0.8217623150875252,1.7128594292052,0.7371900657208337,2.606711720537185,0.7752671718385244,2.8442466055404183,-0.21287957947708294,-1.604328646101354,-0.01407304857126917,-2.9100107959644874,-4.586484775512231,-3.4305934588031124,2.5794634079488823,1.095772401420875,0.8950947398608784,1.441560324718406,0.6668338657787642,3.251804693343187,-2.712766331305922,-8.650389777585772,-0.9246957609958076,1.8995861218291712,-4.250019831206786,1.4015737190943531,0.3467044071143792,1.9273034710326509,0.2866665192394833,0.09439674556335095,0.5691373052066576,-2.099655827791127,-3.8229195188261658,-3.6364582983729212,2.4428490035012818,1.4535756231892594,-2.424040687926136,0.386712802859064,3.4008350810232866,1.2029734036428317,1.8847904644628528,4.599205340359686,2.262146667205704,0.6544073491458041,-0.4771777130645179,-4.15987113738012,-2.4369618638801676,5.29395011597074,1.8932708493943837,-2.63627312387572,0.11763216091595008,1.2997278108683492,0.7026656891917487,3.734353094244014,0.5914161510571737,0.7810461156540525,0.79453533976275,-2.3691188007820863,-1.257435638957112,1.9359310906102207,0.7989702526376115,-1.8046207014366575,-2.4166572216253623,1.5790099891870633,1.7498922877327565,3.412526506082631,5.209681046786748,4.024164650649441,2.639450119819739,0.9526208613143103,-3.1226517604404522,-2.3699070632974144,-2.473044001484537,-2.0680909725285783,2.4719664758875948,1.2619359988561751,-0.3397078105133037,1.8291277620502555,1.6202701974527023,-2.3575048430997714,-0.4965389228862806,1.9796727454325866,-3.01810717398647,-0.8573219305157856,-0.5638544403179258,-1.1670917395467775,-1.8318166244174043,1.5851176793495443,0.4365888459143813,2.1436715295806827,0.8107874929341969,0.4450032867555865,-1.2460373428921887,2.4142618526525874,4.023662908537261,1.4127240561195442,-1.5533777374224682,-2.1625937242343505,2.1424366843484064,1.8040032501732335,-0.46038154531876174,2.1330730220620158,-1.2250779303016737,0.5283334682709655,3.7434229504033576,-2.3868825013250046,1.1600967536881233,4.728746741790775,5.081608055735806,1.2147391460676737,0.288005892059995,2.3635057139773914,0.2728443814167415,2.2619010709810476,-0.31386882910155883,1.126242294725771,3.009747241774987,-1.5548098498449292,0.8358948042726426,0.392367539670485,-0.47118691316722666,0.891452857983667,1.8614216100401544,1.7760135650397282,1.2938436093577048,2.4785621606716632,-1.0932160720477668,2.129971482537006,1.5977631433936246,-0.38598256240863166,-0.38164592431744665,0.9691143961501608,0.6676532575288793,-0.25324365689791695,-1.011000386391068,1.362117496853294,-0.8983398052692885,1.9438072638439847,0.5903413516176118,0.002478409371682284,0.5568116749465887,1.6750009847977505,2.234940035379011,5.540228268461553,-2.3423564036163684,-2.2229085735397045,1.8010421271015173,1.4822422979127825,-0.3250567933211875,1.165027335899299,2.292714330263924,-0.919826034739538,-0.5719980832073125,1.119162700010961,0.15200234167912588,5.046552582800873,-1.133207746947372,3.059834425341645,-0.6883616637329981,1.4486899439824026,-0.10053925476363793,4.034252665194664,1.4292845172342548,-0.17701276428132598,1.1108749573601575,-0.550037227735966,0.27783864560292265,-5.588660489025106,-0.021880681526188717,1.093970109141671,2.268476467217812,1.4522935474247203,-0.7323431472525385,1.971643655002812,1.5625243945159926,1.06689702151124,0.8219505564175674,2.365119105161981,2.520840888010219,0.21519373655385585,4.700117449476702,-0.2590376549770444,-3.134211012464518,2.037533163026884,-0.20387729493850562,0.8606355589836647,0.9697609543156601,-2.2893759645382654,-0.4671313256198487,-2.058953822215635,1.5291553954707626,6.222100971404928,5.530885781517755,-1.5437919901068085,-0.3195187246721617,1.2133446681569797,0.9200003069028766,3.4799782862177615,1.7637506007754724,-1.1756646152407826,-4.179683359888467,-0.004238681375828334,-0.5435718671377694,-0.8944202191422614,-2.10859567126361,-0.7783038493814642,0.10392628629876835,1.589757354697963,0.3654557385648769,2.7718189098438386,0.4965698068442108,1.72558279428937,0.7512749198891606,0.4084062508002416,-2.590363817169871,-0.8880650993114461,-4.824735787076514,-1.5881468927905285,-2.8185255036204957,0.9419842008733846,2.653291009987121,3.4045141753971144,-3.8438929006432603,-2.129128814511713,1.0646819331500583,4.021268690612085,0.6375631088166925,0.0058444442520198476,-0.6084687438969925,-2.4476299563712054,-0.24350567039196055,1.3633563123622647,1.5735822401023076,2.0921829713301583,-0.07724080727673002,-1.6945441777231907,0.8290289064051556,2.563776815690605,-0.6223182789812548,-4.035661388349756,-4.466622553599908,-3.402456042631721,-4.5111660877480935,1.7139385528527646,0.4619164549701641,1.3312699394749317,-2.4571537706454936,-2.4613742228544515,-5.272319440526402,-2.858030668672769,-0.8178010476658957,-2.1408623822137955,-3.192596755328336,-6.81947229529297,-2.647734036836257,1.4310938517537195,0.9419565347383455,0.472318078272702,0.5430121850728185,1.2444837222443692,0.9249191430456901,-3.7060006958282763,1.665052899011496,-0.6358206703769614,-3.729846418743672,-1.7874060607339906,-0.9578190669756426,1.241680657472694,0.2200054213741722,1.582622694741129,0.30918493642983474,3.368067662545786,1.6185603074381225,0.3109032783358452,-1.605102846755247,0.3408331853511728,0.04676462673828378,-1.4781670804957447,0.6357933475667237,1.6355298111296024,0.9999542872405871,3.3280134403544,1.2505770986197913,-1.712119229062134,1.0039623138391205,-1.0438795616351781,-3.28335465258132,-3.012230691141182,-5.254688357204106,0.5626433436306879,0.10013176919615703,1.7189362887833661,0.41851305784177106,1.672051217135146,1.5941732528876091,1.766219007193351,3.2369314287438233,-3.046088471193735,0.4453260460872826,0.18945536955580597,-1.318093296521786,-3.460740221013895,-3.4772059352142266,2.0190995601868003,1.9157072719338564,4.202591629399374,-0.23882690804655596,1.5565531506387797,3.40832818500802,0.6479365173295137,1.6115866366046765,4.93950316240514,-2.357554982381925,-2.840922563041514,-3.083950001078221,1.9200843886938197,1.0710420465350827,3.3553788930590827,-0.30626720532494717,-0.12667558610222315,-1.1565310152389354,2.4114301459728305,2.7436436564717916,3.047945910046957,-4.784521333872881,-1.5232121753783052,-0.4460846122962767,1.432069157663226,-0.2196270126448869,4.007401746270015,4.5267802052022255,7.592883672340798,3.8921820322395146,-3.689994299034512,-2.640674519200794,1.3339147890622793,-3.1264676747513143,-3.502717208405439,-5.363213376888354,1.5378541677541964,0.5941495895423521,4.20137735225572,3.364451880605035,0.10039466601972442,-0.8769235378960568,1.6350174756597393,-4.304136625371175,0.7290433628013673,-1.9804846735522421,-5.44333374505079,0.1827927472845128,1.666973610392163,0.3811044032630135,3.6040079534521214,1.8229115073385538,-0.6700548451131094,-0.88504480185713,1.059525438607423,-0.9552395262539657,-1.5944575991689396,2.3294996235027816,5.139956446506172,2.107547149477974,1.8285681402616898,1.2805492786729715,4.028810369912564,-0.9218154471182207,-2.974965916081606,-1.8791768021055217,-2.7271646260299134,0.5812220418713745,1.3711036550037146,-2.1651388698572656,-8.17209392514606,-0.6681280016973996,1.731859343363177,0.9862998090512114,2.251177811003672,1.685685449599101,1.7210670389352871,-1.5285057733514194,0.7845673301655439,0.9288313927812348,-2.9814893082430536,-3.1625996289395752,-7.166852009847505,2.6440188323801572,1.348453182651605,0.7393458949456875,1.8504335374965712,-2.4671472083593926,1.225161833415353,3.3011968941754968,5.817704647173884,0.9628653385319411,2.748463492194935,1.6197212147700693,-2.924568933832348,-1.6330735575717275,1.2480147098421872,0.887712835197153,2.8603407113246275,-1.5675320362843415,3.914136852709611,1.2579775829727453,0.8910842368404687,1.1999288753016972,3.720087910294774,-3.5865995601876643,-2.1721287423796194,1.5931826444410397,2.0020550306424725,1.822036813584853,4.392005109852785,-0.40789867642558725,-1.5060406518142937,-0.8101115443748532,-1.4963105791590061,4.063662845670571,1.9599294150139333,-3.438117974593989,-2.2657971133589148,2.3313079883977643,1.455714244794667,0.7209356221232065,3.1497489041845257,-0.5059438060629449,2.5055714116914376,2.8399363199968786,-1.4528842975754355,0.580380887131391,1.8573620906882125,-0.6310506782596829,-1.3241034190841365,2.3486276202613343,1.8528338490080059,1.9066413952658972,4.851189315928817,-0.06451144456191807,-2.2389819771112913,-1.20697693967565,-3.487647519159442,-3.9900699728379405,-3.075678318608343,0.03400086397071936,-6.471291568503932,-0.35705918973967865,1.418290799131904,1.4829468534482109,2.969750111146012,-2.1032247162935636,-0.753919487987207,3.1400406479037195,-0.08771996166078477,2.5775993830074437,0.7437076053612531,3.053752965862156,-1.080471676219186,-0.7761921305262571,1.5100220416297065,-0.809672182802812,1.2016806443565051,-1.2348543246710797,2.0479854856729567,-1.1617369096861145,2.648301378495242,0.7961818488250232,-4.201101055173121,0.6247875798189216,-1.3214518038152296,-0.14320804339587878,1.4841899758471953,0.3041767407989927,3.371226441320766,-0.15444585543895784,2.418000004931769,-0.735067795503435,1.0309718358696558,-0.11764014937572842,0.5521224480315363,-4.6694118887736735,-5.984404768956079,0.608731312756738,1.8715001967952714,-0.2751478021137825,-0.07247814099495556,0.6153175336513739,2.6607196935011537,2.2884200814821964,-1.5354909563099162,2.385416525657618,1.3446370418947786,-3.50979050508452,-0.3822307238808621,4.994961513482779,1.5088025282459623,0.6250600691819824,4.84628323868791,2.835821890534101,0.6213784118958828,-2.7031548205582734,3.0290135917524843,1.9861706161380563,2.3318445109761963,-0.6824789113732667,-5.749799951721246,-2.8236946247541406,1.919208256209525,0.6110718985102679,2.38312346811396,0.34351335048873277,1.6115994199928656,3.140167373245394,6.364546750188326,0.4986085475457385,2.6094434730402236,3.6684744339000055,-2.126243721625288,-5.05574850129236,1.958549982509877,0.7920142719905287,2.7640190160394056,1.9438318782654562,5.068258393603467,0.6372749843645247,2.9344820418431787,-0.12559848892048248,-1.6780508005849477,-0.7797886925143773,-1.4691478999751715,-0.24265043365774147,1.6653171465479009,1.3771960724988506,3.2131624768393374,2.742704879645592,-2.6569518871478386,-0.8642047582890072,-2.035040683663061,-0.9410124079706311,1.502199917886027,-1.7656367369114803,-4.118573254155579,-0.8591234229396167,1.602431353808784,1.2788216603316143,0.5426242718739229,-2.5773734509802284,0.7040273782820812,3.761215605248652,1.8463536085136152,3.3731070673678287,3.54182781957552,-0.16839598098543085,-0.9797068084238558,-6.1473193441802145,2.0984589082151226,0.4189889156318387,-0.3373124007017926,-0.8005307374288301,4.172345391392722,2.0659587355197866,-2.871356782057641,-2.727093810320547,-0.197274038695379,-4.3778072792049985,-1.63044839355901,1.0596212722639793,1.6357825889337918,0.09958055642723368,2.649224585765637,1.1707479339314002,1.2729725418821534,-3.838795193055587,-3.353965041658407,3.1974438502487095,4.416563931564059,0.25470902981281923,1.3463290541075068,-0.013433977762357182,1.1106284556064343,1.2789017333960515,5.313003425042394,5.362911027192447,2.922810313919896,-6.737570420499656,-5.893152899644907,1.1201401614022806,0.5516261312298436,-0.25581854890933753,0.9214776669269146,-1.1838895343927913,1.7693525519954016,1.5690329887292136,2.6474825701303306,-3.2546540999171896,-0.3589749684274311,0.07303279027302709,-1.4602852450205186,-5.122650214683226,-2.646443212652525,0.7836192960152284,-3.949382342808826,3.42676461345141,1.4544604180216294,0.12855667823171452,1.1879958770323147,-2.3421168538071875,-0.293410320485266,0.4607801100858146,8.028693391786103,1.7336073932049851,-0.6321086043711324,-2.7600157601691926,0.6569258723106743,3.7478137358630645,2.271819046012261,1.0408163010323754,2.917588839050832,0.24557304856405998,2.388227593464381,-5.0897415623849245,-4.096778123944691,-2.783900395447828,-0.7709559068557627,2.2830630763400475,1.4091274475866513,1.6792775964763642,1.500750563167172,0.28696486724452785,2.146238284328165,-2.740826416946856,1.3176994214851792,-0.5810168137483204,1.4432243945861996,4.335669551369217,-3.7751211836608944,1.4960211563468029,4.020573550325092,2.1566202661234684,1.6918969350157582,0.9196479296534101,3.21611081873163,-1.40001934194692,-0.254181535447329,-0.5134748639996778,0.05443743797827846,-1.7886202800588653,-2.1513074552311626,1.520172281209992,2.205890660398741,-3.178449480702284,1.903952062275629,1.2250513459386403,5.572298305718207,2.834526078751755,0.70090625867462,3.127049518884745,-6.148629695768028,-2.3461580368816333,4.093774639164555,3.2196706704967184,-0.5590853298197144,-1.638386697617474,1.3511083253398992,-0.5921141539912523,2.5522712296861085,4.748635618818492,6.121468397943918,1.0606057932347266,-2.6739270970247784,-4.8811750778828005,-3.4747989855683343,-2.1579582977377236,-0.058598282375418774,8.326860587486935,1.8998115246917209,0.09895101513177666,2.954953081249247,2.07239120251757,5.128894739981977,2.311803155873384,1.8790710676553632,-4.1018763569584245,-1.1473929452057865,-2.259314024405584,-1.3101477164321487,3.214027649173846,1.6727926882248714,-0.2557824002215646,1.5857779324187775,-1.019473731807079,-0.6365607181810111,3.1264929208891883,7.088675660586345,-3.4182421744850373,0.8797962255675484,2.5404940734520247,4.466575170975895,2.1641016318344026,1.43579131364293,1.4079358605286447,3.386154020944113,3.0473367208681212,7.318037435227861,3.11715521311565,2.092144409927579,-1.4287234979044185,0.602868172547384,-2.9914174919187775,-2.526067749604431,0.5045763355910918,1.9388343403137038,0.011970342039257465,2.475400663876755,-1.0551067840571131,2.4781104416967423,2.4954997387616893,-1.0374916428062047,-0.13010679001241487,2.7828883541828326,1.6068695619114102,-3.253480226010958,-3.1331083641386055,2.253565399716126,1.672122135609112,3.040085358102978,-2.338367469118854,0.5172490794616945,-1.4964932948260836,1.750905581300624,5.651486553387025,5.033682772859835,1.9507053527695295,-4.467581282552454,-4.513325339721864,1.9526882672829722,0.3537002495299396,0.34738644505939337,-0.7299355314642625,3.775832134534644,2.3847088614088308,1.525269342206818,1.952604141814525,3.859730112834505,6.620181498720925,-0.3624748970215194,-3.665289322655882,1.946754485319381,0.3684215263866076,4.275682659296357,2.19626954923297,2.8066919085841593,-1.1566986612831858,1.028226942995239,2.392993320768372,-0.07252594807792073,-4.108711381262858,-5.462922772951426,-0.8599653427886191,1.9087490365786266,1.2344707747418875,3.381292791000526,1.3244590645507726,0.26488571988567283,2.428565206377469,0.9481729876245638,-4.909700364515394,3.8859386856790303,-0.14278926701480546,-0.8440108586866231,-0.679572493268958,2.1561916118671793,-0.07184307478472127,0.19840071303099108,2.958127661675785,6.445507520119132,-0.31832243194919163,-1.7373338185407636,-4.271618951568085,-5.337247384348733,-0.3841525885674351,0.24137967799611867,3.9395641278708977,2.757062852070913,1.5421882160861191,-3.3055819837476106,2.611725472074374,9.431510488715052,0.5251139310875655,1.8903608223003798,-6.339975721835043,-5.042851313283717,0.2146721125286232,-2.496740776174473,5.375863716367406,3.2030576059147724,3.1242307798226836,-2.0881191975584135,3.2113161860857304,7.499116919870106,6.425201521031974,3.9485616153825185,-2.0723324558183176,-11.651852526390378,-1.9834022614432683,0.23860927335666146,0.7483009525169044,3.655456997045615,3.6694589022556596,-2.889320056572413,1.3840265308513067,5.508801288740939,5.612161220361564,2.877260328001557,-3.3240337384687617,-8.139830631636352,-1.9754647727873003,-1.2345369466496945,4.0797032357000385,3.9337997773663753,4.1668846302917535,-3.2074021565256987,-0.5915113175468261,3.205406354465375,5.517088155440257,2.1230078615275487,-6.910448392776466,-4.798255380582453,-0.20361296980025467,-1.7788720274850172,3.211549569404376,4.0670337120336795,4.371262777703434,-2.828427359481986,-2.004007524191014,1.4320486951596503,4.150188865505878,4.302962832978066,-6.724132784494059,-4.002802922165838,-4.348861740056419,-1.7918427668032035,2.898512307946403,4.342556129584293,3.7675440694783466,-3.041439920452616,-3.056441072678212,3.9481550397994836,5.4648400347756665,0.44640179271028135,-3.341855625609546,-4.356374257909879,-4.678790765645555,-4.032665667707219,4.502709786628497,4.2890405845951385,3.7145257363073876,-0.6572461526647381,-4.764073272785172,1.765658041638728,8.083253886693322,3.2387579206401713,-3.8779520732011674,-5.879304663677558,-1.2665321105961476,-4.124261767112241,0.7256803817178002,3.3762314413196504,1.841679022334645,1.0940724506822688,-4.407892888480646,-1.5408998833540926,3.9087411715745346,-4.315292207102117,-3.959980741360158,-1.9714774225485636,-7.345285810911306,-4.184932857517312,2.960533681396335,2.8114751028701255,1.4177996842409861,3.6363349135449683,1.6785486346275105,-1.1955811218123018,-0.2969353966582154,0.21290488596629095,-1.8940348254343595,1.5404926905032257,-1.9374541870190933,0.652914408954912,0.8186196607916402,2.2187063875869844,1.224994039602059,3.5960142652112976,1.0498150108416902,0.019159146702202406,-1.1618005964177995,-3.6321283114617757,-3.6732416774514114,-3.678826191464222,-2.9744916723745036,0.2564504808757268,1.3299615845673862,2.3053818172663223,1.4911222703066616,1.6383450243271895,-0.9408091204562663,1.5510455643606231,1.8518653197827997,0.24590180645728427,-0.7675283426147272,2.2226139784875882,-1.710486639112102,-3.853407474999304,-2.8363605819027855,1.4099583551874424,-1.5512984858151149,2.2532697943235207,3.5033560241718433,-3.878394203200023,1.4485296422134035,8.04963970913052,4.2581451912719075,-4.732765014333317,1.2016322161808524,-2.3976311738183855,-2.4329254504837605,1.1949546041519068,-2.430903242027567,3.485657293062922,3.2695941945158817,-3.6552775892475666,2.4869574079358117,1.4837038581128774,-6.29442363601908,-6.163440063852099,-0.6766301438812168,-1.1980102344401211,5.577054626576133,-0.1412193491875355,2.754284086313967,4.136715264979438,2.218714348176147,-6.641915811865597,3.750954347482743,-5.857786673105423,2.5085515949816215,-3.4556677011363757,-9.531764272230378,-1.0048348205001063,-3.2487096045787642,-1.049762825267483,4.910269244006326,2.0524436580356116,1.972184018969428,-3.844249132835162,4.74004780405166,-4.4225011329271835,3.605203101841155,-3.980413507740614,-8.16500824554645,-0.4041414965234848,2.1753536856716753,-0.5388297678187451,4.275406645769829,0.7638693064872402,4.990889658180855,-4.167398064678699,5.217840646923159,-8.943358946624459,-4.949261386361885,-5.96300504045205,-3.5155809073659174,-2.3490364785579043,-1.6621659231943546,0.06563706457665087,3.467974354090888,-0.12091781990235262,1.8697640188666007,-3.452167367816962,8.72334164509912,-2.0178094746737187,-3.2733443185321036,-1.6135231468365163,1.1450120355594031,-3.7300647906942728,-0.06286109456927737,0.19178260900259267,4.629371619453292,0.5633613941599158,4.546852777160771,-2.513389048183134,4.149985091520348,-4.301306629919136,2.9954539328563183,-2.588534450845754,-8.213688479523691,-9.075519626586273,2.4251458812015096,-0.13434752250676707,2.8890443584443712,0.33074197298227426,2.866561655843099,-4.257510905352968,7.632532133181503,-3.696857473425341,1.6483155574358916,-3.0073388218266848,-1.4031838488011736,0.8254597122356817,0.22769707800736813,0.04575651434415101,2.1342155794301867,2.5488284402756967,5.333253023663793,-1.6738580307285604,2.501137195018764,-4.403100446497009,2.358436121652355,-1.8647928060880168,1.4405680254882351,-1.829780226254342,-1.1359723384971905,0.20700180747116942,2.4587006605206896,2.5718851585459435,3.803483828615934,-4.353040867220862,1.815421713383959,-3.626759364473427,2.7346402648042853,0.15762424781764459,2.9872665183045344,0.5086759696798971,1.3807191744559824,0.7775130475712567,1.3899875566247084,1.382465650109914,5.38048506712043,-3.616238409064921,2.516987309265001,-8.905640284392495,0.24208513194165238,-0.3693194988494756,-2.215656062453462,1.195977856222421,3.323338716328155,1.2666335672611244,1.8861627067453786,-1.0969527870819207,4.028169208926674,-1.3769200757464377,5.186290443687545,-3.7654124089024665,3.7681729007011042,0.24084771887400644,0.33996158385048575,-5.858890667379303,1.0589998044582218,0.6840365190032807,2.4211548608968707,-1.4116943322695987,0.8858985076441588,-1.260235822127168,2.2146742132425787,-1.9521182133228725,-1.2856895847353635,0.9383897876489528,-0.2716848029949311,0.6400775221496289,1.7209256396735637,0.9659016047389779,0.9148363944147307,1.2035158383820064,0.6687215061492943,-1.9829666032732025,0.905186946500944,-1.8251908279822218,-6.32878565241883,-4.549484022542733,-1.0504882065397974,-5.716528164869353,2.151739834098896,1.3521345729244911,2.7000779481818404,0.8354688054407399,-0.6915750808160159,-1.1924090969299135,-2.318163429701294,-4.003585555679609,-1.9329078355018117,-2.719367629813207,-7.397778082187218,-8.166211089846843,-0.6685777140417749,1.6264773122826863,0.9125619274462091,2.6292894933468514,2.118269445600134,-1.537986786232161,-1.2095437628657346,-2.552871716232312,-1.888217171033588,-0.7764882775851771,0.6154894863113525,-4.326979923421223,0.17421924347573745,0.5255797343112016,0.1473434655567484,3.448087395352243,4.676682004445987,2.755888423461624,1.4774677714299764,-1.7636506994029186,-6.80890695177178,1.9549818655322517,4.154114199618474,0.2757502861385416,-2.736364530611105,1.1422609915425423,-0.27988555521346137,0.4434659372627245,-1.3733243493018912,3.505718052256062,4.764381361686676,3.828370206863186,0.020096120776301366,2.896595832820533,1.64090334855466,-0.573402759350743,0.27489225597408995,0.9454157263628341,0.4644222154326737,-1.7398701076670628,-0.9192692156686296,3.3284552608099194,2.9275051406339703,2.464953756720016,-3.282126349773942,-3.2677059028230575,-0.45671034243138475,-3.5726297439025925,2.3500597647383357,0.3730303268634789,-0.37446827314269976,-4.228313277134452,2.4908214824214956,0.7576795161602117,3.099084284738077,13.741729590492325,0.6713337042059139,-10.78608985790245,5.851340754576515,-2.015511395291672,3.0039060893507,0.949679296030096,-1.411805672267058,-4.07493820264327,0.3871113493528791,3.533264280785535,-0.3997284797841666,10.348263257306053,-1.4646284379360335,-7.527928322026592,4.798043316489982,3.9029212738848442,3.8968442913620613,0.42454472165493057,-2.4852532979256727,-3.8923839198458743,1.1884011869476454,-0.12024834797076271,-2.753262857707016,11.227589296057095,-0.45475906297396484,-10.753632205586284,3.189211284420925,1.908250946238538,5.154766986156753,1.002537616023913,-1.7676707693594227,-7.1908032948489735,1.098673442163571,2.538475271468492,2.008112731688332,8.959537306746428,-2.666847625797306,-9.539588424455314,1.5362674748228948,-1.1784987326177858,4.920400719840545,0.9722943817189758,-3.0452257651928547,-7.049116661264002,1.6726803397012855,1.6214491068727788,-2.319110382720746,10.082429959505008,-1.8202366114673374,-12.174982984041398,1.8096873379120688,1.1944607382032875,4.903352290081207,0.8683907694981249,-3.0208769588764324,-6.816228428020019,1.3315308695321453,0.8026328352939791,0.6068837916053093,11.321567926566823,1.092794903365538,-6.586142533910941,2.2063565885546326,0.3825263074417231,5.050406938677177,,,,,,,,,,,,,,,,,,,,,,,,,,,,,,,,,,,,,,,,,,,,,,,,,,,,,,,,,,,,,,,,,,,,,,,,,,,,,,,,,,,,,,,,,,,,,,,,,,,,,,,,,,,,,,,,,,,,,,,,,,,,,,,,,,,,,,,,,,,,,,,,,,,,,,,,,,,,,,,,,,,,,,,,,,,,,,,,,,,,,,,,,,,,,,,,,,,,,,,,,,,,,,,,,,,,,,,,,,,,,,,,,,,,,,,,,,,,,,,,,,,,,,,,,,,,,,,,,,,,,,,,,,,,,,,,,,,,,,,,,,,,,,,,,,,,,,,,,,,,,,,,,,,,,,,,,,,,,,,,,,,,,,,,,,,,,,,,,,,,,,,,,,,,,,,,,,,,,,,,,,,,,,,,,,,,,,,,,,,,,,,,,,,,,,,,,,,,,,,,,,,,,,,,,,,,,,,,,,,,,,,,,,,,,,,,,,,,,,,,,,,,,,,,,,,,,,,,,,,,,,,,,,,,,,,,,,,,,,,,,,,,,,,,,,,,,,,,,,,,,,,,,,,,,,,,,,,,,,,,,,,,,,,,,,,,,,,,,,,,,,,,,,,,,,,,,,,,,,,,,,,,,,,,,,,,,,,,,,,,,,,,,,,,,,,,,,,,,,,,,,,,,,,,,,,,,,,,,,,,,,,,,,,,,,,,,,,,,,,,,,,,,,,,,,,,,,,,,,,,,,,,,,,,,,,,,,,,,,,,,,,,,,,,,,,,,,,,,,,,,,,,,,,,,,,,,,,,,,,,,,,,,,,,,,,,,,,,,,,,,,,,,,,,,,,,,,,,,,,,,,,,,,,,,,,,,,,,,,,,,,,,,,,,,,,,,,,,,,,,,,,,,,,,,,,,,,,,,,,,,,,,,,,,,,,,,,,,,,,,,,,,,,,,,,,,,,,,,,,,,,,,,,,,,,,,,,,,,,,,,,,,,,,,,,,,,,,,,,,,,,,,,,,,,,,,,,,,,,,,,,,,,,,,,,,,,,,,,,,,,,,,,,,,,,,,,,,,,,,,,,,,,,,,,,,,,,,,,,,,,,,,,,,,,,,,,,,,,,,,,,,,,,,,,,,,,,,,,,,,,,,,,,,,,,,,,,,,,,,,,,,,,,,,,,,,,,,,,,,,,,,,,,,,,,,,,,,,,,,,,,,,,,,,,,,,,,,,,,,,,,,,,,,,,,,,,,,,,,,,,,,,,,,,,,,,,,,,,,,,,,,,,,,,,,,,,,,,,,,,,,,,,,,,,,,,,,,,,,,,,,,,,,,,,,,,,,,,,,,,,,,,,,,,,,,,,,,,,,,,,,,,,,,,,,,,,,,,,,,,,,,,,,,,,,,,,,,,,,,,,,,,,,,,,,,,,,,,,,,,,,,,,,,,,,,,,,,,,,,,,,,,,,,,,,,,,,,,,,,,,,,,,,,,,,,,,,,,,,,,,,,,,,,,,,,,,,,,,,,,,,,,,,,,,,,,,,,,,,,,,,,,,,,,,,,,,,,,,,,,,,,,,,,,,,,,,,,,,,,,,,,,,,,,,,,,,,,,,,,,,,,,,,,,,,,,,,,,,,,,,,,,,,,,,,,,,,,,,,,,,,,,,,,,,,,,,,,,,,,,,,,,,,,,,,,,,,,,,,,,,,,,,,,,,,,,,,,,,,,,,,,,,,,,,,,,,,,,,,,,,,,,,,,,,,,,,,,,,,,,,,,,,,,,,,,,,,,,,,,,,,,,,,,,,,,,,,,,,,,,,,,,,,,,,,,,,,,,,,,,,,,,,,,,,,,,,,,,,,,,,,,,,,,,,,,,,,,,,,,,,,,,,,,,,,,,,,,,,,,,,,,,,,,,,,,,,,,,,,,,,,,,,,,,,,,,,,,,,,,,,,,,,,,,,,,,,,,,,,,,,,,,,,,,,,,,,,,,,,,,,,,,,,,,,,,,,,,,,,,,,,,,,,,,,,,,,,,,,,,,,,,,,,,,,,,,,,,,,,,,,,,,,,,,,,,,,,,,,,,,,,,,,,,,,,,,,,,,,,,,,,,,,,,,,,,,,,,,,,,,,,,,,,,,,,,,,,,,,,,,,,,,,,,,,,,,,,,,,,,,,,,,,,,,,,,,,,,,,,,,,,,,,,,,,,,,,,,,,,,,,,,,,,,,,,,,,,,,,,,,,,,,,,,,,,,,,,,,,,,,,,,,,,,,,,,,,,,,,,,,,,,,,,,,,,,,,,,,,,,,,,,,,,,,,,,,,,,,,,,,,,,,,,,,,,,,,,,,,,,,,,,,,,,,,,,,,,,,,,,,,,,,,,,,,,,,,,,,,,,,,,,,,,,,,,,,,,,,,,,,,,,,,,,,,,,,,,,,,,,,,,,,,,,,,,,,,,,,,,,,,,,,,,,,,,,,,,,,,,,,,,,,,,,,,,,,,,,,,,,,,,,,,,,,,,,,,,,,,,,,,,,,,,,,,,,,,,,,,,,,,,,,,,,,,,,,,,,,,,,,,,,,,,,,,,,,,,,,,,,,,,,,,,,,,,,,,,,,,,,,,,,,,,,,,,,,,,,,,,,,,,,,,,,,,,,,,,,,,,,,,,,,,,,,,,,,,,,,,,,,,,,,,,,,,,,,,,,,,,,,,,,,,,,,,,,,,,,,,,,,,,,,,,,,,,,,,,,,,,,,,,,,,,,,,,,,,,,,,,,,,,,,,,,,,,,,,,,,,,,,,,,,,,,,,,,,,,,,,,,,,,,,,,,,,,,,,,,,,,,,,,,,,,,,,,,,,,,,,,,,,,,,,,,,,,,,,,,,,,,,,,,,,,,,,,,,,,,,,,,,,,,,,,,,,,,,,,,,,,,,,,,,,,,,,,,,,,,,,,,,,,,,,,,,,,,,,,,,,,,,,,,,,,,,,,,,,,,,,,,,,,,,,,,,,,,,,,,,,,,,,,,,,,,,,,,,,,,,,,,,,,,,,,,,,,,,,,,,,,,,,,,,,,,,,,,,,,,,,,,,,,,,,,,,,,,,,,,,,,,,,,,,,,,,,,,,,,,,,,,,,,,,,,,,,,,,,,,,,,,,,,,,,,,,,,,,,,,,,,,,,,,,,,,,,,,,,,,,,,,,,,,,,,,,,,,,,,,,,,,,,,,,,,,,,,,,,,,,,,,,,,,,,,,,,,,,,,,,,,,,,,,,,,,,,,,,,,,,,,,,,,,,,,,,,,,,,,,,,,,,,,,,,,,,,,,,,,,,,,,,,,,,,,,,,,,,,,,,,,,,,,,,,,,,,,,,,,,,,,,,,,,,,,,,,,,,,,,,,,,,,,,,,,,,,,,,,,,,,,,,,,,,,,,,,,,,,,,,,,,,,,,,,,,,,,,,,,,,,,,,,,,,,,,,,,,,,,,,,,,,,,,,,,,,,,,,,,,,,,,,,,,,,,,,,,,,,,,,,,,,,,,,,,,,,,,,,,,,,,,,,,,,,,,,,,,,,,,,,,,,,,,,,,,,,,,,,,,,,,,,,,,,,,,,,,,,,,,,,,,,,,,,,,,,,,,,,,,,,,,,,,,,,,,,,,,,,,,,,,,,,,,,,,,,,,,,,,,,,,,,,,,,,,,,,,,,,,,,,,,,,,,,,,,,,,,,,,,,,,,,,,,,,,,,,,,,,,,,,,,,,,,,,,,,,,,,,,,,,,,,,,,,,,,,,,,,,,,,,,,,,,,,,,,,,,,,,,,,,,,,,,,,,,,,,,,,,,,,,,,,,,,,,,,,,,,,,,,,,,,,,,,,,,,,,,,,,,,,,,,,,,,,,,,,,,,,,,,,,,,,,,,,,,,,,,,,,,,,,,,,,,,,,,,,,,,,,,,,,,,,,,,,,,,,,,,,,,,,,,,,,,,,,,,,,,,,,,,,,,,,,,,,,,,,,,,,,,,,,,,,,,,,,,,,,,,,,,,,,,,,,,,,,,,,,,,,,,,,,,,,,,,,,,,,,,,,,,,,,,,,,,,,,,,,,,,,,,,,,,,,,,,,,,,,,,,,,,,,,,,,,,,,,,,,,,,,,,,,,,,,,,,,,,,,,,,,,,,,,,,,,,,,,,,,,,,,,,,,,,,,,,,,,,,,,,,,,,,,,,,,,,,,,,,,,,,,
19,0.0,2.5911214096560475,0.3994953367458337,3.033218746066586,0.419072273243627,1.575465731031979,0.2983725659466728,-5.593236730124568,-2.0559538330197884,3.795568505938454,4.385981503080574,-1.4600309900244388,-2.618916701496184,1.6519548375907411,-0.2220094343398599,1.3224295720267851,0.7840382070361808,3.266367012709021,-2.251478845274623,-0.7265519589264072,1.3793269663684595,0.18621104263650212,-1.4788375449027293,-5.204778729483049,0.18779361801581013,1.9621467005871758,2.310182553750766,4.497237202149939,0.7909647967615522,1.26638586306208,1.8871162097107683,-2.17102034047218,-0.7823817983842761,-0.8129886434897081,2.1942551297487705,-5.43073001540217,-2.4992069116205076,2.163868486182427,2.0350910009052914,5.70473641817783,-3.9745059876071185,-2.1005785175922336,-0.4949961656055893,-1.4081134222981537,2.41150725041921,-2.39170271208227,1.5659441061067072,-2.005337613384769,-1.6020913893973794,1.7954997351730175,0.5111664361906341,3.201088689915678,1.8846879235928893,-1.3480726730919903,-1.1900659802495475,3.133516793895814,-0.32963631555133294,-2.2399462459374093,-0.31333281185890643,-4.532731044448835,4.016128345996354,2.215843089736145,1.2336025595563342,2.8939991569828782,-0.35065234900529324,-1.3893914099661708,1.863756573301863,2.307238089258921,2.3784799945832913,3.4423635717335515,0.4072633493621153,-2.264457162423598,-3.416854503535361,2.180532776510574,1.6038684598046045,1.9438748173409905,-0.0993226375550149,2.5403820587593113,-1.6757557675569636,-0.565309325830383,0.1459128221243951,1.2329059027811389,-1.3116887505840003,-6.521192449017741,-1.576702977448126,2.220035777313394,1.8675589062331743,2.1283797924172108,-0.20724743356941275,-2.7440395004785945,-3.199193380350168,-0.4052140408279979,-2.53996616952686,-5.222629660561476,-1.1937518225495298,-4.360603607255244,-2.370761475076535,1.0400935479923514,0.32428154555522726,1.7620793528481156,-1.3646213943736283,-1.6636126422013575,-2.52674958646748,-4.690149456685147,-2.1978969003403748,-1.6670515924894913,-2.8333342601330394,-1.289266787524952,-2.3612668536845707,1.0410206795466055,0.6490371784903369,2.864895268444327,3.263757583607176,1.707309383402709,-1.1288470817256855,-3.3109943026674613,0.1400369153856479,3.6286147575006917,2.4770656104727493,-4.829174741557877,-2.1755963607872353,1.8690234974430886,0.09827542790836923,2.0726279490185213,3.3321265882840843,3.8979504646599956,-2.6936464406515745,-4.5984256820728096,-0.6689649396476819,-0.3708478881126056,0.8478563248072826,-0.861560898486824,-4.9802110561383985,2.3206452717992563,0.274933969349429,2.8127465521245427,-0.5559642879186588,0.820938362666392,0.49804491103776216,0.16008235012071836,-2.337819277193188,1.6971338064253647,-1.7081498824574515,0.26255413742535694,0.07576042684480261,1.9891940388199776,3.3635878477395784,3.462346247804135,-1.094896905301501,-4.249103418976928,0.5860003373626439,0.5933272412431289,-2.693354226160195,1.3254334150279186,3.537140308809694,-1.812043809447909,-2.264409300965837,1.8267891928223297,2.145938512589882,3.114470880985078,-0.6194626892244194,-0.4038572428813727,2.3227504781423582,2.0653263756316016,-1.193047517270932,-1.4679870066807696,0.5420032366980604,-4.08031945149597,-5.105273275548922,1.9949331840686846,1.653998179515247,1.856890796578089,-1.2956957558162177,-0.9305844603687037,-1.6345121618813834,0.5487640528028891,-0.7795295663099087,-3.519016446126742,0.9099278247791568,0.004874325024154727,-0.32680156741243366,2.144308068505433,0.758092113822765,1.3689357865152472,0.6176463310102407,2.715745631421232,-2.3368301470802755,-4.258065388916832,-4.992609869172101,1.6353080402611033,-1.1491811908887208,-4.881525423871384,-5.605957734380883,1.9977596164750426,1.223065092952664,1.5435936225987479,-1.2468665702033754,1.7196081760333413,-6.109307444154795,-9.693741019541369,-1.5878485502627684,-0.46350753396506267,0.016028210758649755,0.7028467308696063,-3.3984530423245833,1.9873552431842916,1.2138397533039638,3.790728671020974,0.7398784903502563,2.4677175827852507,0.1618458710412417,-2.821835490535066,-1.9991674645509334,-4.3433432482046,5.335660580030203,-1.3873401078631082,-3.9724459399863106,2.0750866620157993,1.147790088876427,3.717575559229164,2.019741592038613,3.762778653719252,0.8126675605865928,-7.334970945103201,-8.394556764513567,-0.9990898290971528,-3.6363737326108407,-3.8787753500699043,-0.6394997689184059,1.4273803501579896,0.09319186268567148,1.2389164001572748,-0.45306230429540145,-1.7671184507503408,-1.676897860281154,-5.825685413977581,0.9785662833047494,2.9172605832463354,0.5856611054796445,-0.5829178303848812,-0.08504275959105695,1.4847279037548433,0.8831926445201111,1.0979425877578493,3.0237235358631196,3.980684245197284,2.5605971970388928,-2.1915931341363306,-5.737044098755767,0.37743561177766943,-0.772026664840011,1.4078603932439873,0.9455320479061642,1.7957961508656968,0.44915932939197,0.3801851366578113,0.7146293577312355,-2.506012098476028,1.1253610547924349,0.3184282462446286,2.01856138052244,1.477938786097639,-5.551832384698639,-1.4468352223219114,2.1592431491510533,1.460970672609477,0.14143949293854205,1.8344704271347319,-1.3584691830801119,0.4092328000554822,-1.7151853428369972,-2.6533553076770073,-1.674484808583127,2.706435073669839,3.4530944682285405,-0.3712071907876119,-0.777076679947678,0.9534752680262222,1.3754686478370464,3.7335173011623026,-0.10827768086965012,-3.4788563759813784,-3.581957344857382,0.9171530579732156,-4.5958058967318385,1.60220525423998,0.33287330710283075,-5.658473837124848,-0.23482561026209364,2.1395778687210862,0.9060713692300882,3.5490369445231362,-1.1035326336389577,-1.5813754358731553,-5.361182346569095,-1.7138700884523417,1.6281149557092778,-1.4825426101644592,-0.10313486415052527,-4.144433717937447,-3.7120116992958643,1.6702785765482502,-0.05878232482678181,1.3094790829709912,2.030875504360626,1.481069924015174,0.6380014909377768,0.8631836132656925,-0.8765725729055468,-3.991476389480822,1.144246308940917,-1.1708155874491541,-1.018578330726495,1.734041738259764,0.9798797305279041,3.3317211518791496,2.9002194397906083,-0.07917950144900428,-3.944481217064905,-9.565943530100009,-4.255519945993545,-0.1395464693818696,2.6206757179001445,4.269813301378052,0.6979974819322756,1.9525820591416505,0.4290719867635166,2.9579393009568204,-2.439082708177833,-0.604717905153719,0.6123459490964837,1.2671447825539721,2.8052446511443545,-1.1492402250851401,-1.6315945414939519,-1.4817205157354265,-0.11179574965159424,1.4808473054235798,0.23321162916498872,1.8381665372051716,0.6013494006158082,2.659573922202259,-1.65399220555896,-1.6423181665556172,2.774821366458648,-1.2821888907013035,1.9371601236118947,-3.161011633455927,-2.091773164973543,2.0798664637472744,1.8890016713153248,3.323496328471481,3.2562996618077102,3.1055095049667534,0.07355724363887903,-4.609544406560058,-2.0052435805660482,2.443186167375425,4.985164004010937,-0.9538936956190608,-3.475829148329523,1.986398005768627,0.8427678783491805,-1.0548183842038534,0.020194128852593304,2.5457047553026193,-1.7812944907547739,-3.4669581313993207,-1.9167226249770009,-1.901150979326358,2.6377936555845536,-0.9001791647680889,-3.4227679499034926,1.4239368110913995,0.9964137023316596,2.785643838613699,1.554981532813735,-0.12996622943368286,-1.9320180955254833,-5.236401501556031,-2.263820569242383,2.715082007655666,-2.6442640618088955,-3.062439225875223,-4.763374209105,2.0236204543544676,0.6077499795599912,3.2766706370153535,1.13623668265149,-1.675557792273849,0.4163572743715738,-0.0713697965236058,-2.6036886408663835,-1.3360789424605561,1.4685145389596013,-1.8316076062818702,-2.531145444538548,1.433565755336566,-0.4970135915739695,0.10002269893552188,0.542141521606215,2.90718317583177,0.39847376285044595,0.7526346995151301,2.109675447189892,1.7814815192058466,-0.1436871668058421,-3.969657865172914,0.3160932753328486,1.5840189524797925,1.4106229013724854,4.149127916226429,-0.4371310385611895,1.3013063920261991,-0.4162304239932037,-1.3565492558190861,-0.4705321709096872,-1.0308971695517053,-0.8357585070090039,-0.525730493403099,-2.0204482195251785,1.252850390525785,0.6420846789982607,3.7440624904094904,2.348424014986929,2.0395486460718564,-2.821528759197823,-7.119313430279299,-2.974643664429875,2.5350631283264975,-1.3006055195813344,1.6009030403824491,-0.6487002469081042,1.4573565131233193,0.3079686640266692,3.4340739611744104,0.49225236651544235,1.1648055071207029,-4.464250107673496,-6.783747430405363,-5.972146544677135,-1.1125218747635275,-2.9031685528717985,-3.5609446115086554,0.916596863487432,1.54699666132426,0.29462987058451595,0.04452814832998073,-1.5537438371950179,2.5422898688489197,-0.6362854622059986,-3.557175747179369,-2.3683235587840517,-0.811012862507071,-0.473013749065063,0.30625830751831606,0.31977226666225245,1.714395836419131,1.8917632758556515,1.5660840128326998,-0.384881860750344,-2.437251153583654,-4.678376807311674,-6.802362269074528,-1.2581739830317713,-1.7069986041752123,-4.005587640190226,-0.5334875841669744,-3.2682495536667275,1.6270860032161485,3.1580080373204824,2.3589843907785784,-0.2671997001150391,0.17964562304248288,3.590455173472262,-0.027408814489001065,1.4392190183242988,3.9560544883913273,-1.2909350726411974,0.6416394886992691,-0.6597901703069606,1.1911921708633828,1.3296800441790164,3.7035008493569785,1.4640709900675841,-0.29412269053795653,2.0564659303497486,0.44495842309849404,-1.9731684367210442,-1.3403275058204573,-0.9761177430974602,-2.50820011926831,2.9803326596230804,1.4301725284408777,0.4724573365879376,1.5060796849693883,0.6917318744936314,2.5591756677863042,-1.5320171345672304,-0.6176602342262684,1.553938797016234,-3.7306097411942813,-0.6583348733466358,-2.9285841956933405,2.9947744210038545,1.7838897232532984,0.09212136787206698,0.9844778835874685,3.063574375152244,2.069165670510947,1.1649847372161453,-2.808162299011091,-1.357330731760537,-1.4452971328414814,-1.3886619250476282,-0.3750324111064841,1.9568652437501721,1.8611106575812872,0.013314181279336658,1.4946103510449211,0.5365155348729964,5.612364416785797,-0.6728797461949269,-3.236424230561764,-0.9000569626190545,2.9172543137769043,-0.2757995878907392,-0.4214037887003635,0.12010471860929398,1.5008338294719659,-0.43202479308891334,2.504027706745482,0.18942595599628803,-0.9939835662045732,-6.26129202065213,-4.623309325118579,0.31885775604294786,3.176373872549052,0.5330391212080372,-0.7092247979622935,-1.1795214445963151,1.4216650643634496,-0.22789413974708694,2.6506927450048283,2.9654846231555694,1.2263250233765366,-0.386552399627781,-4.278748039556437,-0.8137408947047005,-3.0846721226163702,1.3370622687282907,-4.107170611132559,-0.4610025913030908,1.674914898901361,1.44209041578657,3.2896986913990376,-0.3210773027934075,0.12955346955509475,-1.0969392807732383,-3.648434430691199,-3.122650549873241,-2.489212586566959,0.9649566232255808,-2.5840644674436133,-1.4044258476708154,1.3492325311215956,1.7386118489797038,1.6091632831265783,0.19709642930256446,1.913646540350221,-3.1548777800652847,-3.8398006659015933,5.793413322829799,4.414808727173421,1.161425902724054,-2.644320913911203,-1.0679952123630092,1.2770245652544696,1.3166884612150684,2.679742988442544,-0.11622740718172497,0.36530557794247936,-3.0825923994131657,-3.765971275970118,0.18292885381592805,-0.5762255656681764,-0.03276302194688783,-2.774054953916366,-0.5910720397346223,1.9460094109042612,0.5225678887465195,1.2509047123510455,-1.2473155339725506,1.877098227011054,-0.982786564419538,0.05352494116221708,-0.8221208692751305,-0.48916445349541143,-1.513140629945207,-5.7873818858210475,-2.5047291866192403,1.5053416278768716,0.4505991213658339,4.317789498531307,0.7280590131663099,-0.19999589212921845,-1.214106583767614,-4.506646179370454,-1.8045319920400076,1.1040122691999672,0.9611486928578525,-3.102790713206795,0.18106090675844572,1.9482748483800667,2.547857616376039,5.107608893655682,-1.9717263546891892,-4.903112245731472,1.7727604822787,-3.4143476572584515,3.4900907069231124,2.1701767750392396,1.3901294800298432,-2.401643771278999,-2.8425876432821573,2.03620123954407,2.190199364732803,5.077781041117355,-1.0253738118946356,-1.0583196587213985,-2.48897887616553,-1.9808626967525966,3.0422530938492596,-1.407770609032863,-3.0117609701946573,0.8164919972595245,-0.8220425612959805,1.275244564217162,0.4955368955761178,3.1360669283150004,-0.4972565282422063,-2.4174857612100795,0.054092839370299475,-6.734008927433651,1.22805748011306,0.10184880327759989,-6.701345690002103,2.3875717602277566,-1.454176068433865,1.4401973408323587,0.29576805299165987,2.615571848524572,1.0960003613398273,-2.192695218720853,1.4149611066673866,0.5218106963816673,-1.6109696828599132,-0.04869148494500245,-0.45926614318340514,-1.851971507590673,-0.16801689063693648,0.8225811239472121,0.25144058148092546,2.564751849274716,1.0064096902453763,3.7808910967285483,5.057306500614152,-2.3024251700197365,-1.6188753493727213,2.707033943076664,0.9338590436748185,1.1456109161675314,-1.2441164481070928,1.8010489901965132,1.4235997661751056,3.016409196995075,0.8777049343537086,2.117042061771442,-1.3789999266929611,-5.9315251704975624,-3.609797433391881,0.4423901985988526,0.24583288055588667,-1.8781769746000643,0.03004806442189022,1.9031868781960828,2.8457268529614574,4.218241838394549,4.20865228658014,0.45563133715762594,-0.930849163541665,-3.9345767844299075,0.4084882017205002,1.6670990504272778,-3.8035216803874112,-4.4015238164136,-1.1611771531673742,1.7864567449454627,1.780159860869441,4.123566919876231,2.168087021392899,-1.8557280910797909,0.32802563020280906,1.6407676024980906,0.8134106355246589,0.8651793030756425,-3.8805393853191856,-1.5432100686133818,-1.4326163486004644,1.8202521221511936,1.4311471524360853,5.956589722640605,5.378436639772761,1.7899122212303133,-1.1376220154811745,-2.765226015423829,-5.387637521299632,4.047257567162455,3.647463286771265,2.176411823875992,4.041518024150287,1.2695394237659838,0.9472951769425186,3.4810922950898755,1.0667231881125552,3.57444393279798,3.094111557114047,-0.07385931233284498,-3.4183130337810446,-0.44869583728810913,-1.373392339636562,-2.8395737534863152,1.8174651562730184,1.6436895963599014,1.243906405727413,4.566167345802327,0.29264980144142255,-2.6961903166373298,0.39758978699795106,4.524861259795363,4.40863442385577,-0.20540656121474327,-0.15571982669408543,-2.1082152575805617,-1.1438588738636495,1.9768055407052647,-0.2788034829333952,2.8479636207871786,0.8569896583948421,2.4012465259420432,-0.4587426785407351,1.1796837655190722,3.777041301401354,3.57693969444095,-2.517302740841021,-3.0552532225203737,-0.22486874860893596,1.8070132737079811,0.7591116799477102,1.7141053995511395,1.5407627012830427,0.8750762588951873,1.0227137822377308,-0.22242790419920788,-3.7182092433698317,-0.16030398689220174,6.848814846555401,2.7371042558169454,-0.38260124165792575,2.1733615141493203,2.149454386650113,3.814182180940612,-1.386305170325785,-1.5398004466315172,-2.420393877568812,-5.23502877113011,-1.8793883750543885,-1.6799249145116144,1.3137024003244537,-1.6014791640854245,1.8361122408341026,1.9780139688944793,1.2407160951480172,0.9692196869167594,2.960491566993329,1.0599693220469406,0.6013293679207776,-0.08328471606404912,-4.234332611584587,1.40420836202903,-0.5093274233577573,0.23692889021031854,-1.3923690032979097,1.653116813673017,-0.08340696193618065,0.25962792434235643,-4.159201071532215,1.4296552020663096,1.3349679121665088,0.2788430096944449,3.1284248570767472,3.253080502735938,1.3287561638106296,-1.839581650060088,0.8480991124905956,1.611169983984489,1.047704893412188,2.427917690898837,-0.15726502250286462,0.04819534856476724,2.1286052930079387,2.5361591679392395,0.2816440940822763,1.9838667873471305,-0.4844098469868721,4.499003808723466,-0.4229309049878891,1.5195374200280833,0.6295290719789866,2.5244563959117334,0.9094896142580536,2.6027450542309483,3.9113122523971686,-0.5030095487530485,0.7020230249071706,1.5883328651632613,0.012864448467188433,-1.9413910313497293,4.604487284486344,1.3492112321044731,1.0365388392523551,2.654014984118821,3.0933546648660046,3.885193249933497,-1.7302847639644647,-1.9190679946659432,-4.7694855262127085,2.9027088068270337,0.20166031339292864,-4.0806117853936925,2.781538176110936,1.925649536904162,0.6099117477328346,2.2867386173086466,-0.9116463408848346,0.4789829868006967,2.1476016652826715,-1.9411658259389362,-4.555562694982069,0.40273615605612473,-0.6859642552676549,-2.5694799296550794,-0.14032713075320705,2.104331375331856,2.4113425988137593,0.19575407954478263,0.13355297204932004,-0.11574405626882661,-2.343537400036966,-1.4904428092268074,-2.670865282126482,0.8725160225750888,-0.861526156664909,-5.7981845949184025,-1.6677055849275713,0.9855189308900636,0.6342404007476232,1.9146530795120382,-0.875489627774013,2.888401535898634,2.390690282080978,-1.0759634655015355,0.4597333764946221,2.171951823185209,1.8349503448632696,0.5263549536318592,-3.274358101299412,1.5904898966364367,0.855612417035924,1.7279556269591805,1.143529998094399,0.8205394985346969,1.9043286873718681,2.6199807457094875,0.47286851507131067,1.1022228914978591,0.8307146743777127,2.3349026598392473,-1.8815105697729133,2.121114059537869,0.28830537771996945,1.507303878890936,1.6440853425733255,-0.8829430713312467,-0.42566091932299494,-1.4125482660058473,-0.30009770611821357,1.9741316176808534,-0.6717510961538544,-5.061028613184787,-4.502490895603987,1.7573190221593347,1.4207249892947567,2.3175548910533235,-0.9587616043962661,0.33420750210348754,0.48642799661366265,-1.0900814927059361,-4.011139741476524,-3.213385343651776,-2.1353067433841413,2.299828881934243,1.1522370877939032,1.5734259839824978,0.8415684782130616,3.7121486224629745,0.760839301352448,0.9611439993350754,2.1495064506512493,0.2886685068109626,-0.7830854317755549,2.1468582915877166,3.5607957259840357,2.741993376887598,4.9384774035518735,2.4166548512684516,0.17701011903190159,2.6248167782575926,2.0227892826193132,-1.312648782816155,1.3117100129693926,3.5530192305959782,-0.5229495528531555,0.011423312309308173,-2.0136500313960366,-1.8975331358590068,-0.3109541072265891,1.7318151786072908,3.4896009894269953,4.545413870836356,0.9856604596288021,5.287930163034594,5.691327211156725,1.361896028956823,0.5532917192176746,0.3311544879607947,-2.399952229742691,-1.4497835564007517,-2.159428470864443,1.6624992097870426,2.70134338031532,3.7210655627656295,1.8109002704568091,2.1633425736468053,0.9014217901714526,-1.6297976787794304,1.2970126400974007,0.10406130922211096,-0.75082564011208,-0.3788051634072892,-2.05846324067008,2.0792824961043617,0.6798326634086234,3.5942894077126266,2.5732457838775304,1.5085418701581708,-2.277591254247415,-0.6524107118528537,5.889813358088116,-1.7655453007303712,0.8230935864474332,-2.1242521679347073,-3.320878520898508,1.4320063086131924,1.0416640059744893,1.337196261646965,1.6166735027016352,1.2146059127279405,6.828397836611054,1.1026916513839933,0.07388017337563882,-0.14285147913614415,-4.184147264005552,-0.9427750965061956,-2.3868455837531553,1.7939540157598823,-0.26307766896791085,-1.164094098548577,-2.4361772258148817,1.808126244733133,0.5253392910715411,-0.7681984285811038,-1.5290517937089965,-0.28470277293061286,-2.581806733600007,-0.16425510268892246,-4.430919805895037,2.6230852984050714,0.7800237858958323,-2.3205557715430323,-3.5837463113910397,-1.1906629472825017,1.2084764305881606,-7.07190381839774,-3.7109232760620485,3.7770679888015133,-1.6794058693176448,0.29011498946010994,1.8054994147304027,2.6791078123514174,-1.5436791614047776,-0.7841809393593966,-2.1390640223400537,-8.008396729552613,-7.717569607288167,-2.23634899441593,3.3273001618619062,3.049823284734998,1.6277726842189228,5.526102322130324,2.9298990131077787,3.453862138188911,0.07094796249224815,1.7932319108460424,0.6098067995254776,-8.266565616286325,-4.919256526329792,5.595742370336967,4.664562830283209,4.352985490883515,0.12907737987864132,-1.8324471277579089,-2.5191924972698985,2.9197148721602315,2.1678210374567763,4.25687553737359,-8.979493451407258,-3.519015569260988,1.8127850396126313,1.017591310500513,1.3610663578391886,4.14425622996287,-1.8982121945145853,-4.405954336528008,-2.9227464380562145,2.639950866000438,1.680275536902699,3.4807913237460903,-11.05934654732391,0.260219909062991,-0.8203636956563418,-0.24316521172263197,1.704392646490235,2.5584664381573807,-1.1478714067012932,-5.349243925906747,-2.9253461153536024,2.6253709718909457,3.4323952821880805,2.21620307615529,-11.219938524265325,1.9027241050440182,0.9325292649276627,4.791053049547132,2.482887368360871,-0.9394213155748917,-4.636773023008904,-4.401625608115044,0.4495676171056425,2.3873622200148845,3.373818245373425,1.9847508787343366,-8.242617809964019,3.6533365885386777,1.4041550873725945,8.045671345281098,2.346118276702125,-0.805966188050169,-2.4270200397276906,-6.888339118289713,4.487994421867421,2.377230846145586,3.111753693516016,2.370156098412812,-7.11132548251847,1.754170851486805,0.7583146483933921,9.982603465296386,1.2729121452428223,-2.5197315513972645,3.4646151465211945,1.8340981037130861,6.920719157332455,3.0893089736466983,3.688861941826719,1.8905981326226973,-9.044529435261058,2.6309700130885068,-0.1582721008916696,6.200259836930415,3.2812777619405344,1.0738111575460048,1.9764555742573862,2.1835647024920286,9.046239164838735,2.6584248173082727,4.650764651759042,3.1902434953897663,-8.258350821422946,4.604944797801228,-3.676096274230716,2.6309004344557296,1.940455018504003,4.576239223202846,4.500839643693164,5.9065361905402405,6.083376526373149,3.369367186354106,4.394806423537859,1.2072181725186009,-5.7067072824867475,1.441831777268479,-1.8938580991772351,-0.43735572749016866,-2.230593118528406,1.3291565641798744,9.133930181809042,9.794477723868052,4.283522492441476,2.853125372398461,1.9389620248472266,0.6820855514725376,-4.447399079152224,2.7316048193962295,-1.1656225591443232,-0.6551840345365524,1.2681691600160263,1.8567507338463058,-2.336590192763697,1.0606686119661888,5.136870881423597,2.8410117061875813,2.484696460655681,1.753004628113696,-2.103872790326049,2.2941134051331455,-0.8497989889023775,1.3212814058833147,5.129730811723546,3.969887539120923,-2.3640802213978414,0.4818332595039241,6.423569313479125,1.8036226261565043,1.714704822911054,2.9446996529464786,-0.9463938067729343,1.8925671315530217,-0.07121172870620339,2.7820457817696242,2.0021938900760814,1.9505510255456697,-2.8667418271056415,0.3279230321558107,5.075320177854301,1.9376956323140404,1.298527124245183,0.40469351259811476,-1.614845090950174,0.3592317703911856,1.6749936790530666,-4.28500411270815,0.8726265303494155,0.41456756825306545,1.1130893373474955,3.6567256738611835,5.93588359151927,2.217896783378699,1.134756670653078,0.36780430941090025,-0.4400103860177208,0.4430964123294869,-1.5004668403034305,-1.5100674857214589,-2.079187323971198,1.9386714534206473,2.1974294031359234,-1.4883743741744695,-0.9151774744424669,2.372466976368868,1.7657396129616056,1.7049086242735143,-0.8252018718525618,-1.0086893028513382,-1.4846237037476813,-7.786483685557257,-4.654069642721392,0.4606668281930651,3.053106406079445,2.5452938828688327,-0.43501100493696127,2.5416048972970655,1.5634714787394866,4.664639370984303,-3.482537021186172,-0.7252614457538821,2.0010343836111324,2.1341770243383293,8.67317312681354,7.18164499640833,-0.4912839505901434,3.260619365570468,-5.545463036551926,2.35648526860202,1.981249253475551,5.623903286575465,-6.9647434677800515,-1.3930748355332774,-0.6044185560443742,0.42884506969159203,4.003457593337465,11.34542297602676,4.739324159785498,1.6103600615400995,-0.2769387506979354,2.912712679557773,2.5266787318076473,6.647343813753092,-7.015464243739189,0.608906064118058,1.6794538380262918,-2.017437990260622,3.135550602852155,3.1529064878129804,6.505739112719623,9.72267187292363,0.4336917777020073,3.631180092731475,3.2299776148630976,4.083104691118184,-3.8445567796283973,-1.0645410217308595,1.4984292469862417,-0.22371993277144517,-0.2841854070981377,5.3568917764723185,2.0515260253551832,6.824576743836707,3.8250047855534053,2.4541504760239246,2.563515769624073,4.64474204162436,-4.495481421968349,-2.6449102979586003,-1.704047249155072,0.6335586765892354,-2.0441770515521633,-0.251016010010453,2.6770803110101773,2.0993405208209084,0.4902859820686997,2.6594934006956166,0.726201374969639,2.2724368967632715,0.15843353823348977,6.431198460420829,1.0614884333920116,-4.843425081727434,0.461537812682489,2.4717477847411073,3.417568944965723,-0.9492158826087228,1.0209323433477602,2.0377130201131815,0.3353470832221239,2.956044409050179,0.7500107061752855,1.4617339395345814,-0.1949027696492112,-2.525949376718601,-2.9901214577495274,3.413633221119391,4.362394622475577,1.7853322800680005,4.943590982378141,2.049063035180481,0.7409591928276519,2.170806423901721,-1.994438849402745,-1.2133934203089007,-0.06937366310940868,1.6149662860825198,0.9175913492553859,-0.4658617195573823,2.3120545049502077,2.127328460576502,0.4756920040089796,1.658696957467099,0.37922747902220916,-0.0838621694807233,-3.488552319176144,0.498783248819025,-0.09052714728981932,-0.5040513800073839,1.682271776635052,2.662600140074096,0.6585371432555076,1.6125016544465163,-4.354041823646726,1.611208200649654,1.8733227482739179,4.81840516781248,3.2407393355744873,3.353953653344433,-0.5230113561563245,-3.5333378211700173,-5.071838485018285,1.0897195640642214,-1.4147469484221804,2.5264284239477677,4.834200470072856,1.6833801580253522,0.025416781318759605,3.531562709442616,2.7777501542946554,3.0894168075190165,1.0317851965963636,-4.229996470940026,-1.872003423906518,-1.4380111240676101,2.1314812802274505,1.894516250186388,0.1157993210697604,1.8128818245704725,0.6891606074519937,5.089838501020277,1.4522244926838708,-0.531298884771987,3.343979853135875,0.6650331458464273,0.9328852883171918,1.9111070493469884,2.548607458454036,0.12283855981139137,-6.0637189827179485,2.0840107497028026,-0.17593008906654825,1.2742016195885517,1.236515052013008,-0.5472705445775186,-0.19477353353568044,1.041683808424547,-0.13802927380316066,5.603794647778353,0.9905639356666424,-2.0314245134530937,0.7051872028999441,2.066972049733432,1.0057075013648267,1.9238468115144938,2.7878999052285005,-3.346492764259615,-5.165977669561501,0.49164385750512934,0.5915603879789941,-0.20016416186761557,-3.592454723527363,4.249845061922411,-1.8422904942281606,1.2357893584103063,1.3063520827992914,5.866110205080514,0.4278894349617752,-3.21585650998712,-3.8662087132721648,-4.696423631429934,-3.989205909800013,-2.8249635560934023,-1.1807969651057497,0.9187233247918547,-0.8046946391971168,1.5450528817669955,-0.911636144937058,1.3790352204072645,4.801988629012536,1.0638159445617474,2.697989767031321,5.045363163753208,0.7233240480580911,-2.7673658418024263,-1.7058276663198375,3.5828937685535442,-1.4183625079363245,1.287057823848552,-0.691974209854891,4.448769773501711,5.216822262620659,-2.480510373392513,-4.143757156011493,2.9956369963631038,-1.382215157735432,-3.4386249254479444,-4.958031296396457,0.7523325149668062,-0.560351380733467,1.305385385254055,-0.7364158376692592,2.176706392360893,5.633390611757631,-1.6909660287952055,-3.753710158530282,1.2374637809288795,-0.8528685769485974,0.6489407862516515,1.6412701972652024,2.7440973679091063,-0.3642333948487759,1.4842940587492963,-0.6849707114130007,5.025739978903546,2.7893240278974183,-2.8200509960859406,1.6481789055773166,-2.671711152207935,-1.8325563486182854,0.6917309856007309,1.183796358187086,2.9786381699286695,-1.4025751524308654,1.3918180234604238,0.22491948047532193,3.905597869271521,1.229194712500996,0.6097267525477273,-0.5885139818194964,-3.3438607810115446,-1.7658609699355086,2.1063964366699124,1.3694675215174057,1.5117841255148807,-2.202709297555275,1.3826699011370969,1.417743240208864,6.445389194865787,-1.2001810609828631,-3.3326948267308723,2.0943818273343173,0.8659705638234487,-4.445298708347586,-1.252608240845285,2.8065457697141514,-0.3306423909882416,-4.143057344335642,2.2923429034900287,1.0664502067270245,6.517188983207115,0.003592556451740927,-2.0173655845798546,5.989669259882417,-2.354352073430167,-4.969765318616504,2.9454420022320127,-2.396465016187671,-3.6032114763879126,1.5339255160321301,1.6268573675378912,1.5463161480570433,6.9500377587453155,-4.029963320834594,-4.119664861122645,3.99485831441137,-7.069171920085944,-1.5414309412678955,6.888257251010061,-2.498070432629783,-5.394983979942291,3.47050663489067,1.749382272169267,2.044379879055864,6.487549200065175,-8.014086190349456,-2.1772807584936085,-1.526372916388052,-5.756296136446127,-0.7057507819859207,6.922465567401099,-3.8036565520145817,-5.075166909236387,2.8785887336553353,1.7857776519697026,4.45199255188899,6.569938195339496,-6.453719458555906,0.5122395514673362,-1.5460730436512824,-3.037335218765594,-1.408405906023415,-1.8597418395883403,0.4595794291441361,0.5367503550321083,0.3265859035477578,2.0423760549971486,2.59628241388899,7.780699917474223,-4.593824855171219,4.160443246809732,-2.8790987643067605,-6.963711977200425,-2.653122870771727,2.3137184528367674,3.499872153904382,1.4047517723701681,-3.8014329274153673,2.1889031726331893,3.8167673837059177,6.780185230722976,-6.7072389434655415,3.8740163434754744,-2.619325100183899,-3.31080634506875,-0.8618228176172615,-1.14693044601916,-1.1784227719081406,-2.9916766963095798,1.7179411526171338,1.164413963662451,2.036680918901502,7.17978238909484,-5.583484932816344,10.375897023789413,-1.4819324032594978,-0.1770413996786482,0.09597904231188102,-0.9307482507135731,-1.9846112905326596,-9.665843595435858,1.073181818556317,1.4636396862959373,2.481515482363628,5.877855571963788,-4.10457376924681,7.775527485090422,-0.03759218870167906,-2.6794550657821774,-1.082493469525424,-4.567487973717563,-2.842874661777775,-3.7853478556408287,0.5362528549561866,1.5636120310540704,3.2440325689216722,4.974076304963136,-0.20697632275010874,10.380404059466631,-1.3608700979519475,-1.8903899049901585,-1.602857793439435,-3.1905506265677595,-0.4809587336298292,-2.456919226694097,1.847598409788368,1.9735008811032373,1.4600301563434022,4.787554272953456,-3.9950702869937813,4.535505603401499,-0.737688256046744,-2.755251186843713,-0.09219174848594025,-2.5771077815448584,0.24014175216221623,0.860417554179652,4.197375405898709,1.9003228251025857,2.9547207016036787,4.709321436620366,-3.6725080316766743,2.2522563445029147,-0.11570195864985629,-1.0659606760209526,4.1929100235662435,-3.211107258883222,-2.669738065701695,-1.7371679703479175,-1.1870555217898537,2.3804666161264296,2.012011390847305,4.6482024547327985,-0.39563244162322125,-2.609566840195377,-2.3109469490903853,-3.672045147876325,0.8932437373560375,0.6403651078059264,-0.6735126431656435,0.5202046699475045,2.559949375475725,2.5439915659468277,2.450874094686107,3.6960076514216884,0.3670111202291413,2.9144641024303293,-0.4303408313942878,1.4094210749314606,1.2030111456507315,2.698870540587495,4.3534121020838805,-1.5140746180445248,-5.094405721488991,2.1277877139250205,3.880374495259264,7.471197745637116,3.143779969706407,4.089184359778609,-3.44175497762775,-6.234924329148911,0.44814505026048745,5.061318103710839,1.5513319416077722,-3.7580047422378726,-2.389834243943815,1.8618863906412362,1.6851076380472814,2.8426175251634067,2.0484923494244582,2.8159220139955714,-0.17805602760025732,0.12012045762772311,1.2540324045169868,1.3982063855701474,-0.21955941925025954,-0.16094814407082303,-1.3915670207045738,1.7612987835337066,2.2171705038451424,2.891877619197048,2.4820196934270875,5.98613873699743,-1.7047871039190479,-4.053978101664071,0.07941574974904829,3.4704947728545457,-0.7613928107313606,-1.9031650730009855,-0.41231628771143597,1.5343776493410226,2.157956918509856,3.805214153798933,0.2501814280714286,1.2583348791920097,-0.37934068217227246,1.6519956918692724,1.0894566054247137,0.4168951920762529,-2.9716897403728355,-5.274667886806556,-0.9794521883106653,1.583095839284472,2.2643440784856357,4.214729930585226,0.9567506850337678,4.7460270352329275,0.31223859198888726,-0.9876833233056707,-1.1614505830856423,-1.3031874968897506,-0.8943286121678581,-0.21906199216268793,1.6965051465640673,1.5523364803467155,0.8579597271177594,3.328240223757461,0.9124521072025746,2.65157533819946,2.392158902489814,-0.2139464509441507,-0.8034046452347499,2.6527324752570425,5.498747847522116,0.8785420791082081,-1.0815075690863996,1.3234344626149606,1.8406226705768018,5.624034870336815,0.2836146030234718,-4.2698524991167615,-3.563750564567337,-4.268843728965223,-4.549481214101329,0.6388364903389443,1.1384490337006166,-2.8613317527144875,0.585718819657144,2.019946025371837,2.362714791144427,3.2026415997589917,1.3016442256895113,0.6463497920119633,-2.3853348214058623,1.125835505351549,0.2892600111508282,0.9090785817407216,-2.426827506865088,1.9317199854068443,4.495799689620509,1.4544626177777518,1.1342323035808501,3.9299785009519645,-0.6152048735637554,-0.5386171610926327,-1.4169871393485114,-4.179851525086444,-2.1013240120357883,-0.19662841129185185,-1.9900077321610086,-1.3346351838518613,0.6650833998545097,1.9137505736326952,1.5347646977173257,2.9152282961356697,2.7124988198553543,2.386155084723585,-0.006940950718011142,-1.8505111696870948,-2.0303689575436135,1.9900736358258782,1.7945843910027783,-3.3274242252615087,0.992042659556839,1.8057320611330117,0.7875585183933329,4.1583653595993075,1.0544235481085495,0.6776302998165709,2.0729986539143654,-0.5090976512060258,-1.2304663773942373,-3.258311243708589,4.706372611545064,-0.7626398266329724,-0.6933852438751761,1.6125892744508674,1.5199795144675419,4.110245439591665,0.2616391367558823,0.05271039691612606,-3.4719867617537785,-0.5157658876138745,-1.2317282104369147,1.722133033314897,0.7067190834973923,-4.378084364321673,-5.74374026024406,1.4820850713871585,2.2300717369250735,5.483861999667508,3.5960867001862256,1.4652199955228566,4.881340286623805,-2.8225913701656777,-5.1340927163085714,-1.7363247084277902,-5.549626915842744,-4.327726360192684,-2.355387505152331,1.3072520918736292,1.1123883298256845,4.641400749699387,-0.47102032719447623,0.16568609706989576,4.664089197063013,2.873042760810306,0.3118548245408741,-1.1732747246143325,5.112456122512588,-0.5927568748941046,-6.138487738571462,1.819288709872795,1.354089789305627,3.8390987254977236,-0.9708548044623883,3.862851845087391,8.959167023007423,2.4592199161841477,-5.847889048115279,0.07574636165776916,-2.444573838741333,-1.9340049179232008,-2.6339672035321593,1.8517041060320685,0.9972542452332147,0.8516525519734313,0.9187051238291414,2.2995532211953202,0.5796063609956609,1.6816172107175695,-1.5504708433065097,-2.1183313422983066,-1.5200321019613168,-2.8331849799891784,-2.983694919305804,1.8774664297357526,-1.6290212750497253,2.0944910631036846,0.13872419468407865,-3.8127608799770045,-0.5220077517183771,-0.06847133643513945,5.272081360759676,4.961510384301736,-4.006610214643626,1.5041581763074825,0.8965414962472904,1.5203880191689538,0.12669077475151228,2.8379033639862485,-0.33676004154346156,-4.584080657100923,-0.8973446860053753,0.4129431846038064,3.889965147118492,9.424511770983035,2.228397818612889,-4.1953216967312965,-0.47029756725145067,1.9509047985068022,0.41466143983571946,5.2456067528096995,-0.9718713262013772,-1.0218592729133238,2.1366644982881615,-0.12631396091079533,4.6246990183715235,4.107805918062991,-2.2309496652131835,-4.196496779429706,-0.3910493945404929,2.2817865844962237,-1.5328745030855953,2.983403468202491,-6.150952836881578,-8.277937106503424,-2.2005522664924864,-3.489546277463857,2.1589652452639223,3.919083029317909,1.712246392660372,3.568081184124193,2.9257002046879585,3.247924205991204,-1.7720200827732135,2.4424401846907537,-5.7017816144754665,-6.927679544781787,-2.3429340033737587,-4.706780425096722,0.8889023618985599,3.622948157601373,3.6352505930171524,3.754761609395062,3.748055205571577,2.8114746074218924,0.8923933208576239,0.1375828403230879,-5.595474934031092,-6.085806628980175,-6.3141201331248915,-1.3968988647788019,-0.007370673457930403,1.295546490285055,0.5232226528024304,-3.6635702621405026,4.109876269126324,1.86193093557268,0.8285868361227179,0.9383797272508347,-6.578741736041329,-4.9466210520405,-1.2455491671258012,-1.9961180947532207,-4.223205892330243,0.6778205607773437,0.602722082517564,3.8579322488479146,5.028440374737528,1.8991881798569283,0.26541248810878115,1.5101257422872854,3.4239138441124335,-3.8276168174001,-3.299545693224441,-2.1399309874359913,-8.979244491357731,-1.1876167353289935,-1.2580406743285981,-1.4458969826510042,5.255092018565288,2.1398404703576106,0.29210017873646954,2.8263193464782925,2.5278871039350013,0.16592586559993372,1.9851222620752338,-1.1880109250549027,-5.153815614873422,0.8411265023100414,4.7321850920430535,-0.7210927502293283,0.8526339104148364,2.1739304897297917,0.5356734972338135,2.155783506009432,-0.039885323255590334,-3.2315824228000025,-1.321387353353811,-1.6673175449858362,-7.352175110701809,-2.6217786524127282,1.8493817673554236,4.644103415008907,0.7213187747578591,2.1825393109458746,0.5055294141568636,5.096045023508933,1.5372270581658765,-3.6838490587478896,-5.558105364132664,-0.7277660763216715,1.7461669304813718,-2.316852784108354,0.5857147941256233,-0.7324211654054517,-1.314942705686616,2.5497991002603544,0.06373898975972452,2.7235011871415535,0.26489008808021774,-4.051668745058912,-0.9612897602274877,-0.3846189681208652,-1.9072181393801864,-4.415468083387699,1.074904655090364,4.0547588335590845,2.5939412470353425,2.957791443999382,-0.563684267682021,-0.8375315766611311,-1.5335633565319893,-7.733618177039227,-3.549547862926521,5.815546078500246,2.1927268128507045,-1.023074406062081,0.8586665297474871,5.896465364641291,4.333790030812461,3.0646926198423086,-3.39162055159178,-2.9056279661908504,-2.769917684203039,-6.173139946873886,-2.8638586752699817,8.333942370952068,0.7404421442244932,0.9376708151908936,-3.0320027455336094,5.323054908551875,0.8735000769092917,3.7467818103092125,-4.600443193012138,-5.034509792602157,1.2591079096112188,-3.304383988528433,-0.26895400802151437,6.45450533954403,0.919768632236664,-0.8728425761047863,-1.704830854084085,2.2916361666347402,-0.9672179530598691,3.345730514333822,-5.22996135429821,-2.8867830215048813,0.19435875520820925,-1.864826196055815,-7.402339906799301,4.091752096158299,1.7270185334417287,-2.135708827158425,-4.673070327032948,3.3687934928126944,0.06264738841489656,3.3342415643286794,-3.7889473181601994,-1.7559242622115385,-0.720862176225007,-5.47806361962484,-6.917244662006321,2.158495854345306,4.649521337895289,0.4156100017916883,-0.5972220873291914,3.797031440885353,4.381808673994918,3.163373206839343,-3.844822818665165,-4.115283509187742,-0.14339029902565967,-3.942093764515877,-1.4140781565516565,6.399832582835472,2.649823395528061,2.876989349733126,1.9843729340783334,0.8139331734036414,-0.9826843097797655,3.25252756816879,-3.8342599292122985,-2.34758302562972,0.9235420136763316,-1.5779844624612323,-3.847184640678394,8.612564740756781,2.965530922904891,1.6461267519618141,1.9634210717765785,1.1289867700384486,-0.5626786566013428,3.43956854290825,-1.0602937314862542,-2.2186565678214922,-0.24380831857381752,-0.03500225498867883,-2.396533711270177,6.305829586357364,1.0173283842528282,0.7561480875211607,-0.9322863783820556,-3.5422871180965165,2.9891071210081654,2.670224904096451,-1.4681617580166784,1.8540352636122504,4.752567867201297,0.2080838594505086,2.814049528275724,6.220656600685009,1.2141312493638983,2.1475760700694013,3.02925669844951,1.1006696489493502,7.0075705783856295,2.747327135233039,-0.44373243206271706,1.551057493098219,2.0043326688848544,1.6690412318501706,-2.1949297042906735,7.36222951449075,3.7330059157083086,6.315377003017479,1.7358373110094039,-1.181504447957293,1.265649632171527,2.2235316911794953,0.5876212166441424,-0.6762938885491623,-0.24755767247637422,2.5948613634360735,5.581853254997784,4.772756005394487,-0.1369650867432613,-0.001558488779987051,1.2428125052725665,4.180219527529891,4.4512999643232645,1.281661139315892,0.2643650514219614,0.9863939686725098,1.1181086674669376,2.1238928153820757,-1.118224044722757,0.2988986204011521,2.6103465831763346,-0.6000484769632715,5.413580440914205,3.4912382259040218,3.1287498799865077,1.1182153712854284,0.42242861495431505,1.8664223830219568,4.109312624110312,1.4205001788823275,4.130176241817544,-3.7413051538040683,6.652788111061854,0.9706536648425578,0.20711731339816852,-0.3904151276711749,-1.7742775110207027,0.08718725830904692,3.1095518904755752,1.188833308267076,2.241894603811,-0.6856348528719693,10.529442863527487,-7.474948924189985,1.0445973652247278,1.6984559495518052,4.386145478073476,-3.1739710432322252,0.3096946742795844,0.28689209677971456,4.016762375231402,-1.311957264912787,0.9795524233559623,-3.5005276639493683,11.015309026489522,-6.266260618539379,3.809687159550521,-5.758738715417171,1.7727514516679341,-1.9321356269551397,-3.8006948717908875,-0.3207342476013356,3.0100295431610973,-3.0222117259458585,-1.6718289989026822,-5.283829909619954,5.974030448452486,-8.454592252813663,3.0016290882551306,-1.460585483583241,1.6370397610441967,-0.6251228575430835,1.0016792288438983,-0.2574354093133461,4.6060319768881754,0.08016780481094858,1.6931927423383482,-6.360339571961118,3.474153776522547,-4.675620519689469,5.09230723363779,-1.4120869026528124,5.413088452283958,-0.8596777774777562,2.789565197230182,0.31590265963334974,4.286946178566221,-0.2160319585271308,2.271120125734809,-0.48376839270084376,3.154198396666844,-7.296383933569921,2.650626916327174,-2.67534067909831,0.5271016217729783,-2.555538997401508,1.5126026639599486,-0.14325807507956353,4.593306216634469,3.7952320498042473,3.047970049555519,-6.257494127401765,1.5968758209935505,0.013482985139359041,8.04841271960069,-2.52711516777859,-0.7714744636214795,-2.815010802439104,1.5486089203911093,-0.6847333168686286,4.281243803828086,1.4927570402545607,5.100605990628482,-1.5564384594047793,2.6927545696837556,-2.8772600163730457,1.2487112915502785,-6.337827226894153,-0.9382892365140045,-1.9306471081197325,5.487831451931444,-0.4520383574402188,4.443706572000998,2.63802663191074,3.26687335996379,-1.014677395781808,2.0752386526437094,-7.150990169106043,1.444483661152493,-2.768643844672576,1.419975499660028,-6.83432825775549,4.061996615632112,-0.6366804646690487,3.874838136749816,0.17385903184872223,-2.3498747806275215,-4.8860807977729905,0.2888972916583356,-3.920731297330467,3.910852750527979,-0.5108684681890087,-0.8978824330600927,-7.178691734012225,0.4181245502526295,-0.3962816988172897,3.883671737692735,0.10178128893353607,2.4906930583478446,1.077892866611429,2.8407453950914214,-4.033384421724302,-1.8710067505938481,-4.7854797403997456,0.5631608099605319,-2.463154814220285,0.7713276344680111,0.03891894375710628,4.081587515851179,0.8010351424779704,4.017790904169542,1.4520564627479318,6.46056267394684,-1.108601631034388,3.0441035378934465,-2.593814038803634,-1.5177378594883657,-6.26387421686588,4.188074195179244,0.7744290108799311,5.642182391023644,1.0522730576502963,2.4569019025051455,-0.43983293010260743,2.7611710629397,-6.455604351266545,-2.0933812525221476,2.22661576793123,1.4212907442935698,-4.334634162341644,0.037187643870107784,0.9973950791860664,4.207644000068736,0.6495843063583051,2.844623797502547,0.18710322136200716,1.0053460539241397,-9.012768275204204,-0.8316384853283484,-0.1984169520025191,3.4664811260047945,0.3454291080096314,1.3938358799511434,1.0025095336799452,1.744780608817249,1.1877143856531738,3.0948945502926803,1.4746440211514393,1.9265206311923504,-0.49968811735485275,-6.3174170192345125,1.1686417889128355,4.93994730179969,0.2064594253367064,4.908052163283621,1.4062123957740316,4.543308825225588,1.7642637815829214,2.3935129247581646,0.07840371772680774,1.4808324788293055,1.7437142332616389,-3.176253380986446,-3.0863622219867435,0.09107529348832338,-3.7451892010719736,2.105694144439349,1.3748853377425936,3.718882670610013,2.0677602688919805,0.6695771300443915,-2.4684786481441128,0.13884392128032536,5.379523831087687,1.5488392327311664,0.4695993250337519,-0.604944901459211,-1.6910360281604904,-2.9777866833824267,1.0220166998887992,0.8538725185244586,4.602876074827538,1.1575849696375948,0.31792506550723254,0.9662441421595516,-2.779775039708378,-0.6637904696882009,2.186668391689396,-2.5395678325811577,-4.245422106152688,-5.213572054552063,1.6960762460930472,2.6281898108052264,2.572418873766474,-3.0511971625636853,-1.7818943467666197,-0.5375067796727611,-1.9131820243153195,0.20250454875885004,3.4145148898189257,-4.031252189484834,2.3036898488348494,-4.630289946734617,2.192250899672013,1.6979964532851823,5.2827548167232194,-0.7459285020073468,-1.516630279887646,1.1702159541791166,-4.164738896489633,-0.40339427150029167,4.560616475262897,0.45730555731466954,-3.2548466534232037,-3.562569949400058,2.158862858513906,2.402782966972387,2.105971395246464,-2.800139733844321,-1.9317018277860651,-1.2745287192478456,-8.051132596178427,1.9826731610597221,-1.0404639035278032,-2.6855434864237693,1.680866395055255,0.4353315796976438,1.8020440865803815,0.4246653512056076,2.516699650963964,-2.779050107969222,-3.0051465120099046,0.09678903340103374,-0.5190184210323551,0.5739703190890736,-1.0389437773450478,-4.578398649309792,0.5777309560332,2.37081421210062,1.7419410185249278,1.207083853019799,1.9537136040261194,0.8728285674062939,-1.1767037297649052,-3.210855181134053,-2.9293931824804442,-1.7753733592520378,4.390954111895811,-1.2763259147290291,-4.314414123736806,-3.0149400845437135,1.6033465977860226,2.3611445365606194,1.7327809059277641,-1.824656606741798,1.9113589761124394,3.760203766243985,0.9460164304048001,-1.2628691637936909,1.675636284858068,2.1909080574869884,1.1538015816850413,-2.822162085255731,2.1879233790195554,3.8970193306451457,5.772623257357363,0.48690640767881355,3.2926149025469833,1.9754545858444092,-2.503896055838734,-2.6619271850070385,-0.5525827639094079,1.4406867561866412,3.061484733808394,0.1988402497956664,2.436162826596033,1.4215083721838884,4.825437869041087,2.252387167025418,3.9224707337390186,5.6077835061314,-1.1702865086969862,-1.5345230636148868,-2.055924561773645,0.9667947812464112,0.07657247516821605,0.1576495950574487,2.223740012148797,1.8350795054490432,3.079502175855355,1.2914114540749708,0.5697457930955399,-0.31732496190309756,0.4471171712996244,-1.5596246956292232,-2.0011236257901945,-1.7741468231928066,-0.27530467267396785,2.6018763787161707,1.9907411253489775,1.0669293233826642,2.9134743888215064,1.7425781865678134,2.289006195294585,1.1838472226248407,-3.61869352442146,-4.141135522542134,-0.3239276283016342,-0.1943513879343309,-2.274458012130967,-2.417741296371555,1.3750789511956052,0.5849617630382453,3.919802154978358,4.251899099209359,3.9657585102051276,5.928638182761299,-2.2774177985730906,-7.090931298720722,-1.652276541196622,1.6881459454189325,-0.9615576717193017,-2.129899663232962,2.005021675722415,0.6830687464561057,1.8890021110916533,0.535455444409699,0.6571500295415732,-0.7491912920637301,0.4818574388902309,-4.427581626463891,2.0723391927516066,3.2708582880355173,-3.211257481925815,-3.6185748394653245,1.9454114989107423,1.7942416385598194,2.9106236727482546,0.6150530942705095,1.13013241467026,1.3007102042003886,0.6319425403073218,1.6864277187032726,-4.0440535963288875,-5.247491418748082,-1.634912509931216,-4.537560566851543,2.2852363105485956,3.408100847205582,2.5582869348840385,1.957755644999779,0.7268380238877581,1.0289234231180635,-0.26610451314008604,2.1799605306712544,-0.6644358659587442,-6.381051964313337,-5.821355076758923,1.3074247247625057,1.8690474676085043,1.498286809053387,2.013490355713857,-0.269935030016335,1.5164810563405546,4.31617822162161,-0.6539613708784537,0.9795763919783566,1.227624289663628,-1.2510171507770236,-4.25589222751873,-3.41733331433579,2.2826278478388553,1.1248008964263942,2.2527618078671963,0.38806490238836955,0.878802179545106,7.658153717595736,0.8090348788749212,-0.28167138012631754,6.095156391417986,6.231290544915349,-0.20959000330260816,2.6107921046100393,3.221335826019252,0.5018971982830327,1.7614190243733723,-3.30917938456551,-6.380341410481265,-0.039319857199824296,2.481021727927502,-0.02026894723400833,0.10888541461096311,-1.0447229741874198,-1.3781750364679406,3.7664794047442376,2.6890136659870367,-2.247629662339514,-0.5230541315889455,-3.8918654511543656,-2.5453751276193546,4.3268400954348145,3.1625146816003658,3.2929631858435906,2.6362668663370474,-1.8302722998893919,0.04742246380940366,2.153633589388442,1.849518387548661,-3.204343214655032,-1.0751886108398458,-2.527035639778071,-1.6595120521754738,7.74608652655064,8.995879303118542,-0.485994837634646,0.1279786198787533,0.21824801080885226,-0.05038492977702301,-1.6313375007450857,1.4606037397697058,-3.772427820381405,0.48651494458604894,0.6634660613515496,-0.3745570837769436,6.128017868044836,6.432800055964464,-0.5984999944712639,-1.6457520942052364,-1.6251991290110968,3.0159610687816523,-1.5547870795442065,2.2986685141808887,-2.1843014478273526,1.707431453510567,0.8506395310851669,-6.277684440346793,0.8509765910967714,9.858367967185455,1.0359143528637305,-1.454451856508064,-1.5691020992624745,1.7733436212080798,-0.4459365032212301,2.9877895306664954,-3.151722717776002,1.3505063957435883,1.1435365751893534,-5.750133326064424,2.668841695033863,5.754261055572737,-1.9301572230604143,-3.296791582749578,-2.1846338466155957,1.2961770886240984,-1.7918486138224035,2.5386176647095597,-3.1071659290870897,0.38866861860518326,2.357428169564585,-7.575376731138008,-1.5763814392227866,-0.5073393472415565,-1.9957792239264571,-2.7603631414828924,-1.6174272356366428,4.037103549921583,-1.0374701022994386,2.4026805260822917,-3.706830942536419,-0.7541548712542142,3.2825265389227565,-5.401317358559697,0.1841233726537378,1.9557086663489809,-0.8923639465372853,-3.6603408852406316,-6.711355202578856,4.157892907712249,-0.9685098262796769,2.754408726311934,-3.0809523731909123,-0.7971481232758012,4.147157068577438,-5.054103796971245,-0.07739309506860761,4.215238550287186,1.7275076163300014,-6.752596153947753,-4.276972237104316,5.35505673672801,1.2184896389180555,2.129585616134106,-4.258702413648158,-0.48898742374901777,3.2512401275645177,-2.945581118320899,-1.2326030661677831,5.886250667207301,2.795362292052416,-8.05380326372173,-2.298243686913243,5.3283739637382865,2.4338873220052935,2.369360278700165,-3.7454191122861054,-0.5264770579724692,4.463978065731522,-1.4704676250744615,-0.8571759928973791,5.592666547355832,2.103593891894886,-8.99382597521729,-2.567359799704369,6.8404260486976805,1.3022153889327872,1.6185934655822372,-3.93319332424509,-0.7259002655126551,4.3515123114371175,-3.895209288158386,-4.435268473156446,7.490890618113966,1.9790793247572886,-1.8153490868011857,-4.446529899135068,4.6680225556116435,-3.2373693297411714,1.9754737621031135,-5.443039219521149,-1.2768049746666628,3.521425682237754,-5.839386105569192,-3.027307099406456,9.847441822360302,4.1805960843185055,-0.31493161144254606,-3.0649402260796417,6.953085179654138,3.0829114144433527,2.5527983803321166,-4.511200672133612,-1.6922402929683908,1.2635075094251391,-4.386533695337857,-0.948411840293959,10.496284515651109,2.313770505565283,-2.8884562858757654,-4.691221828667933,3.364774890392424,3.664648977596447,3.0111841611063497,-0.9192110537486082,1.8240020816907394,3.1095681719979784,1.185548863974822,-1.014594229339398,5.393020565139233,2.0389247861688835,0.911255858947033,-6.117177357151561,-3.9858905708395724,2.5732988488891517,2.8252236605401824,-1.252423574970796,2.5069002838541596,0.6593411974481233,0.16270934679156882,0.4342237766284434,3.6401253536748066,0.8980338377709134,1.173752618969292,-4.656460863251602,5.34911715730495,1.7229072042511526,2.4581044756093986,-0.39323161890525415,1.994943104881621,2.728731274126154,0.26608575946603136,0.6882932071570843,6.786635543197636,0.5200147462277755,-3.6263238999453904,-5.279058697745766,-1.038535964446629,-0.418527554708927,2.2450261474499884,0.7948676900001328,1.1845270192773492,1.095155372638517,0.21836153052428003,0.36397887142364904,3.528998847448331,-2.7489863259114635,-3.378004760832224,-4.2840345595884655,6.108856532165429,7.3500393563307735,1.990070471166117,1.6587164161326575,4.806568052449293,2.7383618847842595,0.36353432128300817,0.23245372367053974,5.383592471934538,4.4684738932767845,-1.5460626473130732,1.336180573192593,4.972478110603215,4.727749362970173,2.0331022592643393,1.2758314496181205,2.16402563857888,4.331033599665731,3.656484304527981,-1.9876830440144273,0.5101547220277299,1.2353815519907778,-3.3527763097376626,0.8819040405787527,0.8621777332106955,-0.28403297009614653,1.7726318308557896,0.24940889129033417,2.4812388526055416,1.6887799927733937,2.7035415385790555,2.5205352370507397,3.6914987853760217,-1.1078596045515772,-3.721961303486629,-4.642214550733467,1.4938244772633382,0.6239322136018562,1.4571792712703835,0.028356375382348333,2.069855100828304,5.121019696942024,5.8501184527794425,0.6648899131496676,6.765978735845347,-1.9605005016042867,0.27740337049531516,-2.829144777861456,1.123133686878635,0.5335032083345755,1.970246929298142,1.3742355364451475,4.979449214331865,-1.0619511853057153,-1.5128614250708619,4.420781453527825,3.036004990488014,3.3882356555629642,0.2649527721777342,-0.5673308337049243,0.6101183135923385,0.7593228274566566,1.7792284645639578,0.7913273358272936,3.7322236288529305,1.0328827527224136,0.33157973962334625,4.226982499006548,4.753184438149008,1.8618817646082337,0.42498882996967735,-1.5306500971926773,-2.4865636547827985,0.8201285681181119,1.5832854199704947,0.9222123530172937,4.829447946552707,0.3146547095261319,-0.5128713417783604,0.9244859031095426,2.5353695149873863,1.0550810193856552,2.1356132729207222,-2.472093871303306,-5.741269891640986,-3.1639426335508265,1.6186869494598624,0.9234429903063754,3.5195385309155776,-0.17294487631778263,0.6207604483783821,1.8652488058570569,-3.450854996472438,1.3255876492688052,-0.30480657285327994,4.115071799835087,-3.51185964385007,1.3900408751590279,1.8286668987322223,1.7678359235114636,2.2286903000102454,0.6059090239778141,-0.336208176023266,-2.0078988691930935,-2.6736759414349853,0.08627614804055951,4.043012788987678,-0.3663240896977042,-3.634904681606596,0.5849670472184735,1.7458444714269719,1.4531038209121923,2.469259290405736,0.1261606559463823,1.9782638694122197,1.3318719950546234,-3.6047900461318423,-3.943956026043777,2.207388449230388,1.8898348333724966,-5.7164395883675265,-4.112714236933311,1.144255049268805,-0.5245167006226512,-0.5276162424962666,-0.8274224849527264,4.84842071576432,4.163967597798278,-1.7004182167048671,-0.48939693078758634,-0.3628358820080893,1.1866298427901238,0.1864485355178279,-2.459467663349738,1.8173279704520628,1.6711709683769225,1.261705996279594,0.6270875942881176,1.7329815157047153,1.0238612714113078,-0.3213346371328028,-1.799100032451863,0.7126124300925103,-2.3301213376826624,-5.898452822270363,-0.3042340395914642,1.5082184433527281,1.219829373643575,3.8597820254988995,-0.8184451522442308,-1.0997493771236557,1.6735607089343185,-1.8583510621227652,-3.072403717761154,-2.919246224083876,2.7631041774181018,-1.9268061407718307,-1.8487719995292595,1.557785478486575,1.427835850567003,1.7954555612799754,-3.889945594270503,-1.5721330238894535,0.2270246277127421,0.3369986758977209,-2.0929018846816443,1.5539614873899326,-2.5237936007854866,-7.3629080512283105,-4.097440623103811,1.5809618048490228,1.2885511546936288,2.742417282108807,-4.312827354143199,-1.9807173224477175,0.17346675516905313,0.7984976772405648,2.161038675116791,6.814992569250934,-0.6397125944585575,-1.2059588222402915,3.929842685399432,1.7710735979949204,3.0746286694834493,3.0394758045968824,-9.375272348801712,-1.5581955867684754,-7.677801182307357,3.2479068565678095,4.719221479830637,5.900520265351328,0.41943071912727553,-0.569859224866726,-0.40931066523373905,1.8673144954651306,3.3835540249710023,0.4511460889844341,-9.800525489224228,1.5472792229501988,-5.072346792470246,1.3572787652281315,2.5160868478347487,2.756754703794367,-1.2515470353953173,-2.6146021025073938,-3.832678411840355,2.3874976260200995,3.9903103410155802,1.5582415392325928,-9.033552893739955,0.8067638912584432,-6.506055749414998,0.4750427935581359,3.0427023802246222,4.6289068327865,-6.066982798791531,-5.537462832199289,-4.1395844458121935,2.2795431477998553,4.593495987098998,1.058191523696618,-8.070571552987616,-0.15225888582611166,-2.1751187490093855,5.200424010413228,2.0206883865135556,-1.8192312249395548,-11.123404011930385,-2.9685943868354405,2.0155697044969587,1.9276102481195838,3.7409068017167804,3.1539931364827636,-7.044685135964927,1.6789998138154714,0.31057280528611614,9.07373730140295,-0.06399763783585626,-5.063624387281634,-3.6558902002901332,-1.2911980048541827,6.0761365923978,2.086255623323945,1.927055278761875,3.9094678069338373,-7.569074141319012,0.9359230915660818,0.33655182131709,7.1130358455861415,-0.3644961395972714,0.2784633237623533,-0.04161805010136905,4.275537256543933,6.121349008444989,2.200127174557838,3.6847636849840875,3.649545451649795,-10.893838706794417,5.534414425685205,-0.9472240759841513,5.93331307288535,1.5466720028132592,0.7728008374757407,6.474017698883973,5.794906191843142,6.597680348452836,2.449519518683133,3.5503437339975576,3.748726877768169,-12.245774010913532,6.012910797283176,-1.5281244975567307,-0.7555997741920126,-0.8547752956991211,-1.3090768295512347,8.345823756355381,11.960349115452047,8.615516750434011,2.8350692049494564,1.3627315874293866,4.855032179666142,-11.498926398283748,2.983591500265452,0.5237184392624357,-1.975852460044923,-0.4294316385023637,-3.2366060221124195,8.988175963455369,12.289174944018587,6.47754781678187,3.09201098933165,1.6509182211808844,6.450612958808227,-11.022773135287933,1.9886768257425878,-1.0320848519001171,-5.279653972364887,0.956543497594392,4.360042810580332,8.746589677679472,10.89677062549591,0.9275790507809083,3.029314337760677,1.4199912874860374,4.915201596846216,-9.5617164848018,2.959170602625408,1.3919713580580306,-2.048273810458825,2.354736011580071,0.8377213218340469,8.208893118450709,10.62500434527903,2.7531164284307557,,,,,,,,,,,,,,,,,,,,,,,,,,,,,,,,,,,,,,,,,,,,,,,,,,,,,,,,,,,,,,,,,,,,,,,,,,,,,,,,,,,,,,,,,,,,,,,,,,,,,,,,,,,,,,,,,,,,,,,,,,,,,,,,,,,,,,,,,,,,,,,,,,,,,,,,,,,,,,,,,,,,,,,,,,,,,,,,,,,,,,,,,,,,,,,,,,,,,,,,,,,,,,,,,,,,,,,,,,,,,,,,,,,,,,,,,,,,,,,,,,,,,,,,,,,,,,,,,,,,,,,,,,,,,,,,,,,,,,,,,,,,,,,,,,,,,,,,,,,,,,,,,,,,,,,,,,,,,,,,,,,,,,,,,,,,,,,,,,,,,,,,,,,,,,,,,,,,,,,,,,,,,,,,,,,,,,,,,,,,,,,,,,,,,,,,,,,,,,,,,,,,,,,,,,,,,,,,,,,,,,,,,,,,,,,,,,,,,,,,,,,,,,,,,,,,,,,,,,,,,,,,,,,,,,,,,,,,,,,,,,,,,,,,,,,,,,,,,,,,,,,,,,,,,,,,,,,,,,,,,,,,,,,,,,,,,,,,,,,,,,,,,,,,,,,,,,,,,,,,,,,,,,,,,,,,,,,,,,,,,,,,,,,,,,,,,,,,,,,,,,,,,,,,,,,,,,,,,,,,,,,,,,,,,,,,,,,,,,,,,,,,,,,,,,,,,,,,,,,,,,,,,,,,,,,,,,,,,,,,,,,,,,,,,,,,,,,,,,,,,,,,,,,,,,,,,,,,,,,,,,,,,,,,,,,,,,,,,,,,,,,,,,,,,,,,,,,,,,,,,,,,,,,,,,,,,,,,,,,,,,,,,,,,,,,,,,,,,,,,,,,,,,,,,,,,,,,,,,,,,,,,,,,,,,,,,,,,,,,,,,,,,,,,,,,,,,,,,,,,,,,,,,,,,,,,,,,,,,,,,,,,,,,,,,,,,,,,,,,,,,,,,,,,,,,,,,,,,,,,,,,,,,,,,,,,,,,,,,,,,,,,,,,,,,,,,,,,,,,,,,,,,,,,,,,,,,,,,,,,,,,,,,,,,,,,,,,,,,,,,,,,,,,,,,,,,,,,,,,,,,,,,,,,,,,,,,,,,,,,,,,,,,,,,,,,,,,,,,,,,,,,,,,,,,,,,,,,,,,,,,,,,,,,,,,,,,,,,,,,,,,,,,,,,,,,,,,,,,,,,,,,,,,,,,,,,,,,,,,,,,,,,,,,,,,,,,,,,,,,,,,,,,,,,,,,,,,,,,,,,,,,,,,,,,,,,,,,,,,,,,,,,,,,,,,,,,,,,,,,,,,,,,,,,,,,,,,,,,,,,,,,,,,,,,,,,,,,,,,,,,,,,,,,,,,,,,,,,,,,,,,,,,,,,,,,,,,,,,,,,,,,,,,,,,,,,,,,,,,,,,,,,,,,,,,,,,,,,,,,,,,,,,,,,,,,,,,,,,,,,,,,,,,,,,,,,,,,,,,,,,,,,,,,,,,,,,,,,,,,,,,,,,,,,,,,,,,,,,,,,,,,,,,,,,,,,,,,,,,,,,,,,,,,,,,,,,,,,,,,,,,,,,,,,,,,,,,,,,,,,,,,,,,,,,,,,,,,,,,,,,,,,,,,,,,,,,,,,,,,,,,,,,,,,,,,,,,,,,,,,,,,,,,,,,,,,,,,,,,,,,,,,,,,,,,,,,,,,,,,,,,,,,,,,,,,,,,,,,,,,,,,,,,,,,,,,,,,,,,,,,,,,,,,,,,,,,,,,,,,,,,,,,,,,,,,,,,,,,,,,,,,,,,,,,,,,,,,,,,,,,,,,,,,,,,,,,,,,,,,,,,,,,,,,,,,,,,,,,,,,,,,,,,,,,,,,,,,,,,,,,,,,,,,,,,,,,,,,,,,,,,,,,,,,,,,,,,,,,,,,,,,,,,,,,,,,,,,,,,,,,,,,,,,,,,,,,,,,,,,,,,,,,,,,,,,,,,,,,,,,,,,,,,,,,,,,,,,,,,,,,,,,,,,,,,,,,,,,,,,,,,,,,,,,,,,,,,,,,,,,,,,,,,,,,,,,,,,,,,,,,,,,,,,,,,,,,,,,,,,,,,,,,,,,,,,,,,,,,,,,,,,,,,,,,,,,,,,,,,,,,,,,,,,,,,,,,,,,,,,,,,,,,,,,,,,,,,,,,,,,,,,,,,,,,,,,,,,,,,,,,,,,,,,,,,,,,,,,,,,,,,,,,,,,,,,,,,,,,,,,,,,,,,,,,,,,,,,,,,,,,,,,,,,,,,,,,,,,,,,,,,,,,,,,,,,,,,,,,,,,,,,,,,,,,,,,,,,,,,,
20,2.0,2.249693980131674,0.1834791373090586,0.7408433920476201,0.3835577900527237,1.6098733684937399,-1.7367388401561301,-1.372197244208184,-4.93609528490585,-5.94761931844648,-3.8164658094799977,0.09580603904588987,-0.2277469439285561,2.120005678180401,-0.9052754176209487,2.0093614413771617,-1.848802634087875,2.8002990258065834,5.946454344249733,0.2941776097986862,-4.880656631267717,-0.1691609786171889,3.2021249332494146,2.554383769631214,0.09920134347339682,1.5929569943743689,0.9465784815945059,2.7870761373826785,-0.17648317004435163,1.0903704562744556,4.429946338286561,0.29275658229904705,-0.5267236105120482,-0.5169809784225764,-4.552468445296773,-2.364697297307128,3.1224235580919983,2.2095795554682214,2.3454601685150216,3.3458559279751268,0.38183040885568037,0.583540869193969,-1.5771324029123506,-0.47034448364206294,4.154548485928634,1.4652410609800175,-3.664413399274244,-2.452873022811602,2.7734419763856715,2.85112565807693,1.9567962621859774,2.447953460002336,-1.724490638423069,-3.733063067914339,0.15395208591402668,1.8772721160453154,1.6852837122972457,-4.354906285329359,-1.6258505928307398,-5.152060497226358,-1.955773036964152,2.599422245414634,0.9095421023142045,1.6465301336018328,-1.5550017361266328,0.8863932776244995,0.16381417275752905,0.7178758966129772,0.8352502715888269,-4.098656717100007,-2.4458328957745854,-3.8913300068452434,1.0564708889438315,1.9115514533280598,0.0512972824996654,2.9908716239583613,0.2880752180132027,0.4497173338511341,3.762327316493596,-2.085518133998594,-0.11449699698444309,-0.8063137765032722,-1.4168299312035932,-2.753392318102893,0.846285393248503,2.0374573548974855,1.8313179462131137,2.305584252793087,-1.0608475224759968,0.5144477664781444,0.28627374854869947,3.6939510088371557,-5.888557430268516,-7.057333248157448,-1.2442682391748272,-7.20910772244313,-2.1627892242454045,1.92801780181557,2.991277752127602,4.002085869012917,0.756728852141914,0.4144378682672975,-1.7494450565680142,0.10180804427921927,-0.7505586128301506,-5.947859203663,-4.890364679268087,0.9536996613222677,1.0698572799341228,2.035938463111706,1.956350143308798,3.520876315668464,1.1904092817922733,1.9562398376101242,-3.385748593288066,-1.9669132584923203,-3.9418394309824034,-2.615329559997495,2.4503913150797727,-0.7544500688894822,-4.16937198229152,2.1862157950143035,2.950020952369075,5.411776231918719,0.20644353276185937,0.19690644443034358,-0.4839334818009814,0.27638032395047374,0.3255884050765717,-2.4020731274370433,-2.4658829149875787,1.0648976845286446,-0.09150983368707961,2.1242349910867846,1.6634758437825434,-0.06827560142698672,-1.4807097474002757,6.009724994479642,2.483389431292937,-1.5793903616136122,2.6477133629789975,-2.3285150375122208,0.374501212258338,2.682787759097958,-4.6452784295625165,2.096297343238454,2.0263688690814714,3.8523336832304222,1.541982913691699,1.1835308480282312,-1.048730608070112,1.5547880413649646,1.8631713311505764,0.5305279725187335,1.9898785364911642,1.1923883990416189,-0.6114398951487178,2.0831886100302177,1.818656647713668,2.439574011057873,-3.7347636205291797,-1.0875333142009491,-0.9096167703229981,-0.28024744883615466,3.297222538931131,1.255339363283629,-1.5207318272805859,-2.2765045093871246,-3.000755436379325,1.9837751886160402,1.689632685746827,1.8425143193181224,-2.7050774568037594,-1.013525238577901,-4.812227162128295,-0.08048725290740662,1.8341208015881618,-1.2473655299571944,-1.6322262891374666,0.36646263030701554,-1.0173231321440406,2.1557984861529604,0.6898361572814341,2.699502571843043,0.3386794861209715,2.938245542891071,3.9448303985123894,-2.1627771455037887,-2.405304870402624,-0.28586151120713427,-1.9118317567821521,-4.3700004916805755,0.7656143344341813,1.6932228459662544,-0.03903642606536686,0.6523251499933623,0.34536743921436436,-0.9161584782457022,-1.5896348787290817,-3.0889026577780085,0.3562610595009551,-2.0224017626701007,-2.8246262146500483,-7.852368987021012,0.14702934754365432,1.8234536490085709,0.7418235611913906,2.1909766151136827,0.9184796151467927,3.4301425138222266,-1.7426465643292508,2.885893632948743,6.116823956624988,1.627317680205239,-1.9102723173369505,-3.24862575806352,-0.6674581485938814,1.9579373842326215,0.4039770534306894,1.5669856608875419,1.5689023172548742,5.846331741553099,0.5150835772027461,-1.1859457250600476,-0.5947935508549633,-1.260581609165638,-3.737896659440163,-2.196801049823697,-0.3338663711982187,1.8406923466467688,-0.16504500417046236,1.4500783751718709,0.3517317004837544,0.14548177511455762,-3.1366832799397546,-1.172685893641289,3.313608916978444,5.855337539747435,0.2984204719509648,-6.322575616784099,-1.8106673739613899,1.8145737130632709,0.017698513591525238,1.3113340344929154,0.8156418415354401,0.6453624026272838,-0.24836879104016213,6.359211794670598,5.1856280213357415,4.037955553367464,2.0725205340697177,0.8669798673904767,0.0032521987469705665,2.808494234478524,1.4654125820064503,0.9789449424576597,-1.1767026697984844,-1.21078902646017,-2.445093989554834,1.5885832405178681,3.0512764323299835,6.327085281097636,1.6129850736340212,-1.315294117742876,-1.07135831295514,2.614312401516242,1.3082450458262411,1.8164830218774566,0.90389417667154,-2.875491873293848,-3.6868709028193383,-0.9160540216113524,1.659984789969996,1.17184700021423,-0.8683613109121119,0.6335362378052971,-1.3646793655802765,2.376620164088638,0.26994794063933825,3.442727055752936,-3.030187564742178,0.13835347003983334,1.7428609817498966,0.43800960681853396,0.37257861037733603,1.2519318979946088,-3.463094676728258,-3.1798471083403745,-3.2062555327210256,2.475408552861462,0.5897561951538899,2.7042722431372415,3.179706692130507,1.8303431600275921,2.0173200448521054,-0.9211423486760013,-0.32119003595277923,-3.9952009863658873,1.0500275094959732,0.514051468796253,-0.8633433364528734,1.5602431194155684,0.6501531961790108,3.680000390336599,0.6738420259989779,3.048730386080326,-3.023104072425263,-5.6243338482586696,-3.127634673481467,-3.6198464372660304,-3.2433784321652874,-3.0266102689126155,-1.9106143083470135,1.9170024975137365,1.355361297196019,2.0449853034271945,-1.453795577335178,0.6535407480644713,-1.2537387709004177,-2.751579988581165,-3.41542742122933,-2.679044543784542,-6.268135658016242,-4.123296605053487,2.3768607621299678,1.600479817338311,1.504601811433446,3.2164540737529177,-1.422846810965836,-0.21941218324710118,-1.0607307986574703,2.311260900269446,0.40330997969722465,-0.8125621255288911,-4.148988741869389,-1.3867642987827653,2.681660524965847,1.9507083954032736,0.1984730456064679,3.528401602490875,0.36270618432684776,2.1340852714556915,-0.4625235049814347,-3.594979927604838,-3.0456050130383665,-2.8777182621059767,4.859970230115979,-0.7418683263266421,-2.2693695944170407,1.605981909055926,-0.4461081219882507,6.257329040550615,2.118937046462202,3.5576432839316223,6.867548342894114,1.2855987404539062,-2.0673070644683462,-5.67621893080945,0.805674936861994,-2.352155254162311,-0.993114481615879,1.6324796688157552,-0.8486149092987141,4.062798557340954,-0.38330162135570955,-1.3735832512142567,0.12460747058944117,-0.27063533338607526,1.9975346482299203,-0.41499617223577234,0.23178667720457602,-3.289288474139422,-0.7760586229984165,1.4854256666473267,0.009542842096423565,2.605242642420484,-0.33347274465239984,-1.9516757817014476,-0.9134347431262917,0.7459411037887939,1.5425877889880792,2.354428724174378,-6.015868485214002,-7.461018595267015,2.002487489546936,2.0471747953738744,-0.38764376886257174,2.320968150738775,2.1927219801840314,-2.263831866071195,-2.425506894162293,0.998373815920982,0.8781432729298472,1.5035039604734366,-1.5685815789554143,0.8920949878232992,2.6378462258291124,1.8608040405155766,-1.027695667605691,1.4191639354815624,-1.9064167817406277,-0.22247780780271917,-1.8840159126909337,-1.2924449992707654,-1.41131303326149,-0.3693325715774528,1.206971739054882,1.8115135883542923,-5.8515310731560355,1.2548438324615743,-0.7938111076042376,4.151683167759246,-0.23878355429348272,1.5145953502191518,0.09312853281380296,-0.45062197464288734,-1.3135238638922233,0.19222315798760925,-0.2892117453073185,0.9110467910076917,-0.9144289202640863,0.980646765569062,-0.5988292782366006,4.64680731429012,-0.11492101557119493,1.334960130865334,-1.8814701110391567,1.7065810010056197,3.5716263030882387,3.1183679451828534,4.115160038627745,-1.4273896932274837,-4.732995304398688,1.9286714298657563,1.0084361552990044,4.053585680108323,0.5271690954058107,1.1297535553384785,-0.5869121962341374,0.13111897167563927,1.925642160687644,1.689711171847082,-4.7054571733359065,-1.4889744649029264,-3.3890994032927435,1.8700156606072635,-0.6235247669838869,3.6619338067351523,0.45806475259846535,2.458204506152681,1.2519229773039484,1.5067673615300166,-3.7931221446331302,-4.188229123906119,-2.4804185960775236,0.26893990343833196,-1.0497790136099936,1.5350134040226469,0.5612223666732694,2.04848071198183,2.8147772176018706,2.728676436190746,2.4790169344173383,2.468314817331453,-0.7467759471810981,-2.940884782372425,0.7965787196885292,-1.570336260307806,-3.2618350502681976,2.012854284331139,1.0762448912672924,3.2033093058612523,-0.2949856496638146,-1.1868407709259008,-0.22699456170132198,3.0969703915054865,-0.2282744224293295,1.1326440317442554,-3.489344559805761,-0.9945395743612292,-0.3117848267989706,2.421218506398028,0.9779492713831444,1.3714262844505962,-3.115845538818377,-1.5485477999092636,1.4596729637022534,1.7071847431942189,1.8144020627951625,1.149570538980762,-1.7547818409939164,-0.030682376031322622,3.377142447606663,2.331707349721437,0.9023938139214839,1.3214566634108151,-4.524260856910001,0.8606725211854341,3.4347587522017977,1.1043157155126404,3.0328966131218715,-1.4418265620009612,3.997900099747944,-3.1906478073789732,-5.265080828271281,1.925105481981714,0.6878557145528209,-0.4060825489506799,-4.482933216916369,0.6314724653068406,3.0332916208030363,2.196324790476354,3.582380530441141,6.504953302447188,-1.062693469869926,1.7431086427892932,-1.1012559418075252,1.9075631663396433,0.3788684145090804,1.9714264794437895,-0.9138496965199718,-2.3250032735183095,-2.628883543171134,-2.808528418753765,4.8560614282240335,6.023651263944696,2.873899698339368,-4.050157225217533,-2.2996761058726287,2.0286691202739466,0.3507846400637114,0.3926665926497447,-2.81326135981392,-0.6436787053377573,-0.8661915607578792,1.4894312268355874,6.0880895572409175,4.6403208644030345,1.1447161877669767,-1.2135683095355931,-2.0513539644087633,1.983470991830833,2.1496779949434823,2.4552604115825116,-1.2098930632498202,-6.196182073806428,-2.0790194814180922,-0.1843180123160227,-1.2369954269647918,-0.7870507655370286,-3.333565877754858,-0.6232217459398779,-2.604383420907799,2.3001335173997264,2.451167774610368,1.977743999565741,-0.07448086970836058,0.3380131756071289,6.107613535682671,2.4636044483731636,-1.4656073685945161,-4.8049193888308475,-4.447317505884299,-0.8009947356772463,-1.4753459874789918,2.0850394334637556,-0.6846141611397122,3.2721197498199412,0.041655354742825015,2.3717163973651467,0.8061205249584485,0.3374557814352889,-1.6273015564669986,-3.151968519746692,-1.0318470102667188,2.036846718840033,-0.9977594582840013,1.574103104927012,0.06180203751066732,2.958612168750674,3.3016265004510776,5.459630196589516,-0.5172472576943894,-3.8319161141241147,-4.092738999906488,-4.005694915136243,-5.6483380533638545,-3.980781405496535,-2.2786801107515124,2.2387504665946723,0.8131291224808956,3.071476179567494,-2.246748314101432,-0.3327879958242927,2.03948789657675,4.590802373829386,-1.6876615009571094,-3.9644181817492505,2.3361882911056577,0.16335905042209553,1.7651483893988094,2.324061137738138,1.5987895605666311,4.197141805904843,0.5219037606410669,-2.228454010100916,-5.527511123607477,-0.05624823310593791,7.47648281172899,1.6993575434952228,-2.75388904241404,-3.8298623123444364,-0.6701127436525471,2.4062848789397466,2.163509146893039,3.8884886254139626,-0.8845693348839091,-2.507939726846081,-0.46662733850438487,3.2307851576573285,4.025099754224479,-0.32015127728162146,1.7553392405055321,-1.09026861050024,-3.4367701844381626,2.105060531088765,2.038813835250192,1.1701554709887334,-0.7304428944044401,0.3628853895761588,2.7988883808587808,0.6790024169787061,-0.03968738260982149,3.084793477250547,-1.5654939244263157,-0.0036675961312178803,-1.2092282453966536,1.3513383190453305,1.503465620572864,2.468969246226885,-3.022603600233696,0.12377061360035281,-1.3018560380863509,-1.2358598094980917,-3.4835806353198437,0.043404017174796077,-3.7200118312012864,-0.8209224472751876,-0.8395963308229302,1.8746325768495833,1.011924569135318,-0.29057025065384773,0.394929512845109,-2.254217101269667,-0.7078320278142073,0.08860652228156951,-3.434867953082696,-1.4888724207229995,0.570145234427927,-4.6841198627046134,-2.921810083186737,2.426957370441954,1.6386862264029753,5.234460170094318,-1.0691893781982074,-0.4408648391326793,-3.1460260477808277,0.6192126094145269,-1.8419030483595624,-0.0007086338006047746,0.9243283878197575,-1.3963872783087001,-0.5848561015652467,1.833120453797701,0.012251176571854105,0.8543075270672718,2.5955345901845486,0.9801489736249693,-2.0401398013932934,2.3457510533448582,-1.8519146133695592,2.2903305578319575,2.948444489188551,1.9064201813969615,-3.1278454689905892,2.4600624910624096,0.8249719783319579,1.4983289357632315,-0.3081775819901179,-1.2225161155521826,-1.4251519850800431,-0.07939094275505346,-2.056954489242379,-2.0393477206614805,-0.3535385734021236,-0.6247460240672107,1.3179909110758634,2.643393232554181,1.6994743002653652,0.29740537479343543,1.1043723639824452,-0.3864626692898004,-0.9485079234150087,5.237110085611586,-1.4534014930372157,5.144923459968687,2.447911590871049,2.0690528429704798,0.7619371712606366,1.9817355581062555,2.3582402570519188,1.9524067007671206,0.3156292548934009,1.1047727312150324,1.3514295037895583,0.5745252688335548,3.8961321341370927,2.2438191369442104,-2.9909851119916744,-2.583677087794903,-0.4229240012598954,1.673744365625073,1.5956401075937676,3.3459040158768816,2.540209654044971,3.811896257898132,2.3811095631497383,3.462915485718938,-1.5386660835768777,-1.1194469724866252,-1.5961734950163118,-0.28028335591857934,5.689231475656787,1.771907864500227,0.5531345081165469,2.3610659605261652,1.4752839082583162,4.097791387700149,-0.5002024101208536,1.6927185662313264,4.235515410983058,-0.25579175558148176,-1.316469712090487,-2.4729208929858824,-0.71823017561646,1.9892329893313823,1.5185532031945588,2.8192443876639524,0.6025855394300126,0.5821983480944379,-1.0310599756386944,-2.1302868685802996,0.3856502761278319,-2.7957565562954425,-0.8576883553556177,2.803350768356625,-2.043709199949811,1.6877345957288725,1.7315995258743346,3.221392770246794,-0.7653992664971968,-1.8719239062555921,2.1873381912480934,2.0243187772867817,3.606749654404364,1.6703636349867328,2.6748667372582484,-0.44828686215921926,-0.24633955790746753,0.7494075132820404,-0.20830886318601205,0.3569625573660045,-1.485464086509875,1.8262054698820251,4.291728667399392,6.136278698563932,2.147954280153792,1.8215779771734497,3.434588354808169,0.37623868297670304,0.0500477409821115,2.1039781414008236,1.3114326275595702,3.750993578531839,3.611433026008765,1.7371452725377723,-2.2659574922379084,-3.181392577204915,-4.463381360144828,0.2828633787535703,-1.27517151916681,1.5709031474415003,2.4561842012533726,2.307357923845523,0.05139452704391643,2.6913627461632985,1.81756483932281,-0.16237036378789427,-2.783980998229972,-0.38200581521455046,-2.462391644787663,-1.1345077711111278,-0.591149526238488,-3.020835849702592,-2.226272731350548,1.7086921819059937,0.3221250776893157,3.2930930413079555,-0.36363860095196726,-1.2634981867656707,-3.873202155583033,2.208209602994453,-1.2558999269108024,-1.7580020749343004,-1.552182252302195,-1.2363281725843323,-3.6938544934937596,2.2197816226016243,0.3651257324981838,1.9711843896771266,-3.79183224752051,-3.59453265957065,1.2915634791065551,5.710346669846594,-0.3660257753230451,-1.2550428679498564,1.1604141633873193,-0.4838196069528861,-2.1548555525239212,2.6105118448379585,3.063730966267742,2.9293344552223757,0.2844376419503421,-1.2361684474366048,2.246284133951758,0.07929807325185756,-4.401347487935987,2.450804537901487,2.521613286638875,0.27471049087716676,-2.0302389592463053,1.861680695650517,0.4262425379391953,2.3831538172855353,0.7679141666825793,-0.9643566142270779,-0.0194327845183189,-0.11461219052731556,-4.507987729074264,-5.14631971760067,-0.23258914255328547,1.4008699598109866,-1.2184630735347748,2.045198989806775,-1.0035426739398021,0.5703467054946822,0.8058525242471026,-1.0795374069434873,0.17123442633051977,1.2813576150275845,-3.0591144440422524,0.08795451764934349,2.5722838854652474,0.7495220695234717,-0.2278970425034971,2.191722108533588,0.6936280495959853,3.527294084674689,-1.341318339472735,-3.0801033459147034,1.700014154190335,2.5092133172912625,-0.9057466299166109,-0.13007533618359537,-0.6664793860971604,0.5107867078332624,-0.036601994298551266,1.8458582274467785,2.0478834336741643,3.8360889115196213,-2.1933685819951148,1.2592777660983765,5.639084707072919,-4.379357458744644,-2.2995914049503337,-3.2909294200565817,-7.2517089875238945,-4.619065085471218,4.259045808393017,1.6492956282882387,1.676673556735411,4.51576915056297,4.476273978507525,1.9415129406945821,-1.4094256730428036,0.12494674139031123,-2.292067601855663,0.47757595815715465,-1.5063527778263728,-0.0390971362514588,0.20749863767400073,1.904026087208852,1.037931231562305,3.7848829923361573,-0.39744011941286067,2.5155426595302384,3.482357524744235,-1.3331853135148632,-2.634138897525017,-1.3095279160258027,0.17365981802531077,0.8044694665597119,2.498605943953633,1.903370297320738,0.8873048047146119,3.553309620305273,2.187040743926656,1.0262343592212881,-2.451315959038102,1.1606734437878972,-1.1366508148904932,2.1052771406139392,6.036915481974049,0.03839046369626825,-0.3968706554686535,1.5971189111009996,0.13030671817529407,1.7979653359822447,0.5364731013233622,4.434670622236561,2.2527976788130415,-0.489198352313456,1.2157317592642307,0.7004891143163816,1.2132348155701198,-1.41168947828193,-3.443269095978117,2.23543230138191,2.1620808972344436,2.791333118409395,2.717730526457672,2.2729324752534312,0.2088665290719177,-2.389291282705307,-1.9976419661585523,-0.05240237137474932,-0.7547239414100856,5.187791780217582,-0.057454336403607115,1.920753256806824,1.3843501922511476,1.492869520038022,1.0293856560468675,3.3310687489617186,-0.02153386858649168,-3.748197866735447,-3.323491146330152,-0.9743938786375115,0.9077357539122648,-0.44187417146208113,0.3300906796996254,1.6590458592877946,1.103000504508855,4.346692493393908,3.7001108652301817,2.587012604958466,0.2435051932532433,-2.6359276714820603,-0.2890646873975964,0.9221355984541924,-1.7578878551680859,1.6983701278594672,3.9674367804189306,1.8711010822017402,-0.11915370653468176,2.1306643367374076,-0.009726908632158204,2.2078273464437905,-0.7265612034577497,0.7774163388976867,-5.713990437892923,0.44846474030219896,-0.8375614628939909,-0.521348082137866,-1.8894308851772674,2.087595615152018,1.2601707712200845,1.5847868894384776,-1.6860207518442245,-3.757174214129207,1.1004255428962708,0.7093039649424316,-0.7529588472755844,-2.767022829695643,-1.205767777109932,-0.3262136294105874,-3.190490985219989,2.1454238051039383,1.5486149977448413,1.4257365740827415,0.1948958255023552,2.9298738434098914,-0.581322935715996,0.2976050431899474,-0.007708198616472645,0.8391531236738743,-0.16343242010984455,-1.5908228537379485,0.4774901383044978,1.8128652742116536,0.45881598962030934,4.128383654262248,-0.2416315651314299,-0.996949554744915,-1.7023049527035838,-5.165664829050089,-2.9709631092644124,3.3501939196954607,-1.562733914512018,-1.8285590920205963,-3.98291160495233,2.028988994401523,1.8775148280554625,3.493435693031159,-2.114447479403367,-1.7448580591955298,0.847036649534085,0.440945702979455,1.991352301972209,-3.659570858800593,-3.509001514368408,0.6696812389480017,-2.21802527131847,1.4442419321838365,1.1420246704111754,4.781422604905369,-1.401807817809586,-1.6779194300464626,-2.513970391373859,3.6446011964109535,1.6950191912428154,-5.777133209387778,-1.5168724873714305,0.6179265056944816,0.8417768625809798,2.4943944036922043,2.845960298160737,1.952902418932538,-2.368294194540463,-3.2321157829154976,-3.0600209914707657,3.7457535671918962,0.11888157542847105,-5.3021527965436075,-0.26446284077974885,0.35838453066331805,0.6099523219898978,2.3633639698240603,1.702556716866285,3.2060503860661274,0.8782141870814869,1.7791570742178302,-0.032255534837373555,-2.040492906520017,-1.6371587163387817,-4.291302290203126,-6.101049295699247,-3.0766625135392993,2.356041091478484,2.15596380952573,1.2898080306115298,3.0483520743095656,-1.0380635027813303,-1.416908149596081,-1.3193718227814641,0.23611995491882448,-0.7580926135080875,-2.9392019617790535,-3.315893428781908,-2.7184346001871,-2.677498952602434,2.365098813106039,1.693742841375149,2.588657164235031,0.9276837195424752,-1.8326725096824008,-5.237624019209521,-1.7264988159659376,1.1568253011526037,-1.3955583074167361,-5.702496129279525,-2.570140457343866,1.848620140006715,2.407877501078552,0.5071831610053411,3.643370293143973,3.05820570333781,4.433797870193965,0.4368149322487665,-0.1481662806906632,1.403431264084328,-2.1115565344814744,-2.1336915222059285,-3.4284278799392776,1.8915205520019258,2.190082121893709,0.9131713944785266,2.7896015967977243,1.7291025811316179,0.3832272779333608,1.6449839930478436,1.393350483008215,5.936976282760433,0.3095620755678825,-2.1230864159152487,-1.0259492305599796,1.8661574994443413,1.8758579123482286,1.1537847632411624,3.173312040855532,2.088438580352478,2.878977852887454,-3.241261557976396,-1.7412255075151544,0.5975204131750662,0.6280078298143461,0.5007264123864642,0.06319416397463723,-0.4517095410303946,2.0062061607503088,1.9200533431083588,4.473567073916608,0.9009150853071776,0.693901915891718,-0.636822597409281,-0.3725012368642075,0.9843326728033204,3.4686639625980593,0.46079576523030397,2.8475033945130197,4.293441563002187,2.3047197278292697,1.1242791675625465,4.305097732973214,0.5871000964591071,-0.33313230120998594,-4.918839263000532,-2.2937025329985916,-1.9148821065474018,0.5467235554085602,-2.0395358134742554,-1.6349595927851517,-2.765723377159618,2.3869834715745215,1.2333544836727455,2.6741963153637585,1.2377064881479398,0.08698531039411651,-2.275738134472982,-5.105385218313242,2.0031839153911855,7.721897357308066,-2.661316994764854,-2.790519146824088,1.1680975785235348,2.6883274896774805,1.0747411680306813,2.341065766794167,-0.8049668968036409,1.5477457119739313,0.42279780717562465,0.11302975221119138,1.7166240534038124,-2.7552292382627757,1.7728776810385214,2.3440525687438645,-0.580949355095754,1.9534558619972249,2.358304044278356,3.103048049890684,-0.02800623748771842,1.778943102776282,1.3647820084771374,-2.2664108149308126,1.7039344095578979,5.012122746231214,0.19143528027960488,3.012754282983799,0.7329684066184146,1.5169631022938606,0.7151123120577567,3.6536866132180217,0.6688119846841778,-1.3208742579588213,6.542964078667678,5.800755433605195,0.8980031778377856,0.881771639601227,-4.171492838633158,-0.6928562364817691,1.2435263062877402,1.4866340101349138,1.2952054972638047,2.68675813614642,-1.3687066229181992,-0.4157878777377749,2.544780505645148,3.50004766743033,-5.003977937728756,-1.469273008733566,1.0903593878393305,3.0431162803560476,2.829555337280241,1.8850104754421857,2.1883207874019135,2.4697430598103285,-0.5415918903251198,1.2767504618029406,0.3932904036105753,3.854967433182904,4.724009949393445,4.322018613464166,4.424970431611537,1.2734047086568572,-4.254308839758793,1.7806868477108755,1.188565245974753,3.1135517031888433,-0.13821269096809374,0.7801145605975015,0.6232020441262706,-0.987844632409143,-2.543802465323281,-0.14718310243603858,-3.788074116525015,1.3718905515110789,-3.21020853574998,2.564247349944051,1.0765345422368746,2.2235046914992527,0.7492236788974672,-0.20617786386778034,0.06908046025046041,-2.7913548087307576,-3.6127987696211603,0.07080591704422061,-5.1542518507923445,-3.2609313841562177,-2.3652062027630225,2.10843030505115,1.3378955868221771,2.819123396378452,-2.390486771749268,-2.0259955447400673,-3.8276393171482663,-1.3754741576614748,-2.045288636796111,-3.870252922457147,-1.859024461963733,-0.9022916894223114,-3.7440113639726906,2.207891801346868,1.0427276435319275,2.8029172752810947,2.5948311372951,0.794984390707161,2.159892162946148,-0.3235975628553795,-4.814259952204157,-3.6817869310194444,-5.00154254764959,-0.30800576088843445,-0.6312344934033198,2.766180830824725,3.1590675975431157,3.551073030265586,-0.912960726926509,4.814893790389796,1.705765844713392,-1.2954355398676014,0.6244806645317622,-0.3089390796734464,-5.936016509908395,-6.68320177661238,1.6511283850243306,1.801457299173249,2.5088846138209937,3.723224405983739,-1.093252774226169,-0.6883505654451422,-2.6402295658302357,-0.8349489494784121,6.1131054181186935,2.3362443339285446,-3.1005683066189555,-4.488449648675146,1.2446474063142297,1.7835857975892468,0.6637265280840479,3.3721781689985564,1.9011159219583658,1.8875728344442513,0.3919933057753393,-2.294343373592076,2.425014443443317,-3.7325044442375175,-5.253792511256656,1.6104533783304882,2.6068074415412075,2.2246681806104,0.23902631636340715,1.361890054260912,2.2064612031690465,0.5455713627103473,1.574649356202282,-3.5393656466749426,2.3041494163841407,-0.2085947325327122,-5.053575808327226,0.48581967716521196,-4.323731591922381,1.8171669475107532,0.5573671327091866,4.934255501418186,1.6929391408640935,-1.6614346178383244,0.34554978606430564,-2.9847892331878167,-0.8809293254405642,1.1869962674546806,1.784005149970001,0.5390092858510322,2.073504506806482,1.617932319844627,1.4463314167685264,1.4927796198656742,-1.3936296785787197,-0.06708519040927967,-1.8938940568527327,2.3821029784262735,2.477869477676582,-3.883596966786456,-7.23910206537527,-3.290727398335979,0.8751701908611556,1.7879164893296304,0.3965950129477521,3.6080776419781806,-1.706925187549159,-2.7020172648206673,-1.8289361801112056,-2.169656770206957,-3.1260205392660856,0.41337551412823453,-0.4463284182374524,0.28697959204794266,1.2677952054345754,1.6658931771397942,-0.5870704784320544,2.9409758074650743,-0.955617032570196,1.7459303472918903,3.153533714784983,0.6344076350258085,2.257503161968808,-0.16311911075105395,-3.9898646844144645,-3.182467140142368,2.8482747761025933,1.8681820357503522,0.9614803420939246,-0.04346379434815512,0.9798257318756517,0.4083458099793849,0.6237652520811655,5.4241964728950425,-0.19732223755049683,0.18704399166603808,-1.23891740997417,-1.4035765991227074,-1.363986073644314,1.3656737471319191,0.30316116707357516,2.0116744091713,-0.26141914362849766,1.8358217739678528,3.39408558512142,-0.7815829674932283,-3.076568638694532,-0.3522170554178417,-2.7470037089811443,4.510473671026321,2.3796426513171673,2.2905596894528277,2.993280427044073,2.75598445118323,-3.383095316948405,1.7149104328846099,0.06091526912753303,1.6914782212237478,1.6896320363706727,0.12479243591491096,-4.293012444028517,-0.9343917613870687,1.9454079217985694,2.014927281396147,2.0306089823867124,2.8379105080065963,-0.18240678066986465,3.1814615723999227,-0.5233432548883743,-4.53535614749447,-1.4023598239227237,2.5398421938004767,-5.0685002310623934,-3.6257470532965703,0.5341988683810303,1.6011125210041108,0.8624244395549479,4.238252670924594,0.48883176592623434,2.370652779610917,2.4317552719979196,-2.0480897665677102,-2.069548818180925,-0.27151318956030984,-0.5941471719469966,-2.107534294212539,-2.777623305402461,2.3715999751571086,2.0914936421457675,-0.9743580236250848,0.5051939056624272,3.0475227474119495,1.0475107526971201,-3.4474455156745876,1.3650769558452625,3.2850980825735974,-2.0721412942980693,0.42501807662874086,-1.8399518497647245,1.7005897313299694,1.3074226007137524,4.743848600968422,3.096304335670864,2.6016367440640886,-2.7424459452401573,-3.0017440752871942,2.877283530187664,-0.1552680567745679,-4.0403376376549645,0.5256995363326507,0.4038748615890341,2.008850808795233,0.43847441628837913,1.4038444090639999,1.679351647606121,1.670357976897771,-0.09334223750706154,-1.2639217009758401,-0.5398280579608107,-1.0561318003569375,-0.5305685565690395,-2.312477758965023,1.7972076499878251,1.92007753135374,0.06789419776793247,1.256202901666854,-0.3495380813247227,-0.0918157478497247,-6.412722033186109,-2.8317585603726347,0.8375507383642371,0.1966200239778533,-3.7149074744719512,-1.2705531204438854,4.084760828738488,1.6535879821185235,0.569306926021506,1.8215479376018386,-2.5623118086040546,0.0007132981858805721,1.1639409720932674,-0.7143282536152261,-0.2977019227929576,-0.00898206117365485,5.282477469507075,-1.1225317466204916,2.599667460146024,1.9922494961535189,1.382881915737644,2.5334398407899013,-1.5385434738747472,1.9754804063377371,-0.216054173640871,-1.0062912768833108,2.974429020262953,1.6397625845163264,-2.772856416772885,-1.7812955852860382,3.3730527052977832,2.1826653586833524,1.1119026962003142,1.5879764903240994,0.9812458404670724,-0.06047520012802083,-2.919273281061894,0.5670012229454737,0.6024700081779665,0.4307299213180588,-4.703887811915402,-4.935939249199977,0.9862273931367992,2.1971964277693425,0.9550292405765192,1.8226722115759522,0.378508094736724,1.3147200281841247,0.7552250607788524,-2.7189718386104906,-3.661393622084133,0.6162206059089632,-5.305445296638519,0.9971610072347906,0.2563565787667065,2.280645462955547,1.4581816503485392,-0.17960312437616188,-2.2051924360750528,2.2664562679042257,-0.1583234898964156,-1.0840048445994905,1.5591272348703602,2.154973415164268,-4.8764605231705325,-0.2561097128400236,0.7369406974315105,1.972785061652752,2.1500555423317933,4.3304666402007035,2.622843267817798,-4.610563348022479,-1.731571421358877,-0.6014831553348083,-5.782610757882645,1.593271681437903,2.1728233518990105,-0.12737857777417153,-3.258110027062045,1.4559414012952785,-0.32850712444264124,0.31060828272701335,-1.4058586089636234,-2.3560357366372657,-2.3700811934485326,-1.9368584583872936,-0.9510864540868009,1.670612570012772,-4.203343487008727,-1.6438866776100192,-1.9060219074999432,1.4728284926592412,0.8957168782392162,2.6239512829329517,-3.465317127656358,-0.9416413600828514,0.27144402528774336,1.9506893483998755,-0.4581768367737747,-2.637945117331763,-1.1907973364646647,-1.313644776541763,0.6515513399376821,2.458245240445837,3.3659663027940274,-0.3114696170877412,-2.5822734695838756,-3.099605041145473,-2.1496441027138418,6.090072096348211,0.23380753362592163,-3.846057770891893,-5.378494777544053,1.4265753491431148,0.6031639435990743,1.6795048165228101,0.8436126606010645,2.640001575249885,-1.355620167941574,-1.7280075292914077,-1.7221874801068602,1.1201208774947033,3.9024443263000417,1.45363983085531,0.8222607818405943,-1.1960017459034114,2.0660594035484516,1.6868131228233019,1.4764069697557736,2.3544302473982137,0.29547835659134203,1.040439502695283,-0.9245726045459862,-2.238220097330278,-1.2733578657620128,0.09589151307738154,-0.4397432231763103,0.31839890765494333,-0.5806557079820551,1.9541748262955656,1.1246132029042,3.313960927973003,1.416200088762629,0.24291588662871527,-3.626082185235911,-2.883280340994905,2.0778135438670793,1.0596258766671038,2.9061973595079826,1.5481455311031278,-2.1394925029488947,2.8034591460921123,0.46423702956261453,1.427553332313367,0.6019923430475702,0.38711877356393104,0.7342142927894565,-1.295824862093003,-1.3310401256425735,-0.6858801813348064,-4.976873941466677,-5.2562257521806215,-3.7103464902079493,2.069219407725918,2.5347335503299018,4.069624130909416,1.2909062205650672,-0.9588721165561794,-2.262739734009995,-0.3494106535869651,0.054004515623183424,-0.24629775817015048,-1.8522199463023572,-1.844579434276763,-1.6245475854388252,2.0133346375349896,0.887999550578689,3.9949967158334556,0.5407375885426595,1.0908735239641592,0.2705956300014442,-0.5120701083751691,-5.346679235278607,-3.410365863780376,-5.009095988942128,-4.469861481546935,2.0752517847195056,2.1098171536121417,0.6236740041270998,3.049214957132893,-0.7282894762072343,-0.02665982996063836,-2.6942453186838557,-2.4389976372973567,-0.9910836398212632,4.062079933533502,2.2930329029098986,-1.345929804840378,-1.9880846715374751,2.4848396933690595,0.9056112522352233,2.8304957622369877,-0.2888849804800812,1.5840768382598025,-1.8109434456327824,-0.6293538451875941,0.8419161240667308,-2.270489225616308,-2.4205130483362414,1.2763292345929353,-2.458592478605638,1.7632020985888863,1.7225594097505057,3.4963870173223675,-2.7102561937008183,1.9881316232830721,3.1497154656059236,2.256814299225558,-2.8455573026726033,-1.2557659266768146,0.835701580091664,-0.9031904033931683,-1.047179992285908,1.7958915224111986,0.9910443095112444,2.320063717757741,-0.3405942995321852,-2.1466911664581096,-2.1349386408090347,-1.0830711415210739,-4.147259972905585,-4.647559890173996,-0.5613474334857036,3.1106738310584205,-0.6803534681684205,2.314688869342248,1.2821485170322162,2.220857589174887,-1.2122407291322035,0.21906259704545325,1.0793691530907363,-0.17008628205362314,-2.6202001485474518,-2.4257632629562687,-2.225445956037839,4.217141842716884,0.5859453136368301,2.332852984852122,0.8107315226929288,2.585452480533448,-1.0225402110373234,1.5313827655375853,-1.3124535964343234,-0.24756021975620315,-0.007763905234821072,0.7193234999034658,-0.004400287859132291,1.1544514381914412,0.9467804110918614,1.6012210529855995,2.901839707999055,6.552787152863302,-0.3129890341585716,-2.133481913185375,-4.71308181474432,0.3322260940351075,-2.3159120387757706,-2.430550837642894,-0.563715804970361,-0.4492566649485686,-1.621182951771509,2.2486309648453346,0.4243199982872084,1.5848360177276228,-0.6616900454428266,2.5046315733708675,1.953141508707697,-1.5150551274038109,-2.317144240517771,-3.3147067963681485,-3.364975768691327,-2.38774842366736,1.0449616503641268,2.1318831406029712,1.1017490076330059,2.769858285644378,-2.268226636610186,-1.4087776542016643,-0.8796859301199538,-0.4025034107536164,1.9780720302169856,-3.450165317425859,-5.80661834409237,-2.021909227975046,1.2077988810506528,2.2675533273017106,0.5641942685556417,0.03140323232385494,-0.6662168872313752,0.5678266999872175,1.5277287252567668,-1.9118460662369545,4.7230195761366645,2.893517373319261,-1.9028082587748896,2.2605339549937473,0.9164716034002649,1.6872106456296423,1.5491563192228088,3.0590576201100124,-2.285218964456587,-1.641629067712979,-3.9954788161559005,-2.1255775064063456,3.390935273666265,-0.012422102496325015,-7.419149917484857,5.38939097232731,6.262070046645814,1.4200599731687735,1.6712655843306936,1.9034803195010443,-1.23740926913039,-2.5152973683323685,-2.0224450063737245,0.6345834707282767,3.257002258883811,1.633122240244073,-6.380878038432304,2.7457696546715122,1.9704624433515376,2.005853537953066,1.0613159644374714,3.4453274852784572,-0.808511752673582,0.6627845268275994,-2.288419108616507,-3.8389337408446296,-1.0522613396618459,1.6596027113444327,-5.903822115839646,-0.4000382352100275,2.8445772138705614,2.1959197515566165,1.4300758406915457,4.023729874694101,0.8341056358222505,0.10885895712150098,-2.0836193609768547,-4.437085164150928,0.25621513502964044,-2.5730937587264493,-4.665862632654713,-1.1865550072041247,2.971892910108733,2.0077274218300922,0.7328190458831176,1.4548086178312867,1.5124290672975835,2.3095293310226825,-1.2973811250415175,-0.4301456359395634,0.4303639846786491,-5.3050205501506165,-9.309080373665418,-0.6663021877725271,0.42415682957633927,1.9384204138156802,0.10618480165724722,1.4326642039701885,0.44082313339107015,2.029154049615285,0.004599143157697086,-1.1683239890423678,0.5083413146384471,-3.675629937603028,-3.647186561623961,-5.437852680813573,1.0700695824784587,1.9534556111641879,0.7164637242100269,4.332058217631536,0.14253657612917225,0.12835555988492978,-0.6804213565250318,3.335670737629223,0.2520842848991952,1.7916292930879787,-1.515638883311751,-0.1667072381206707,-0.6416629692556672,1.8689220825215307,1.4309882744595974,5.339235486426387,2.9459259998877534,-3.1923722731902715,-5.18170977474862,-3.1082540730416426,0.1493913882035771,4.941836545878869,-0.5304891706791569,-2.459824101064818,-2.2565068981789405,1.0945352163177327,0.08088023144133573,2.2515031642043892,0.664382863470327,-0.37557889078484286,-0.768998277730379,3.7561999400326687,-3.9325165087809677,-1.590406565776843,-1.1189339767080304,-0.6351133498470083,-1.491276466562164,1.641217640103765,0.5162946900637623,1.541943517097761,0.3117623326670285,1.4370052862251934,-4.150943423928059,-5.345177442938195,-0.7701888870928227,2.29190185794787,-1.6154850792555886,1.215187216433119,-0.7621721139966099,1.9214007947920175,2.042353139450706,2.1402044279166703,0.19934834641450688,-1.076469720343908,-2.525368247483899,0.06749041544970344,-1.7556709459834696,2.2361221498648707,6.543054278654919,-2.9704433042473957,-2.8328833878413673,1.463540255411982,1.4738902415039135,4.239169504051279,0.7899314455416852,-0.6950423609186813,-1.9517658556236541,-2.8486722925227714,-0.23126275887075182,-0.955494958116454,-5.561806080715599,-3.574286356588546,2.307373300365395,1.5260665060414107,3.6123490957311377,6.118535695803664,-1.746340451368098,-1.1315966775773092,-0.0952288786336738,-2.1069059976130338,-1.87631691369425,5.289845347966795,-0.4963923505390347,-5.138696360965759,4.36037817457871,2.0690825215441375,3.24054933256878,5.716272876235291,-3.2947391456911608,-4.675052436731222,-1.7103843632215392,-3.4126001579198992,-4.160701912281297,4.053317174510661,3.7544103766415735,-5.059105331650022,5.320588750399237,1.4102691961001113,3.846505217840606,6.023952689398057,-3.0526020576880035,-2.8377586338479217,-0.10506273831605709,-2.6571389801127174,-3.116264425357154,1.8084748337397734,4.8534866258730425,-4.681990150600248,3.9948032313725035,0.9425317389123586,2.5440356366918033,7.400293424695567,-3.1477489837197794,2.883744251674141,1.5097162606887529,-2.6999902465533987,-0.517366317254878,0.8393583086886254,1.0663370679837136,-5.035602497887709,9.173949240603601,1.6502246326749417,2.949558338576527,4.744609953891945,-5.089470580565916,1.4969129140697113,-0.6162893014854107,-8.519696681291862,-1.7366384054441713,1.758184726855002,0.29992026653257875,-6.234415357285525,2.406023625990271,1.9243781010661551,2.554567250086129,3.4824408394942963,1.2717844081551735,2.7116366853781093,-2.8142694611338386,-2.7060363652691817,-0.8727399116459609,-0.45589262496665883,-1.3783667973652292,-0.7948735471420132,4.970049591904018,1.8960330506253573,4.447895351499876,4.19044542313274,-1.092336185246528,2.448959586949868,0.7476089737962995,-0.2221825947457434,-0.8939209714925591,-2.0595677361571036,0.8783467258838157,-2.1713666458966348,0.9018192276165872,0.4570244663005924,0.4939565007020633,3.4667620654608005,0.07107782681554678,0.1123236858473643,-1.3221470767982704,-4.179736195933495,1.3658151097440931,1.7099524599531244,-2.26345075826758,-0.41252457945594967,0.6960413823565625,1.3399526837260056,2.0725464835435026,6.4764231532128065,0.7620720722351911,-0.3694625422669814,-3.2812130374568595,-3.741631334283908,2.4205959682842932,2.211912533364281,-4.05658598668332,-2.952870380089698,-1.7723895542671668,1.6729977451202216,1.873674700857987,6.027586582703636,-0.9484880788507251,2.5140135709254134,0.3650396026269141,-2.6982243904446066,-4.426368687434689,-3.166895640622506,-1.1075260556545712,-0.2217526214039756,2.1757190187206277,1.566385693675772,1.2488399553578646,3.160769861057151,2.297645993566697,2.986231466263515,-1.937330436371326,-3.478751116352437,1.127829752091408,-2.137156019051745,-1.956881180280511,3.1419093635931437,-0.04191925498482973,2.4401357398922614,1.2529057930707375,4.827684336551302,0.7131921711881899,-0.6225953774666537,-0.07735727695894482,-3.6733852045224804,-4.5984671732040265,-3.010635036213841,2.4981468938000106,-1.308624823456033,-1.3908296584042144,2.1643638314485165,-0.35283307815121123,1.8804596716204343,1.907508302925277,-1.3294647034076632,-1.9361735200575438,-3.0525384385268155,0.12566098348297405,-0.6910853731793766,1.2735401480263153,-0.29912012868197274,-1.3958424976712502,1.5304365873319787,-4.430524749872419,4.048370710411498,8.526761194947042,1.367491557259282,-1.2034151918808034,4.380412039932106,5.150994304767231,0.40485350301026135,6.617545612291385,-1.2579343425619078,-2.554482560088215,1.7258427558305487,-2.191219828722129,2.2279699913497537,8.004938304257612,-0.14209273701417605,-4.879983851853536,-1.8447296126027717,1.303402312206882,0.476537879740232,5.1872794240424875,1.2966421334688096,-2.0958838575485714,2.1182971580704724,-2.0970810126863175,3.05461612502384,5.063517366592347,-4.9619764783131775,-4.072642071095258,5.6216115576375145,6.189271242095608,-3.4919925028223036,-0.39168850925328813,-2.911403556171417,-2.7836648412843825,1.891970613546169,-0.9944068991577946,2.819848197487019,6.438776410850911,0.6095810923731333,-5.451605127892164,-0.9928568908510439,0.1300509315869864,-3.6174269409112867,-0.6664763508208892,-0.8895371916012228,1.8343697031938504,2.1846396905812275,-1.0202052615423047,1.8100497186517976,5.433586266354791,-0.9650375797405899,-3.0849646195810982,-0.25853996312745825,-6.493450114903053,-0.9436468579786346,1.0242129963645434,1.2897368748276976,1.894266288697421,2.179579556056499,0.22033888904608995,3.3549600576182796,5.2904431674431045,-2.364292446326024,-8.331183223020028,2.061297167589031,3.3252192624337487,5.399540376727654,3.4805894101835397,-1.0649898934673616,0.07614759389992802,3.054930729996042,0.43431729043741996,-2.652021291692068,2.5556810681994486,3.103578361673319,-7.21678445038133,-2.036442194170628,1.9713811345022567,-0.9230471734331991,4.077063688537782,-0.17712020792595007,4.118741658326857,2.555369627432484,-0.04465547017989378,-4.579344924657377,1.3016623656474466,2.6632299435839655,-8.58233167318733,0.037145981880570444,3.4259444062350117,1.5695835900384598,5.091040647861588,-5.103888901954038,2.637625155264721,2.427911198505228,0.045902486298497,-6.2490293026005395,2.4166573131377365,5.099422800739016,-6.423360243997761,-2.5883510824580482,3.588670396857848,10.922447201308165,10.724666539121172,-3.4987062828634468,-1.53435459850202,3.016925270390991,0.23174854800285385,-7.836326722744976,0.04517905719387491,8.241654431272142,-9.366875889707119,-5.323641169312419,-0.6399148404786679,5.396466251683459,7.647475791844774,-0.4380063583221652,4.114856293903417,2.7065307493314377,-0.37890444260604544,-7.0636489834455825,0.6579799485658469,2.6905155407376653,-6.4860322320734065,1.9901201239558854,1.6507105003707745,8.356036276964053,6.549701938689162,1.8854397105846954,8.291123228698435,3.0744597194706684,-1.2247518877326955,-7.84479077203331,-0.35175052801536066,4.107514785726746,-7.161483960004523,-2.6425427743224263,0.07060096017238349,7.89136670039402,6.813903620939588,3.6900609934531468,4.698603180084448,3.8798972409683614,-1.015190743983381,-6.166421651399473,0.8766403771481817,2.0725148263481654,-7.56084684045451,-3.8164928214688767,-1.7250460246473707,6.929097659551569,4.927112625951922,-0.17550362580020967,4.482629172072417,3.7286740101921545,0.5684545255825508,-4.166152533844409,0.46562369429983574,3.276809372681664,-10.12134324766163,-4.401402882892828,-1.3350297857472366,4.150970874114523,4.958445039244828,2.384089897215725,-1.427817901312432,3.0507908615006993,0.10258499365627795,-5.97923677854431,2.1372142231553903,1.2368336623109568,-8.763000827560152,-4.853836867480729,2.120667612755386,6.945111962930755,5.232091456704051,5.429057035395146,4.761442241390201,3.221347152112505,0.3663833712520316,-4.490360644889599,4.4959487289110704,4.276633646495721,-9.291502126413404,-4.704414879808987,4.2073892236560075,2.627046559662097,0.6490288863021141,3.5462447503761423,4.255430782016054,3.318172427175336,0.6293820409826522,-3.8134369909882575,7.4511985350727405,0.8537221873227653,-5.040598117205946,0.30321919918770296,2.1182791689801483,1.0689122375831122,-2.1174941790439807,-0.19628300232170798,6.0870725439207,2.6043346264459792,1.0270047275945984,-2.1182755388669756,8.176484597913674,2.702060184132152,-4.373287296129776,-5.488546833822178,3.7980886224845576,-3.569427498788691,0.44949102808088337,2.1793101463566535,6.24781877451526,2.042992890783864,0.3188339789643889,-2.767197006090122,8.395907390979525,5.048683335968607,0.7135462159504731,-2.036162990899029,3.481916524540678,0.15098598979190336,-5.5139136642622555,-5.308293071347961,1.04672633856135,2.135335814335384,1.6772689489298158,-0.09943514461701505,4.891719577935876,0.6193217349136432,-5.420584398995405,-11.24014528538421,-1.2174586869005037,-1.327261557050886,1.1987836027143093,-0.937872343405104,3.4697576794987435,1.8120385558436523,1.5885168205804734,0.46725142580107937,0.7888806114113932,-5.164296793067373,-1.1015842670291134,-4.630488343527374,-0.993201698046989,0.4159946512374551,0.42761108800810227,-3.393399734275615,1.053191225237253,1.4717351324656127,2.9335942499901275,0.39323570548644265,3.3032479738622627,-1.1530020377900179,-3.3256659309401773,2.149150615044209,6.868203874637843,-2.4948245110785923,-0.25636682398926947,-0.08610540056564861,-0.2976324121345099,1.2013843526055343,3.5467146516915533,-0.7359099064986652,2.046570337935839,-2.392594538534464,3.467984794788513,4.4316166790289095,5.624165148239338,-4.447960478940104,-0.15045677910153304,-5.230327049261424,1.8260914273437712,1.4343782807216956,1.641718831874372,-3.0309833782690587,3.9987116179237856,-0.9482872498816456,4.8382302294306045,1.860980394093209,4.996673284690027,-0.9820027669405771,-1.8231442727033997,-3.972814767560535,-0.499156079830107,1.1196919085420718,1.8420827678555678,-2.7545203660279967,2.7426222354946597,2.5767718805192503,4.815818091761769,0.5778860512383247,4.635022171496265,-2.165812478925325,2.302692915485425,-4.145226069160373,-1.812464708752584,1.6424087858233367,0.9475367535929229,-1.071919153582091,4.57423543487438,1.5869353347176298,1.4579858712801672,-1.1530630427940847,1.1343137080259744,-2.8200437369080515,-1.957247196900666,-5.836766772905213,-2.057947034948682,1.4057399245255313,1.7266772619538262,2.6522531486446486,1.1178127685987125,1.6542134642476942,-2.114007970744722,-4.4988329868875425,2.391004050502187,1.3107362171988677,-0.693571022441848,-1.2843400888566463,2.4112489847090868,1.5012280000469655,0.7670727178438066,1.9564023273236977,3.6213279173816706,1.8653796736112738,-2.0909895737937196,-3.8160164427350844,-1.2233085378730657,2.004915191702857,4.3680886521868425,-0.36777458490362186,2.7147685071991257,2.0583432805253654,2.770018869717343,0.8244286072789141,-1.0087591912104654,1.2853176224326608,4.097382577478613,-1.6245333864534885,-0.8294307285588086,0.5777844941256014,0.9175028829901023,-1.9075140065151601,0.9401812495596216,2.0355765086222104,2.1496519449995115,3.8314429575854976,1.2418712702573775,0.13402510712578164,-0.6542452449629772,-0.47641119241467983,-2.0719259285987146,0.3778339147712364,1.2574123218441169,-3.476019480919709,-3.5425699678680926,2.849668701007049,1.9634185660043724,-0.3361477474962986,1.0701515923406235,0.300299354725436,-2.1334592572896325,-8.561757912766414,0.9147217972050753,2.776016158282431,0.8321294199671037,1.1403197292942628,-2.488239619460523,2.922478388582935,0.7774742134764743,-4.301795402410843,0.5294433764461545,1.5913020201310806,-5.982899928731069,-8.727055727199511,-7.133990930061286,4.202760977614546,2.894683847448676,-2.0930360456980193,-0.4475922348312951,3.0806555537466482,0.20485636924817094,-5.652151751464948,2.4500602267247045,-0.4381774085369543,-11.25370897741157,-7.313822042869194,-3.638728898749098,4.7007332285116155,2.380283708109655,-4.483277009875539,1.6428197314801776,2.5117834815665963,-1.1222706859035756,-3.3839917126712296,1.4285365774678245,-1.560959272496578,-15.429671059466763,-2.0173634038850596,3.1885136838298465,2.3825375368768897,2.5033819847437475,-3.8190696700126354,1.4977450985283145,2.096192477313565,-0.8587058804649493,-2.2443411348033395,0.21919726147972204,-3.1295907078789647,-11.1038868637816,2.474151590792359,3.6638436389295808,3.5171886907926737,3.189030346352825,-6.226162019553118,3.495992507116715,1.590029640239756,-0.1907751734619463,-1.827049612437196,-2.3394152296764767,-2.3567516441410525,-3.3667320038862374,3.37706018493049,0.9573250883881035,5.641717094470811,7.620520739545496,-4.268809064317579,1.4146823034719183,1.5138813816648697,-0.09658307502549597,0.1711930986466651,-3.9121971360669523,-2.2766694019205556,0.30162169872838784,5.278270499783938,-1.7030758194799842,4.3488025068894265,6.150406845573459,-4.675979832723471,3.8262894409828276,0.9252173584551248,-0.11389196422956668,2.0251485933333706,-3.497378433523905,-0.9392296078753041,6.1138290558932145,4.274146040663624,-0.3877105495591259,4.352621504475838,3.8599099427190278,-4.665890491303803,4.65428810133651,0.819501527885937,2.4836596406257665,3.453813399570779,-4.340086040912452,-2.70644865100343,-2.8092469506416635,-0.9709310225688945,-0.44972850916354634,-1.0157898933582579,2.401655341643444,-5.6517131085778125,1.7654411820085678,0.7334750178653516,3.0499189401781726,3.8380668638603828,-3.566917619102305,-1.3148449829433457,-0.8429421140345016,-0.9622862182026345,-0.4809333138013585,-4.45922006395171,0.262427402588615,-2.4996313397995555,1.0184041506368766,0.3883684189439525,3.0635037399785743,3.9292802816698935,-2.1623826451935795,2.901124127159804,-1.8008980051635215,-4.382854816371779,-1.788292114515457,-5.534024400188075,-2.1983127789356502,-2.8663495494503937,1.354931135333732,0.5669627117960183,3.653270077648063,5.229380442454798,-0.6755353222293298,0.20462621239283812,-5.339114291175247,-5.788575781627722,-1.1881009015981276,-5.842121481813689,-1.4322782338393631,-2.4058942002680928,1.2843289240940616,1.0838040565902207,5.650806698855348,4.746351274523308,-0.9134787959417174,2.332704341268997,-4.692156724431602,-4.792696673228711,-1.1770938701917455,-5.157583592661057,-4.984843045341646,-4.623004167543581,0.22365068540746158,1.0000670746381255,4.355284750721402,6.0239931354292615,-1.3258812801477244,1.258401487860768,-1.2326996015142153,-1.3544502652087835,-5.3660951660424345,-8.273583106756766,-2.2014480998013837,-4.2292878799033655,-4.896608798829646,0.8625842740318471,4.221241758524112,4.110932536793432,-1.0926164605503612,-0.5825011097719454,-0.9429811119183006,0.9372028671312399,-1.525268947981977,-3.7633988339094238,2.0594578115523077,-1.9583118315692123,-2.8858314946834476,0.3874115028748736,6.797575317393331,3.7129463913392176,-1.9720347755194223,2.3654249288262315,-3.7590590376054203,-5.040074148914823,-1.0866735749469785,-11.411601535063143,0.24055869683946246,-1.2212700313243459,-5.519557653954344,1.5345093751230565,4.295749364775711,3.3566407970995935,-1.6418829280524319,1.711365102569704,-1.3027077916961436,-0.4447810565947106,-1.6526970911477656,-7.243880948216154,1.2430997130880124,-3.2399071020775474,-4.7926225449807935,0.6563467674375258,6.064201310720964,4.777099657000046,-3.118958890901981,2.7204030170875417,-4.495678660987894,-6.005770073507074,1.4991260233439214,-2.000145971726611,2.1291650768582935,0.848305721495726,-4.552675819301715,0.9071347317852039,2.145250994287055,1.7531176284749541,-2.136263313102958,3.895884691020492,1.6906368866516066,0.2125486343466442,4.254944096017078,-3.359413536136651,-0.9706642978793844,0.08347830263959505,-2.6966764553602065,0.3550483740139074,3.888179351393614,3.2426028521150903,-2.4390185749033417,-2.130171954724839,-3.4147937014082004,-3.306176768265861,0.701592309118251,-8.91306943986155,2.017108207857548,-0.1308733602609717,0.8418994522393134,1.2056364276193803,4.257163042649047,4.249609629234472,-3.525191970211143,-1.766369554796057,-9.026355012881146,-4.895228073025662,-1.6010631223151153,-3.58582523822162,3.5456653350846983,0.22628367153722004,2.3613523520816955,0.4412672221493149,3.5246255089567136,1.253356578678439,-0.041860007023845854,-1.2979168617478187,-3.9898081828184413,-1.5011863270162566,2.8832385408471297,-3.3485998063316647,5.200085230818283,-1.796082317121081,1.6701225508765813,0.09658374620879384,3.3770462828005905,0.666411409250898,0.32346438693667706,1.262530431637602,-5.740597050281623,-2.2120458578868445,7.385270505910715,-0.4537510378513453,0.18254374967627804,-3.2675697190966906,4.673304123592402,,,,,,,,,,,,,,,,,,,,,,,,,,,,,,,,,,,,,,,,,,,,,,,,,,,,,,,,,,,,,,,,,,,,,,,,,,,,,,,,,,,,,,,,,,,,,,,,,,,,,,,,,,,,,,,,,,,,,,,,,,,,,,,,,,,,,,,,,,,,,,,,,,,,,,,,,,,,,,,,,,,,,,,,,,,,,,,,,,,,,,,,,,,,,,,,,,,,,,,,,,,,,,,,,,,,,,,,,,,,,,,,,,,,,,,,,,,,,,,,,,,,,,,,,,,,,,,,,,,,,,,,,,,,,,,,,,,,,,,,,,,,,,,,,,,,,,,,,,,,,,,,,,,,,,,,,,,,,,,,,,,,,,,,,,,,,,,,,,,,,,,,,,,,,,,,,,,,,,,,,,,,,,,,,,,,,,,,,,,,,,,,,,,,,,,,,,,,,,,,,,,,,,,,,,,,,,,,,,,,,,,,,,,,,,,,,,,,,,,,,,,,,,,,,,,,,,,,,,,,,,,,,,,,,,,,,,,,,,,,,,,,,,,,,,,,,,,,,,,,,,,,,,,,,,,,,,,,,,,,,,,,,,,,,,,,,,,,,,,,,,,,,,,,,,,,,,,,,,,,,,,,,,,,,,,,,,,,,,,,,,,,,,,,,,,,,,,,,,,,,,,,,,,,,,,,,,,,,,,,,,,,,,,,,,,,,,,,,,,,,,,,,,,,,,,,,,,,,,,,,,,,,,,,,,,,,,,,,,,,,,,,,,,,,,,,,,,,,,,,,,,,,,,,,,,,,,,,,,,,,,,,,,,,,,,,,,,,,,,,,,,,,,,,,,,,,,,,,,,,,,,,,,,,,,,,,,,,,,,,,,,,,,,,,,,,,,,,,,,,,,,,,,,,,,,,,,,,,,,,,,,,,,,,,,,,,,,,,,,,,,,,,,,,,,,,,,,,,,,,,,,,,,,,,,,,,,,,,,,,,,,,,,,,,,,,,,,,,,,,,,,,,,,,,,,,,,,,,,,,,,,,,,,,,,,,,,,,,,,,,,,,,,,,,,,,,,,,,,,,,,,,,,,,,,,,,,,,,,,,,,,,,,,,,,,,,,,,,,,,,,,,,,,,,,,,,,,,,,,,,,,,,,,,,,,,,,,,,,,,,,,,,,,,,,,,,,,,,,,,,,,,,,,,,,,,,,,,,,,,,,,,,,,,,,,,,,,,,,,,,,,,,,,,,,,,,,,,,,,,,,,,,,,,,,,,,,,,,,,,,,,,,,,,,,,,,,,,,,,,,,,,,,,,,,,,,,,,,,,,,,,,,,,,,,,,,,,,,,,,,,,,,,,,,,,,,,,,,,,,,,,,,,,,,,,,,,,,,,,,,,,,,,,,,,,,,,,,,,,,,,,,,,,,,,,,,,,,,,,,,,,,,,,,,,,,,,,,,,,,,,,,,,,,,,,,,,,,,,,,,,,,,,,,,,,,,,,,,,,,,,,,,,,,,,,,,,,,,,,,,,,,,,,,,,,,,,,,,,,,,,,,,,,,,,,,,,,,,,,,,,,,,,,,,,,,,,,,,,,,,,,,,,,,,,,,,,,,,,,,,,,,,,,,,,,,,,,,,,,,,,,,,,,,,,,,,,,,,,,,,,,,,,,,,,,,,,,,,,,,,,,,,,,,,,,,,,,,,,,,,,,,,,,,,,,,,,,,,,,,,,,,,,,,,,,,,,,,,,,,,,,,,,,,,,,,,,,,,,,,,,,,,,,,,,,,,,,,,,,,,,,,,,,,,,,,,,,,,,,,,,,,,,,,,,,,,,,,,,,,,,,,,,,,,,,,,,,,,,,,,,,,,,,,,,,,,,,,,,,,,,,,,,,,,,,,,,,,,,,,,,,,,,,,,,,,,,,,,,,,,,,,,,,,,,,,,,,,,,,,,,,,,,,,,,,,,,,,,,,,,,,,,,,,,,,,,,,,,,,,,,,,,,,,,,,,,,,,,,,,,,,,,,,,,,,,,,,,,,,,,,,,,,,,,,,,,,,,,,,,,,,,,,,,,,,,,,,,,,,,,,,,,,,,,,,,,,,,,,,,,,,,,,,,,,,,,,,,,,,,,,,,,,,,,,,,,,,,,,,,,,,,,,,,,,,,,,,,,,,,,,,,,,,,,,,,,,,,,,,,,,,,,,,,,,,,,,,,,,,,,,,,,,,,,,,,,,,,,,,,,,,,,,,,,,,,,,,,,,,,,,,,,,,,,,,,,,,,,,,,,,,,,,,,,,,,,,,,,,,,,,,,,,,,,,,,,,,,,,,,,,,,,,,,,,,,,,,,,,,,,,,,,,,,,,,,,,,,,,,,,,,,,,,,,,,,,,,,,,,,,,,,,,,,,,,,,,,,,,,,,,,,,,,,,,,,,,,,,,,,,,,,,,,,,,,,,,,,,,,,,,,,,,,,,,,,,,,,,,,,,,,,,,,,,,,,,,,,,,,,,,,,,,,,,,,,,,,,,,,,,,,,,,,,,,,,,,,,,,,,,,,,,,,,,,,,,,,,,,,,,,,,,,,,,,,,,,,,,,,,,,,,,,,,,,,,,,,,,,,,,,,,,,,,,,,,,,,,,,,,,,,,,,,,,,,,,,,,,,,,,,,,,,,,,,,,,,,,,,,,,,,,,,,,,,,,,,,,,,,,,,,,,,,,,,,,,,,,,,,,,,,,,,,,,,,,,,,,,,,,,,,,,,,,,,,,
21,2.0,1.8518829462935684,-0.26292026983672845,1.5840954839356838,-0.8738728705775207,-0.12577436492195074,3.26931879107119,5.780364192886076,3.3332098943159303,2.3155713377635205,4.296750935486229,3.245483493692481,2.519081063249776,1.4444352105203473,0.12344360633379652,3.363750936963361,0.8769005932677351,0.8042583610152974,-1.3426805721572659,-0.80635384503433,-1.7096046523653017,2.2742769690754843,2.52064798554134,2.3928664434073057,0.3006652208644181,2.1726935438546944,0.8616944589408655,2.620118871285498,-1.583479226977423,-1.1717745454294788,-3.044421611790044,-0.44820950007403937,4.783478768414178,2.979111258729549,-2.9341484871164574,0.7892645003507496,3.568718688630911,2.0450660958483473,0.8709199472171539,1.059095038917764,1.1652100294924321,-1.2665710030843182,-4.50399077870017,-2.414816186577005,-4.612175727428718,0.9023294852370995,-1.995094024396078,-0.4851391382722202,0.006526447999588372,1.644844270342924,0.9208797161655214,1.3673563258203119,-0.7368576391709312,0.3640071715048501,0.5661349907839163,0.2469078001533263,-0.37762555926220315,-1.261951842417577,0.40909321779963226,-4.167786433690431,-1.5325847710846183,1.637719387759158,0.5969572348104945,1.8360452208075937,1.008908462477337,-0.310684626135274,-0.6740784058604175,1.8887741690983317,1.3354219358922381,3.240307921292939,4.184629778115873,-1.4351713188045276,2.0295658758082338,2.020035539502879,2.0972719436251643,4.639395835349422,-0.635641381718368,-1.1089350918969174,-0.5301373750763942,3.7795943197597577,5.9755854974822595,1.4282880898030046,0.24875779980362067,-5.561467721545037,-1.761498475868754,1.8054746674613777,0.870297056656413,5.30123604038815,1.8280744560621356,0.3225884845523679,2.0498591936850357,-0.2521560355528224,-2.6359793032568084,-1.966150075743325,1.3819797816303319,1.0567784660870025,0.10274608745136547,2.0741515832690594,2.462441487118695,4.7131675000938005,1.2723019795529031,-0.5667723562065555,-0.7351091037903956,1.5361165620933273,-0.327065302528225,1.732489084447645,-2.4585849996994833,-3.537028499104368,0.6411726170874197,2.0831371150573377,1.4079113023499756,3.2290865630909296,1.0985067509337758,2.721120779851398,-0.7279997511671379,-1.692933503392329,-2.872896233293308,2.0644453434005,-2.2566427147688306,0.7366820494063542,3.1536129628114233,1.1904670232071901,0.8490278362490852,4.271733169165806,0.5975378919100777,4.589193564677397,1.9838998896657993,-0.9730716956122799,-1.6759725904639338,-4.851816469142839,-6.258533513746121,-1.214774993700088,-2.7775397635635612,1.7217883203412285,-0.6193435498287329,2.3132059144528956,2.0843871086411045,0.1807392245225459,2.8952763832186132,2.923872142521524,3.8039105255359313,4.845072088476587,0.19188583119763114,-3.4742745744726315,-1.9258572299462804,1.7433284128527033,0.29522056443631867,-0.1142760780713335,0.8348275151102929,1.6371442859812888,-2.0825874158190465,2.9731799711628324,1.3927961078374884,5.717178529370591,1.5789448586418886,-1.295023048790837,-0.08896548745678304,1.145000470212902,-0.7842309118399409,-0.20894323683631597,-0.09638945361070092,2.764626823193559,1.4632091569436707,1.9470828117898396,4.267057913824252,4.025151340514472,-0.19271031625444004,-3.268913974369059,-1.3747669832050726,1.6194497670831975,0.8877533665813652,0.9749837417260321,-0.6730514928852623,5.425262465394284,-0.4997213008516856,-3.8588290376011383,-2.1496701761434647,0.8505699888235008,1.3266873028930724,-1.792345697119134,0.4889558068837218,1.5630554610546263,0.8232132096349833,3.432757237567636,1.0286728321448004,-2.5295521009274395,-2.6866081655716556,2.2798875472326947,1.9987715692309767,0.5162522131387633,-1.1210346785145469,-3.507476440968376,-2.7589177396074835,1.9085598287377687,-0.24873216720375166,3.4099064245623074,0.029469688470986168,-1.5948799682033166,2.032326917301054,1.815706601270635,0.8609664543317506,1.3812611678672952,-1.5615487641811008,0.4738970015532958,0.32508157290165807,2.1416356763455817,1.6736525959177755,1.85414709762966,-1.1941485918517039,0.8363275855863015,4.598640271326922,1.7182823452113243,-1.5915331581434762,5.842628848358571,0.265790712558063,-0.16809894286183855,1.35787833631502,2.260517289246046,0.43123726991395844,1.5428089232627242,0.387691526616638,3.5697219599262895,1.8179987927902288,0.3851131701847953,1.6920511666496891,4.186345902195598,-3.0253914149936074,-2.3241721702314186,-4.2173509245088265,1.4598749327211895,-0.5405508266265687,0.6779397271670997,0.535169534514939,0.42004102537665966,-1.9933996326782064,-1.7996459532778681,-2.375663458673361,3.047175139573525,0.24240936366120186,0.4833760105967467,0.8364820422862704,1.9956856785570165,0.5428317906939896,2.280732822339205,-1.224151806774627,-4.602359054809581,-3.126611527407324,-0.345879523340576,-0.4087817229963958,0.03843048039795407,-3.2883791682212204,-4.21495818149842,-1.5053177810425784,1.7428920045996061,0.30079335775360777,1.3568066932000968,-0.8718877315550101,-1.6980290753515932,-5.088814923242829,-1.1095711063977676,-0.42561091165070875,-1.0560777252875517,-0.0474793073218824,-2.17423328061785,1.4319651451807172,2.168509705715233,0.6329462264887781,4.00276203288222,0.261999187248975,0.30335332272040505,0.14544753126488924,1.2370932541881512,-2.135453354127089,-3.9892387102479727,-1.146982691162663,-1.8533898031578995,1.2351909517929558,2.0873982225753887,-0.3627994900602001,1.5613848479972863,0.6450645623455229,-0.2160726458379712,-2.526812269878359,4.077892038411881,1.157431245732067,2.217703401264473,9.254842949604848,-0.9228596459495867,1.9756873451347574,1.852499341705866,1.4421686273498162,3.2126575811527633,-0.7369461748625924,-2.860355355622826,-2.828033946946004,6.439151620454302,2.3083524085080978,1.2305705097710824,-0.2841276691159803,-3.624986157672507,-2.9210377175639115,1.7310788093555007,1.0375632879702081,4.756010683393097,2.640772516750928,0.5129850440285638,-1.3196287403780023,-3.5688603557922614,-3.972682082572371,1.4738468154917848,0.6366382940112795,-3.5451952698952587,-0.07939600662032571,1.9462493685139974,-0.24889515704077916,1.8962142821447496,-0.7583372305242875,-0.017466711399393778,-0.9319600674903288,-1.123208693682497,-1.1382456450364935,-1.6439543264228444,1.8141310842553342,3.9230157456744252,1.053111422853488,1.2450844301843333,0.7824906961703587,2.663595888602207,1.7067944543921336,1.6415696380009555,3.187006866150528,-0.21917192440130798,-3.375007879024246,0.3261840134433161,-1.7196278871403068,-4.624939769592681,3.794972408057062,1.4561987600491444,-0.06674400555178948,1.2314783848883568,1.6396834537113434,5.853082726236616,6.349006888766875,-0.5400047124545876,-1.0970155892378959,0.884190190549836,-1.1676046940863067,-2.3420691185701434,0.2707739727382046,2.414355817020539,0.01424140888328682,0.45138740380619413,0.1790970370803479,2.7289400317082375,-2.8127391844705794,-1.7234769547697983,-1.5532760883645529,-6.020357328143451,-4.1551394225362515,-2.5845213768422197,-2.014963278582147,1.8289211499563716,2.5310981672344615,2.3531734898553336,2.506704736262708,2.3488536090481267,-4.725965258850747,-2.2577800339100262,-2.0259354331468367,-4.231769166502725,-1.3408813164889763,-0.5089942302794928,-1.1418571242532396,1.9885313398087678,1.288558426220814,3.6757388077534703,1.9536380417301136,-1.0191876280782879,-1.9483215454603222,-1.0913083545755808,-0.09326794399421086,-1.0440002306823604,-6.595911937093028,1.0617378250539973,-2.1028395239672415,1.8933830554878452,0.9778809098679063,3.7223998806470604,0.12130698297816006,2.4762743728511123,-1.6970712041503153,-2.6375118149627035,-0.018664242319864764,3.1051466020981864,2.214740776879357,-2.5482773318723155,2.856940251937872,2.0857922116009706,-0.04668581541595513,2.607586874859677,1.4898627030749008,-1.5600131872176113,-1.5754049312630676,-6.130907609739179,0.38005438776974565,-1.6100396954202643,-2.9196572916627526,-0.7769557430823003,-3.8999294406660674,1.6681288710893307,0.0868533323456524,1.125708727747184,1.6986726434954718,0.9535226476111041,1.2184000995647457,0.2667662717018262,-1.3641180008449605,1.4047436053925306,-1.8381350963190235,1.6589133406036756,-1.6832486660087087,1.9075846279338702,1.0918907380505123,2.7732983188842035,1.393547750479031,2.370202284061837,-0.7286947957724456,0.8922537937865734,0.7193821240336269,4.7794799320735635,3.2978623893469305,-2.8834510392858266,-5.437996528420459,2.017702099194871,0.5403796350247937,1.0585700828617473,-1.0068301642664472,2.8463776544847494,3.959390996851038,-0.15374740195260062,0.4818684432668547,3.9870181237156723,1.5764820996706193,0.1479601428114757,-3.119759355562667,1.7409431624466964,1.0387407890965963,2.7875465090215914,1.3887182603305854,1.7164829697631063,1.034535844026564,1.390443481646696,0.3711351035915395,2.7338105219783673,3.04413719671269,0.6835706132544671,-1.2048977567204366,1.6379422694728152,0.9835339071615318,1.9188968400339999,-2.211998925882279,-2.839216662998291,-4.900501419035287,1.4794224809488719,-1.9442222889395335,-0.5453495813947943,6.028120983934856,-0.7268012429531955,-4.219394603027877,2.197497556980601,1.2792514327579636,3.7010080390384843,1.0620547306385886,1.3961521100420167,1.8550663187059415,-2.4330302809221154,-4.376546927891167,-5.7066706699553365,-0.8836411153101107,-2.3200048349453986,-2.3767773086299595,2.3359801096147232,0.9306495402849543,6.390348801368052,0.4279521138195366,-5.835447939995332,0.10739868999276876,2.9989646835567827,0.34230955308593053,1.1283322674550882,2.997773927543376,-5.440162498991838,-2.503493027168242,2.451624712311593,1.8478320844779133,0.9101133572259351,-0.5020128457604613,0.502577871935612,0.9174204322229236,-1.486462204259531,-3.409401943485231,-2.1884592738265476,-3.518892655570474,-2.370068715310363,-3.577529361392409,1.876176485004737,0.5612358238473787,2.9842736191285084,-0.6113759074714636,-1.1786609431907338,1.8927273999895766,-1.371418484181778,-4.956015537127431,-3.4145222798226524,-1.497383154871274,0.9167873224903651,0.7359421889733126,1.1806901290967546,-0.19052335756758534,1.9385866888700554,-0.6122434658459422,-3.9138773558603974,0.08414677182743342,3.011253304371773,-3.195967429485712,2.7131766314740426,0.39152518294773175,-1.650571031966837,-4.210459925611257,2.4561985253593486,2.6579688307360847,1.5030231143975537,-1.5802446975164346,0.7510637207349432,-1.6645627630842632,0.027883210403401883,-3.267998253876138,-3.996033321345296,2.1110923399870853,0.15295713919164786,-4.760552487270945,1.346881223955464,-0.031135867032075534,1.518229064896903,-1.6993632237288534,-2.7426386571929604,0.4017129598734442,0.11763148140432585,-2.51709733792754,-1.9177768818635266,0.5119769286395367,-2.6223395295613194,1.5632958392493386,1.9135379471844538,0.3591423696633452,4.575944779282674,1.36656155572537,1.4584435504638384,0.12345307852971812,1.3561409362569223,-4.42773866103509,-3.4732659483993604,-0.08859791972545282,-5.984896851012191,2.3173311015085734,2.1097638508620054,0.287737941688268,-0.13381812754218594,-0.23245226360794896,1.2382046341842827,-0.32448315778265574,1.83818500831916,1.4351534969866,4.772036525108846,0.08054350933964939,-0.4235517615535719,-0.06859869666023397,2.3722628359773297,1.0041984075139758,3.955552818748031,1.4344146509387725,0.2517484458408692,-2.0150383336828073,0.17334000025862925,0.9700495807752679,2.740963932199656,-2.443017424000687,-2.135227237212297,-3.883957234428828,1.7040817444123815,1.6232670965344158,4.439193847672161,0.2599979745614301,0.5501841888372598,-2.7734889580792883,2.138870708298626,-0.7899726502879069,-2.8748516204378616,1.6782137168681015,0.2773975148585441,-3.7030725150605113,1.785008952286963,1.361779227850658,3.8162306746277816,-1.0692785836784897,0.13593578696427625,-1.533266314936744,-2.737259375566332,-0.6286494875865802,-5.624935405246113,-2.7741703514785447,-1.2782604121085097,-0.7692448832160332,2.1231128406232003,1.5457414992413854,2.841001075570419,-0.6055799282246964,-1.4772318358382537,-1.180073871739125,0.4551269170491557,2.5592378872009016,-2.8824379084020753,-1.4290024007743278,-0.1427251405586702,-3.0084721990982923,1.98834254887628,1.7085401799359354,2.4524717096486146,-0.012456349789753003,0.06491133583615007,-0.7132527487757935,-0.4623454654274513,-4.014657420544703,-4.295773107284739,-8.313014448037391,-0.03852089788886803,-1.7870306175597754,2.2538907263478296,1.0222637388294267,2.129496328300253,-3.2638274851360496,-1.452464051324453,0.7644107983544629,2.3736969036569593,-1.7955375110336065,-1.8493766768417024,-1.992078691929996,3.591331427742156,-2.6123526647022803,1.881292696461675,0.48075740338309997,2.304432639513064,-5.122998733823312,-2.335250994771912,-1.317548841582135,1.3130413978052233,3.5228340783308347,0.5146669481064077,1.4701121810799267,-1.5287834817516497,-0.03002775144068596,2.180149181895719,0.928489568291061,1.7750035918271014,-1.371054016947923,-0.09096769884915232,-0.447284387141156,2.9566781695694773,4.346592475700489,3.268054455248417,1.2011987849267949,2.878374358287573,-3.169218259572386,1.6370531607666678,-0.6732155116380646,4.076860480410047,2.8986649148182395,0.5326972513360552,0.8920106078107048,1.51738083358064,-1.678658079345543,0.011650431500316801,-0.22958838583457136,-0.8626783856613809,-0.6082385590395046,2.1060755908991093,2.5526912870609157,3.989191099411069,0.4282539606048985,-1.0185089333064714,0.1813588377710601,1.2369203569979215,-3.149551864745027,2.198439420584959,0.5752903604306983,-0.4941536581982799,-3.537780804841321,2.2669354887844966,1.4097684145637788,4.350239840588154,2.0493579920600005,-1.027465606563588,-3.073827054759556,-0.6576533497877746,-6.312399123974626,-6.493214029358714,0.925493394042861,-3.358508733133023,0.8103290684645125,1.435232264470422,0.2665741883338625,0.44840644311926015,0.9646560617545624,1.7942074028757904,3.87916346867656,4.262945480671871,-0.268829104421463,-3.015795993004537,1.0340195570640898,-3.6376296303299935,-2.156261196505141,2.206235716499514,2.482697113200593,2.3358792868904277,-0.4332714101220367,-1.0732771959240974,-3.4909166836229617,-2.432839467823391,-0.4410448421668206,2.0039099850097326,-0.2552449053650896,-1.9111890108737044,-0.12762970357401365,1.8242489395320847,2.5777821160487226,2.8230072096919385,-2.539762321886614,1.234190223512526,-1.5365327955108294,-4.2799922456128145,-1.7995399132898329,-2.1902592375156464,-0.3389472591704497,-3.0519949004163966,-1.177358674733934,1.6760131972023278,1.1939926442966273,3.6991373856311593,-0.03244969476501112,-1.1267530954339837,0.48786288223736735,2.8260536046037767,-0.9441953946188637,-1.912087809336325,-0.4777152722673687,-0.3475616803062422,-2.9957059057080255,1.6485903112774185,0.17522414537925432,2.1660246634735945,-1.7189865773273176,2.578416099248058,2.7158292784168645,4.883534174760728,1.0036631022392168,0.6125152991535695,-1.4995084536622534,-0.5053660244478115,0.8979200775485787,1.9170203914152455,0.9190582857464591,1.8791564857864291,-4.707713627919831,1.006278551325946,2.815225616253192,2.740678725115398,-2.7962507568065953,3.932369612674163,2.656628105596132,-1.9659362370259512,-2.8818849986019774,2.100478603011228,-0.05081707823755776,1.5153589193520842,2.0670022632606573,-1.6293684827412238,-4.590030600688543,-3.276612449706875,0.5995448923951671,6.543872351523613,2.064641551687257,-2.9792758276482836,-0.1308092920768746,1.4758909526411352,0.6758927946920783,-0.46550876066135227,0.7858277309133008,3.697330859383485,2.48157751793294,0.47859604384289045,3.200270148700665,1.9108052729283016,-2.9731724680377796,-0.0074327457251495,-0.7799496723507575,2.191825632430922,1.5779371412663334,3.253210097875356,-2.4887142206869317,-2.770545758379363,-0.0418315182918555,1.552695859807621,-1.3535180305652008,0.01974860817424039,0.7136521259183816,-4.684231675173416,-2.90812983909583,1.8255305900751648,1.9373419273979942,6.041758523390552,0.9180489695127912,-1.4822440352748976,0.9723527906696293,-0.3284071558030361,-2.7126717416234936,-0.4345652150567726,-4.737705643686595,-2.837853092802091,0.14042230622378066,2.1003534814876232,1.789122669314026,1.8926907266403896,2.0636465483302118,0.6324005480990866,-0.66445994064825,-0.8759895150686522,-1.8287681115162968,-2.773742407713848,0.6304618042911158,-0.5044723528156281,1.3637766614024027,1.4315593369397377,-0.019032242137588466,1.9594358501595792,-0.369196919425649,0.7688793565913505,2.186461990056876,4.171542494406461,-1.7411077502979078,-4.80765985294375,0.33391510475940916,-0.7664798247390457,-1.9886119983404194,1.3229299447094034,1.0437166485635871,4.995727413579517,-2.8570853763606965,-2.3334446363479215,-1.6268324434953256,3.662929458267288,1.2227286731036093,-4.595808710194691,0.9183824965362937,-3.8444134921576576,-0.7319550289368858,2.318967756496241,1.3967909412609698,3.8533045251330895,-2.30021533675024,-3.1113680069799243,-1.0718526588361046,3.14266928514898,-2.188452694320692,-3.6696825106985718,-1.3227376502345478,-0.8423311863731,1.9815700787365045,2.0043083664489307,-0.32833964696998147,1.7521027966542744,-1.4097869811468111,-0.7188681709641784,-1.4252030690359172,2.497297210805283,1.874765814335523,0.5693591041762354,-1.7151300376926977,-3.430939062454586,-1.6247764296949578,1.562247348742683,0.00209426220756918,3.556156691841086,1.2410874689650773,4.8378322665812945,2.0682275375451145,-0.4087652179939323,-0.7817807084906754,6.59388991190732,2.5098489018789705,-3.466954421022375,-3.6658572570511376,2.21119668292422,0.08962692866602073,3.2188094494286617,1.5552755956548305,0.9598504654012838,-2.1449408410097206,2.8481655732567353,-1.5202280506823043,0.10357439374877946,-0.9078613055356505,-0.17707983774546163,1.9268849769223326,1.979616645553892,0.7040443115050783,2.460119129146378,0.4868764560729198,0.5015941192743729,-3.5471293036797675,-0.3346951574311162,-1.0246974994307785,1.306462168132106,-1.2275961295015914,-2.533024891856036,-5.107505177456163,1.9714453272121948,0.6107139603466161,1.472050403455543,-0.8798284168420082,2.1201720926008183,-0.8734834923595023,0.7211279991068806,2.216271365129813,-1.6076968178936955,-3.150695368724514,-2.5181538824137744,9.290120136185079e-05,1.8918607132454415,0.39126888802871573,3.941863917158175,1.3299738837381088,0.6352295686296991,-3.217021097375388,-2.7366550992730225,-1.1992987457363673,2.358421777148879,-0.0963290279895344,-2.8083760056895994,0.9988736967670131,1.554477051304652,0.7008267978122722,3.9142659230109977,1.8955719515840674,-2.309251563616883,-7.03125955927987,0.15444520804935216,3.2396394153158963,1.9873038807031305,-1.3266818940726286,-2.0025597791423744,3.34885480655877,1.0970852546281773,-0.14149456397215704,3.2989239424474652,0.9333120907547573,-2.5238685169236823,1.4153478337726624,0.9402464992783168,0.7504310394525062,6.9136874897260405,-0.5926105053647588,-1.0848635625444125,1.6091292434898299,2.3757600699993597,1.0298485767214565,0.9040098272601483,0.47422497612270836,0.4409562050453103,-1.5022415522830037,0.010834837201163867,-0.2449612356397586,-2.95943844701635,0.31618881373379787,-0.16817048994929756,0.741293306765366,1.7938667618393183,1.6497531455130579,5.061409452908402,3.2211193889192677,2.502786682903814,-0.605932285876659,2.990419318975479,3.472490041968742,-1.3862471521414033,4.164369021753902,-0.44938238587222545,-2.194979508178867,1.6224917855795151,-0.3895033742817672,1.7846492374239007,-0.07205135889107202,3.0678371958119453,3.2302503636106685,4.88072767838564,3.245122218691551,-3.0987262558780415,2.7631733261244267,-0.4875748553791234,2.1220308552108875,1.0409914425186206,0.37174298930404287,4.966626409911736,2.6388975888102855,2.9299703433633066,-5.308512376545906,-2.825951606264931,-2.8106926868075965,-1.760985960263427,-4.001473348088867,-1.02851674786138,-0.06219275908999457,1.322015023002364,1.071546153961186,4.255077165474121,1.0933599449835774,2.4143944734424223,2.471408882542526,2.892849409135391,-2.2919380618063894,1.0881729807334695,2.4119109338499736,1.300383345311298,0.4612945978164267,2.535403893142676,1.523863350064967,3.0007331295782302,0.94305727133961,-0.12088768632368224,-0.6916434579236402,0.1678900177028876,-2.8836024925179,-7.30564164222556,0.1001903717673445,2.848584400933375,0.4372038928903962,1.448096415029724,2.368380535651497,0.15520143828664343,0.10712751942972946,-0.15954945408921414,-0.9218858629677164,0.1520711283203992,-2.5942743203208773,-3.0002819987552485,-2.3193604718220597,-0.8906456430088266,0.5255936222638737,1.4170991710672163,2.040793665304139,1.9077868030835758,-0.7156616686544796,-0.4501421516500806,1.8818273792128486,-0.5368689753443392,-4.0459527965025055,1.4251039112794635,2.9952279865171927,-3.8008757073068593,-1.028120192758573,1.6553953144400393,3.050564607209507,4.567714586520455,-2.509300622215388,-2.8098752573846317,-0.8466411200439632,-3.2927947158483857,-1.7585286243871703,-0.6767233374842688,4.791432494405743,0.702866237045264,5.972038048988411,1.0123080060640886,1.1122999657748407,3.6071762336672197,-5.973282107930072,-5.695514917762442,-3.480370643088864,-0.30965942126443113,0.5404727329016147,2.961081410960638,5.383122438435627,1.1855140538569084,6.2354065909275995,1.5975251688208858,2.072572074582982,4.597725474853025,-4.535035070577219,-4.053896193294831,0.06498526553513098,-5.109204409772175,3.63692656068251,4.869452536341217,3.7443287188134,-0.3197830794039994,2.196381273251061,1.2797018550452677,1.3663785539135473,5.848730913042275,-4.025258950631366,-3.1083514790601106,-1.765318696791931,-4.765745222950168,-0.1987700343156648,2.0564916503886637,2.2670068455992247,-2.3786588145383956,3.311765695269179,1.9197666557609225,2.6045234302730678,5.159820732032916,-1.5469997054247633,-1.917139786425421,-1.4957373551176125,-7.3558207504449715,2.5375126822152647,3.060152525722208,-3.4311064009408865,-4.641696458730561,6.05862321387742,1.8183130277094315,2.2034166504631645,5.769326652942991,-2.3788310674309976,-1.7972891039899181,-1.77445436152944,-4.755175146329506,-3.3176400629960794,-1.3967769695340098,-1.675994032524206,-0.5284003117463715,2.6145542837654054,2.3994335654118784,2.3837080414339544,6.657301918530983,-0.5673624429658801,-0.6705396824117397,-1.0507897486823587,-0.8819273600821146,-0.2149376538280302,0.7322730452734949,-4.38372214808788,-1.7457156322642242,3.006340457900174,2.447743414619443,1.7207773324175204,2.8872510858835785,-2.550003108667021,-2.0166024735390815,-0.4284623397475551,4.330634374555284,1.6359292933983556,-2.1221686618530247,-3.4239431239987748,-2.5959312948641386,2.882821728927982,2.1236232249050224,0.9309259255066136,3.2230337000423224,0.08759730640670597,2.826390254582416,3.423694432102041,-1.8280083252989459,0.2425316610021731,1.248877181253365,-1.437352348836081,0.6951564580073002,1.3115690219175236,1.5229690659919775,0.3935851802755256,3.760095373434229,-3.4379437090289398,-0.6483887686389016,2.8919770695969382,0.9901736889194085,6.657830814505652,2.616659972375967,-1.7059997963295164,-2.4435509539941593,-1.9621089723274379,1.5276299980830312,1.377071298196045,4.261944586797025,0.8494193061885988,-0.9234058096065109,4.148172460004326,-1.3482432810997471,1.4240838453876759,-1.4507479278108433,-1.9057583942147047,-2.0877179708551576,0.8793354362240098,1.497409589437306,1.7538799092949457,1.9212941524753353,-0.33401880115737137,-3.178885076134689,2.218654597394274,-5.3441565821541825,-6.929435400506637,-1.5542627077352194,-0.8938587102248835,1.8526260159041046,3.2319042444752983,1.5086390500031,0.8084763138250881,0.8928049525377861,1.9048733074392483,-0.24755636554105487,0.35056803444367374,0.17980452186650112,5.520924244094502,5.129767382569888,-0.07973136022270104,-1.8308958088941127,-2.2158349469925964,1.2410875317336265,0.6551835223810457,2.7048121813745944,0.5669477157752874,-5.348460996798688,1.736735005858252,3.2858033209460253,2.4257426947743506,0.96932956024158,1.788412024097117,-4.134760856929135,0.011356392493398237,0.7525790876209182,-1.1082049322993222,2.9331749432379493,-0.9164699904051383,-2.969857564929751,4.9254279551628946,1.4717878098643913,-3.9469603442894674,-5.788363856580847,3.0925776393315734,1.3641528480451452,-1.727950524399174,1.175455039199463,-1.6485750628748577,2.694932914346575,1.8951823578447997,-0.9354910087410345,2.9061703945372557,1.03957131351994,-4.521056514841834,-3.204172634537208,5.661760153919266,-5.316752352206031,-4.6788251071052755,1.6431935991754645,-3.72974241206516,-1.1918428083569226,1.9315231020256487,-8.032134051585231,-1.5991318422310463,-1.022169612546033,-4.547113326470293,-2.7006020974602034,10.341680158953961,-1.7625567429653883,2.6651310219995183,1.1163948179308143,-5.336692875506209,-0.3684670588026385,-0.49740276889178175,1.0778581669142542,-2.716249753708889,3.5723252951481257,1.9410505535969147,-0.8460124115010653,9.90179061201842,-2.8218668289956272,2.306756973242786,1.0201592505367754,-5.008898167484227,-0.36446544304293205,-0.10263712547230533,1.7004350646969122,-2.858056398780611,4.413230894236214,-0.5509821409248193,-7.401723389259219,9.401492211489783,-2.1174730633836525,4.480213861857456,0.6414633858987467,-5.033314454443752,-0.20498687167097449,0.1822824012538199,0.15241309483393917,-5.261174260139695,0.2804760460118533,-1.2562641309057279,-5.449630016518757,9.397215012102993,-0.27607496010819477,7.07820809467715,0.7535738711589179,-4.273646589029559,-0.8930207305619486,0.8329508316146533,0.7336170380396644,-4.346750044458489,2.251777635010903,-1.7629165773911497,-7.988120706819157,8.235373921461266,-1.8264185991204607,5.372638559767088,0.8104816371518007,-4.113293518318021,-1.748826150517668,2.3190041554164127,1.6377281458299968,-3.1367566527231223,2.8370385228745287,0.9400190021473983,-6.111497455947953,7.699116931094455,-4.531321579937863,3.8535626307137596,1.3370031898467634,-4.9391023148136615,-2.8183202203785016,1.960738775122045,3.2844488426478775,-5.436428575214171,2.830138135935008,-0.17397746847936443,-8.586380663689928,4.925896768658059,-5.773146832473294,3.130478334145465,1.6130442863043433,-5.114101291985917,-4.123713167840006,1.9523436998087698,-0.3399187404748916,-3.0995419890388183,2.5927849970629397,1.7186263125239234,-5.807387449342793,6.905069476410109,-4.265796843633373,4.937322236467903,2.042920169143411,-3.6741570648446102,-4.4232603543290825,0.8235555458284438,-2.02484206458482,-2.205998160878855,0.23184593485679159,4.5396820712965456,-4.658785119049833,7.287175518591613,-2.078167784246138,4.621434233205623,2.7054390570851066,-3.71033491148731,-1.2804491435334426,1.520223767444751,-0.16309353221946735,-2.9730586680035174,-0.09664499271682446,5.63577631274962,-6.192153996210253,2.54589550867534,-3.389384192248619,2.130563387545165,2.6345677703109893,-4.62414423808762,-1.765898818270958,0.7983783050598192,0.5919215732237321,-5.60119227180384,3.566630300460457,0.6752577895265183,-6.067485897774149,1.557446844920964,-2.844732205523982,2.648212844864866,2.4588579144458422,-4.106578879727647,-0.5668592485685362,2.221852740054097,-1.4517691508636132,-6.811748740893484,0.8278179922320923,-1.0340676737580539,-6.095637512259027,4.797424922963108,-2.659595725201857,3.8150168114017395,2.4610564162963766,-2.8911869410578657,-2.7763295418106515,0.107987795821949,1.0764846742052196,-3.7659669820005126,0.7289432204114713,2.9855165812047293,-4.4822307242549355,5.75371453733787,-1.200302468666208,0.16121704724172298,2.4530079415890502,-1.2227105927650563,-1.413622750322636,0.5844197011703575,1.3713306843154736,-2.851214094244497,2.554835513848013,0.6865135999980401,-3.377134802126282,7.497286160549975,-0.6360954865295843,-1.33078711301264,2.3315794533841845,-1.5049913514010536,0.022899497473661993,1.5825813201183114,-1.6186550246810938,-4.741295975589155,-2.571853212053828,-0.6038682791130909,-0.2801496126567995,6.982785784494266,-3.1017496057846823,-0.18804017759780242,2.0529663077548013,-1.4215688258769819,1.7892171509441244,0.818249819500037,2.6603636913957285,1.4634111961718097,2.780987673453906,-0.11760434090324365,3.702155259067984,-0.26823015170323067,-3.4527649747388276,-3.8753607740129223,2.286671877395052,0.6415661155348281,1.808489746023003,-1.557063209006849,0.8105568859301221,-1.2881670412337833,1.1585055748531692,-2.0883919718265966,0.19013637229049796,4.004253653724298,-2.7028487032302784,-3.3602963662871064,2.206319864339286,0.9072867004433376,3.1556505864729583,1.6206541265034673,-0.25477464202705463,-0.537506003033469,0.07427468220129844,-3.226350997727683,-5.657481818698168,-0.7669308030625742,1.1344808976090228,-1.7525174456132646,1.912113388330484,0.3606040619593565,3.839273911390695,-0.7364777034388117,-5.560619839068251,-7.509166526995501,2.39720026773209,-2.9471972916217712,2.1047306111548134,2.750961080176467,2.4180576103145026,-5.815724282405409,2.085232669789186,2.069571221362837,5.32403866526133,2.0858398938113436,-1.6781606525056343,-10.662217351461386,-0.5114699133637807,-5.5141694472060925,1.3693398255822027,3.0261343964707197,2.3986484184282064,-1.1788462341417851,1.5817130960504688,2.934450458209588,3.009870445874017,2.888680104327175,-2.1069631508522275,-2.438252405959929,-2.5688817379375983,-3.597059529057066,0.784883834429541,1.4733660042692083,0.08549047197987232,1.0187417585447376,1.3080323059346177,3.365860447755046,2.630599859105372,-3.098964612836353,-4.034062917428297,5.839654303288329,0.2194486871810836,-5.508058515215033,-2.8983542114725926,5.741015620500853,-4.6140411703181,-0.24273412637798908,0.8542738152212401,3.3035160402131036,5.545998325223219,2.750510267767261,0.7354445520551984,5.027514257871323,-2.4451035496258346,-2.6857157742574254,-3.94738833138293,2.8778876202556933,-4.30003855997106,6.718878919082632,1.6477711324946047,3.9329171775964658,6.823653240548583,1.1450712992561114,-4.206587796070683,-0.9917548383220488,-2.226715374548886,-4.5100947697043505,-3.931284353663015,-3.893542985860206,-3.3359572173696366,2.936485477649655,1.2267747817584642,-0.1932267127841455,3.3573073176065744,1.216618585701442,-1.4623378847933037,3.7710314872537865,0.38902880796414463,-2.1848113118198,3.834769204176292,1.303578463908039,-2.4265431003640185,2.867967344830732,1.2667345761333064,0.9546844900446965,5.161818036123397,-0.9345982182364302,-0.6251810006638845,-2.7867097382116945,-0.1990829396720552,-2.560019215017191,-8.501065573705866,-4.314665770289938,-4.9546588397106825,3.126661317730721,1.6347710365175743,0.7278773534991967,4.1512737059889595,0.9607158773689457,-1.8482252100960197,-0.8978772945313364,3.086267207232975,-0.9073263368593015,2.0752489070283184,-3.75950214221916,-5.156381378578484,0.6704495821556071,1.9890072471616953,0.9003090061179523,3.2976208288078683,1.279318973986232,1.94180465145187,2.354205394065893,-0.788346406386014,-3.7286863773219014,-0.9561906803642114,-0.319166228556543,0.5382033627274982,-0.41426707390225653,1.823846199839799,1.1335583412496968,2.0849910484150325,-0.9363995893756505,0.17474584986263522,-0.33591937232517916,0.27173201940076885,-1.3277742917161477,0.7117316631371893,6.706297786791723,3.6413004690753974,0.11606509891232844,0.7583233021516043,-0.6527874774409113,1.8255356629674577,-1.0975067451591465,-1.340244065729087,1.422820977250786,4.177626268305297,2.1238756321429006,5.26198546972376,2.9516694398001837,-2.217028719091625,2.3689777872077924,2.176565489935063,-1.3092230885775282,2.255435123813225,4.920859052487686,-4.552048458370526,-3.5247179387657033,3.4309382775550796,0.7108700364666389,0.5517637944380778,-4.123744249278995,-0.5685913681393159,2.0505306664911407,1.7869830288981996,-1.7928821766924203,2.5554915426924976,3.3091334368233314,-2.324933712785302,-2.2689712213240956,-0.6185736286005168,2.7838068467693353,-3.4750772833378907,-1.2655953046362691,-4.590039871640618,1.7900884523566778,1.6625206981312024,1.949953157136104,1.6507723307825852,0.7952959604269677,-1.0779628268248873,-2.671834216549251,-3.772326561826918,-0.01033491907060498,-0.8442087815365665,2.6017728449465465,-0.09007614110827411,-1.8575171067363914,1.648603802861301,0.24759294345802196,1.9473976902725225,1.5339942657774701,1.7536705330672382,-2.9988733576056616,-3.2259140740770365,-1.0495729734061758,-3.818502930656417,2.3367479805839486,1.2890742630715954,-1.958556816097559,2.1514737569162583,0.01674251125604317,0.29862990423237346,1.0833872002891975,-1.2904237314715248,-2.1524766305064245,5.561233237925917,-1.822415506666256,-1.4026906423729546,5.231175266416932,-0.2510091365235785,-6.931098394561419,1.8013495049236912,1.5435181355012986,1.4500061353925757,1.5068605830712516,3.558697576894459,-4.236670327532701,-4.6618283336718696,0.44027929946188393,-1.8064417616576438,0.6502169192893937,1.172242596632967,-1.048757285931613,1.6373486293805901,0.48005956063922645,2.0253814079107197,1.6698870983466436,-1.291073769296229,-1.208199627953916,-1.712515783050857,0.07137969738467614,0.20383464516049268,0.5454756251436993,-1.8145150623882493,1.2165004867778477,0.8909123023490282,0.7137261797876363,1.0077656140641662,1.8778825646423867,1.8616187474650585,-0.45076762842768964,-1.8127806919997174,0.09676107617614459,-0.5956136732673109,-6.001787790646646,2.7188581956917095,1.2634349745896967,1.4437795758947916,-0.4705014592886222,0.6044025653018336,1.17960760356398,-2.4086384584326743,2.119073099693904,-1.2132587094207066,2.0579246810410052,2.656337328451869,3.0165249460794286,1.1441175176752258,0.22975732150390588,1.8165966389697383,1.6318678530035022,3.3234436120309208,-0.6914643244719341,-1.267133964405426,5.744968545181133,2.404525534042998,0.7709827178136259,-0.061591056454882415,1.02138979777025,-4.287179871609335,-2.198501754508893,1.0191255665367347,1.3844403351119496,0.8844111624417421,3.0958041365487987,-6.897761970256394,2.4517803698087945,3.0492102921630133,-0.329672895763018,3.5010946204648357,4.527011167286176,-0.1501572161602997,1.4705437473054124,1.4030470854495658,2.054217856420074,1.6041123551743137,1.7572658261491712,-6.556117796593056,2.4054806207938078,-0.18593277188296906,3.59379477370321,3.207178998328048,3.5672851140101667,-0.31272691775369527,4.1956784927450075,1.3447013635247314,2.5852030202511798,1.4402309241550573,1.225994703130112,-3.8034596173033584,0.9419985784075888,-2.7935944862032414,2.45018742837814,3.510814859092461,1.6333148583966897,-7.394748801515896,3.5266053863283693,1.075039275255847,5.265827667999472,1.1752973610629358,-2.525365601213663,-3.5623983547591007,1.5605005532436966,-4.447358225905416,0.49128065619866745,0.9054788578328106,5.549386222136687,2.3701124852203783,1.008381655214441,1.2337891202183164,4.593362869114453,0.4825509231586741,-1.4341862049979388,-0.23091108744142053,-3.2196798487732603,0.3774620368567158,5.321709909216513,3.0459949930632595,1.7062949872252935,0.009557375437008983,5.809164771841182,1.1164383535446631,4.919161557412987,1.2518632052623666,0.18135282380665574,1.9075878140874303,-1.5927658564218645,0.9346572559663022,0.3946021950465841,-2.845148606127259,3.805581318630066,-4.9799235935314,3.697080621624642,0.792732085565706,5.7181447892026265,-1.1347005397661838,-0.4495027229371225,3.5713123291520383,-6.370196292741157,-0.925742994534368,1.3761056690363571,-6.217005248192726,2.3680977008630046,-2.890788696554391,3.14358410595008,1.2302586983056853,4.823953821503263,0.5821983521961552,0.6700206018779052,2.8337830573472407,-3.4790177012750423,-2.6318646961947274,-1.0491308812718916,-7.020120144688549,2.6138358011210068,-2.924448754894726,3.0890454559680247,1.130494932459404,4.834900175576956,-0.8168973111228335,-2.133029173832508,0.03263355883692466,-4.271594952315125,0.2219833425670581,0.5535995986234106,-6.021233401127168,-2.473168518227787,-4.561432049531437,0.4492182689571148,1.6027970477700806,3.4827572643336655,1.844209722573865,-2.320404325160275,-2.08087527388374,-2.20814705896398,0.15269712566050897,-1.5255002785607286,-7.552785182709355,-2.3321180127024674,1.3830519989057846,-0.7656292172336936,1.8362470576332055,2.9572025524287056,1.79625681549381,-0.739005533189336,1.1347374774968295,-3.143336469247738,-1.0979485811102092,-1.4712950970960754,-2.2568032948859096,-3.7453115700486075,-9.516415577964047,2.8459895963994004,2.0685210031880867,2.731517816533021,2.023406219626697,0.4724660473672278,5.94930372650987,3.9473122801652916,-2.504575713716653,-3.093419434571023,-1.4408491271093753,-0.13118886522769208,0.6612096192276486,1.4288039875172556,1.8836591354373367,2.0780890510345063,2.493212438087947,-0.040310405478483566,2.483604735340895,1.2651307669379395,0.322750581435883,-5.978217458973035,-3.8241745011352313,-1.158977865299512,-0.05364312631574644,5.093305620560084,1.8018493671640496,2.2871424212264095,1.6825110418245341,-0.5882042261392579,4.281076789040582,1.6998215273789559,1.1010953521206566,-2.551806900492047,-0.5334590278562684,-4.383857283060719,-1.3531280165003863,-0.3223051018844335,1.2485225177923638,2.634157166897666,1.1268535627429896,-2.2768276015561137,-1.714862026273212,1.8663723590576624,0.21449532161890292,-2.5306328423264417,2.798911021703189,-4.384771933144429,0.5344620360453348,4.854805242807087,0.8927595426729187,2.426823187412024,0.14206362251605367,-3.2009089223385074,-1.9474334791401418,0.2677181162961824,-2.976468220079915,-0.8925368172790302,2.643496226662778,-3.636774041141993,-3.218694994930202,4.054949796252556,0.7180668420772952,3.305181749373684,2.819544994509249,-3.307766571873018,-4.946334481457514,0.6507459668703395,-2.117765364181627,6.130027280959381,8.558608968988134,5.931394248283674,-1.584488286490381,2.5924527647259836,0.8498679917571759,3.3535356023527907,4.372912617880526,-1.6149884936419316,-3.630982021573047,1.0043873841192035,-3.310511631319465,-2.5000293048060804,1.6404187876732481,4.747058230863538,-2.0426325529017744,2.9453120305952076,0.8293929982305055,1.9955505065881003,1.767181270449778,-1.7035094026275992,-0.4824309282673153,1.5848307090366511,-4.3088374135860725,-1.8566070703873643,4.158531016260001,0.7764602999243015,-6.147301766151558,1.6816697987717437,1.0543302764542548,3.2325150766009,1.5357475053272602,-3.6152411857589795,-0.5224917573961958,0.36205097674471837,-4.308553517696315,-1.6693128101932804,5.989990826183278,3.176608843087282,2.299493669295206,4.305560799166347,0.7676345852403951,3.9503925495415686,3.689761534760445,0.14290068638548836,-0.9811949959348513,1.8585504447723908,-0.5225993343398159,1.3630216583916415,-0.7573777547103356,-0.6961734076011049,-3.592727916799599,1.1641495847122487,1.319695539312484,2.2680509552038073,2.783311969535991,2.4633982988109926,-2.0042520547195872,2.0704272938953543,-1.8435028413534567,0.8221420639923821,0.2200786819726698,-4.050508516603272,-7.526375483459811,2.7223150451151192,1.6295668103523786,2.962802255516128,0.7616346479822135,-1.7473325839626115,0.5787602721610691,3.9255898133640743,0.7521671407116526,-3.8714913896418306,-0.3445509833115852,0.058098388898624106,-3.666124157076497,4.1346468139418935,1.62498897203741,2.6867660357701877,1.6795286176685753,0.5191038369227908,-3.005012830199295,-0.6879024177630582,2.9866019767117424,-3.3718500571607044,-1.4975102335544666,3.8174105071804156,-3.7377593955532515,-1.0121630947074518,1.888634971220768,2.1753562840070124,3.3873273521144673,3.2083554654147313,0.8415267011128316,2.6945979791736914,-0.5866443423818871,-0.5132399622750964,-4.110013257387042,0.9730025162537856,-3.317378517657011,2.3798550815415687,2.042414674399072,1.1589497137984053,0.02860354581617797,-2.339300058325384,-3.5823976499590606,3.0324031527391044,-0.9868714531240326,-2.6420356624248726,-0.33359632002441003,0.8429343921385407,-3.9379451026879426,-2.5845858933460852,1.5372424868579735,2.0642081066029276,2.613304088625394,-0.6643978023039129,-5.294403211547649,-0.3918919465172742,2.0020874753964946,-3.691325313059811,-2.9410694798700106,0.20525297898806064,-4.7484264805364,1.0736455864908296,2.010043588654326,1.9738761155755458,1.3715301012177854,1.8867049388519734,1.6159998901000983,0.18291731590495447,-3.4221050340024743,-3.3911856849911826,-6.750437322537605,-0.19030963141079243,-5.157445815434223,0.29429065223341794,1.4926460367630054,2.9829524030553185,0.13069212619149673,-0.7535418811763348,-5.62850552421883,-0.7870951123870994,-2.724919168420977,-0.32369373021214237,-1.2288675896053616,0.722772983050206,-1.9822082143963362,0.24362302909120898,0.8446674366590602,2.47533384991668,1.3584281438280272,1.5631810301148865,-2.235139504909284,4.004512772556465,0.3999803106888515,3.285502113078358,-4.348399960303329,3.5415094352636154,-4.4545460018888265,-2.181608905856719,1.3892669987090167,2.937958157678329,-0.33883515439281475,2.9805390933479505,0.21099749329752235,4.549042234810473,-2.8515008395652006,-0.6576442066231878,-5.075537230544363,2.241484706030681,-2.4082036392924424,2.9654943232789064,0.9090492254483061,2.293282033810658,-0.3272379452371791,2.9407467700043375,-5.115475263506984,2.691934744498505,-2.6126088478896907,2.2303798544881865,0.525778126084991,-0.011579035781438242,-3.379453110086364,-1.278186591551906,1.0942810582626143,3.452090149476016,-2.7665198660604213,3.265325064737411,-3.6396185200853988,-0.1987770171519192,-6.2013337030765365,2.769914785293327,1.0313738561027308,2.846222208532821,-1.0095434139309063,1.2795243496278772,0.055585987100451775,3.7574270957354896,-2.8340541900189793,2.614074197386522,-1.8809060357175906,5.991544133681188,3.149975095358242,0.5790419568944231,-0.37535732460369126,0.5977052113636803,4.327134111585456,0.5775748656953935,0.10996583059059496,3.951692365621132,-1.6740354768275973,4.636515191234629,-2.272709408140744,4.195883076906133,0.5814379563295422,2.2843693047002107,0.7775558280501301,-3.267412335156381,2.5783952258835887,-0.2835105777682475,0.01992683701829054,5.492794766108565,-1.1295938101715362,6.48875613395661,-4.606271635782706,-0.41030176527870704,-2.3289431853190874,-5.545570585621456,-2.3037450159522295,-3.049327133402877,1.0150336540522165,3.1744525217530595,-0.17175411081141753,5.644088306015603,0.18915878110869255,1.0289678640154616,-3.378739913266923,-3.969199308713178,-0.14213207349870693,-2.9875053048322595,-1.8260852656713586,-2.7194425591417795,-1.7840139783896845,-0.7722161144313362,-0.5747156970258075,5.920809100979447,-0.01756406983474271,3.772096198938655,-0.3979784138875271,-3.306390770534285,-0.9360973039456884,-2.764402610722885,-0.7462462284751005,1.4431274413026942,-0.10552223848489478,3.841709919634688,-0.5853843449515809,5.081778225612561,1.712411562308416,2.0817667709920245,0.9206597812123892,-2.948005335427028,0.96196653006449,-2.5203132304872553,-3.388033089757266,-1.995999400207132,-3.0378690353550724,5.404878457390081,-0.06614662083207276,3.967333306235912,1.7683048053600705,-3.5294803098773513,-1.1763129553807172,-2.116138074108029,-0.8049391682112562,-2.1402261052711555,-1.0489822707636596,-1.443227212026214,-6.114667499396133,3.252773522206436,0.692947301469267,2.1291795789569026,1.849107484130138,0.7010982419253574,0.3815771259990745,5.276514019391917,6.581377645179035,0.9252151036540498,1.9541925366833588,4.227872233766679,-5.513941113821869,-1.878950309892009,0.8448916454921739,-0.16107018477437487,2.495668712510966,-2.7144481217977714,-0.559238074168377,3.171727113555167,2.1933451131620774,-2.9607418535124927,-1.812385275906298,6.624677438332452,0.33298387423941667,1.5771982703384382,0.7620520552115834,-1.6742990064932188,1.346409623845245,1.0978467306149595,0.12146186653579008,-1.3588062136671235,-0.2542082437986117,-1.6423233470286134,-2.825578590168053,8.900454675318427,1.2120203318520564,-0.34957329049019786,,,,,,,,,,,,,,,,,,,,,,,,,,,,,,,,,,,,,,,,,,,,,,,,,,,,,,,,,,,,,,,,,,,,,,,,,,,,,,,,,,,,,,,,,,,,,,,,,,,,,,,,,,,,,,,,,,,,,,,,,,,,,,,,,,,,,,,,,,,,,,,,,,,,,,,,,,,,,,,,,,,,,,,,,,,,,,,,,,,,,,,,,,,,,,,,,,,,,,,,,,,,,,,,,,,,,,,,,,,,,,,,,,,,,,,,,,,,,,,,,,,,,,,,,,,,,,,,,,,,,,,,,,,,,,,,,,,,,,,,,,,,,,,,,,,,,,,,,,,,,,,,,,,,,,,,,,,,,,,,,,,,,,,,,,,,,,,,,,,,,,,,,,,,,,,,,,,,,,,,,,,,,,,,,,,,,,,,,,,,,,,,,,,,,,,,,,,,,,,,,,,,,,,,,,,,,,,,,,,,,,,,,,,,,,,,,,,,,,,,,,,,,,,,,,,,,,,,,,,,,,,,,,,,,,,,,,,,,,,,,,,,,,,,,,,,,,,,,,,,,,,,,,,,,,,,,,,,,,,,,,,,,,,,,,,,,,,,,,,,,,,,,,,,,,,,,,,,,,,,,,,,,,,,,,,,,,,,,,,,,,,,,,,,,,,,,,,,,,,,,,,,,,,,,,,,,,,,,,,,,,,,,,,,,,,,,,,,,,,,,,,,,,,,,,,,,,,,,,,,,,,,,,,,,,,,,,,,,,,,,,,,,,,,,,,,,,,,,,,,,,,,,,,,,,,,,,,,,,,,,,,,,,,,,,,,,,,,,,,,,,,,,,,,,,,,,,,,,,,,,,,,,,,,,,,,,,,,,,,,,,,,,,,,,,,,,,,,,,,,,,,,,,,,,,,,,,,,,,,,,,,,,,,,,,,,,,,,,,,,,,,,,,,,,,,,,,,,,,,,,,,,,,,,,,,,,,,,,,,,,,,,,,,,,,,,,,,,,,,,,,,,,,,,,,,,,,,,,,,,,,,,,,,,,,,,,,,,,,,,,,,,,,,,,,,,,,,,,,,,,,,,,,,,,,,,,,,,,,,,,,,,,,,,,,,,,,,,,,,,,,,,,,,,,,,,,,,,,,,,,,,,,,,,,,,,,,,,,,,,,,,,,,,,,,,,,,,,,,,,,,,,,,,,,,,,,,,,,,,,,,,,,,,,,,,,,,,,,,,,,,,,,,,,,,,,,,,,,,,,,,,,,,,,,,,,,,,,,,,,,,,,,,,,,,,,,,,,,,,,,,,,,,,,,,,,,,,,,,,,,,,,,,,,,,,,,,,,,,,,,,,,,,,,,,,,,,,,,,,,,,,,,,,,,,,,,,,,,,,,,,,,,,,,,,,,,,,,,,,,,,,,,,,,,,,,,,,,,,,,,,,,,,,,,,,,,,,,,,,,,,,,,,,,,,,,,,,,,,,,,,,,,,,,,,,,,,,,,,,,,,,,,,,,,,,,,,,,,,,,,,,,,,,,,,,,,,,,,,,,,,,,,,,,,,,,,,,,,,,,,,,,,,,,,,,,,,,,,,,,,,,,,,,,,,,,,,,,,,,,,,,,,,,,,,,,,,,,,,,,,,,,,,,,,,,,,,,,,,,,,,,,,,,,,,,,,,,,,,,,,,,,,,,,,,,,,,,,,,,,,,,,,,,,,,,,,,,,,,,,,,,,,,,,,,,,,,,,,,,,,,,,,,,,,,,,,,,,,,,,,,,,,,,,,,,,,,,,,,,,,,,,,,,,,,,,,,,,,,,,,,,,,,,,,,,,,,,,,,,,,,,,,,,,,,,,,,,,,,,,,,,,,,,,,,,,,,,,,,,,,,,,,,,,,,,,,,,,,,,,,,,,,,,,,,,,,,,,,,,,,,,,,,,,,,,,,,,,,,,,,,,,,,,,,,,,,,,,,,,,,,,,,,,,,,,,,,,,,,,,,,,,,,,,,,,,,,,,,,,,,,,,,,,,,,,,,,,,,,,,,,,,,,,,,,,,,,,,,,,,,,,,,,,,,,,,,,,,,,,,,,,,,,,,,,,,,,,,,,,,,,,,,,,,,,,,,,,,,,,,,,,,,,,,,,,,,,,,,,,,,,,,,,,,,,,,,,,,,,,,,,,,,,,,,,,,,,,,,,,,,,,,,,,,,,,,,,,,,,,,,,,,,,,,,,,,,,,,,,,,,,,,,,,,,,,,,,,,,,,,,,,,,,,,,,,,,,,,,,,,,,,,,,,,,,,,,,,,,,,,,,,,,,,,,,,,,,,,,,,,,,,,,,,,,,,,,,,,,,,,,,,,,,,,,,,,,,,,,,,,,,,,,,,,,,,,,,,,,,,,,,,,,,,,,,,,,,,,,,,,,,,,,,,,,,,,,,,,,,,,,,,,,,,,,,,,,,,,,,,,,,,,,,,,,,,,,,,,,,,,,,,,,,,,,,,,,,,,,,,,,,,,,,,,,,,,,,,,,,,,,,,,,,,,,,,,,,,,,,,,,,,,,,,,,,,,,,,,,,,,,,,,,,,,,,,,,,,,,,,,,,,,,,,,,,,,,,,,,,,,,,,,,,,,,,,,,,,,,,,,,,,,,,,,,,,,,,,,,,,,,,,,,,,,,,,,,,,,,,,,,,,,,,,,,,,,,,,,,,,,,,,,,,,,,,,,,,,,,,,,,,,,,,,,,,,,,,,,,,,,,,,,,,,,,,,,,,,,,,,,,,,,,,,,,,,,,,,,,,,,,,,,,,,,,,,,,,,,,,,,,,,,,,,,,,,,,,,,,,,,,,,,,,,,,,,,,,,,,,,,,,,,,,,,,,,,,,,,,,,,,,,,,,,,,,,,,,,,,,,,,,,,,,,,,,,,,,,,,,,,,,,,,,,,,,,,,,,,,,,,,,,,,,,,,,,,,,,,,,,,,,,,,,,,,,,,,,,,,,,,,,,,,,,,,,,,,,,,,,,,,,,,,,,,,,,,,,,,,,,,,,,,,,,,,,,,,,,,,,,,,,,,,,,,,,,,,,,,,,,,,,,,,,,,,,,,,,,,,,,,,,,,,,,,,,,,,,,,,,,,,,,,,,,,,,,,,,,,,,,,,,,,,,,,,,,,,,,,,,,,,,,,,,,,,,,,,,,,,,,,,,,,,,,,,,,,,,,,,,,,,,,,,,,,,,,,,,,,,,,,,,,,,,,,,,,,,,,,,,,,,,,,,,,,
22,0.0,0.7569242530192883,1.4041949197889432,4.4185684139362,1.422054527055021,-3.008629672844711,-1.0988780622289782,-0.14200776662483686,0.4105787935836474,-0.08259835777076684,3.26267176997562,1.4904609397331368,0.07690089931787414,2.164644354888132,0.00269225814313503,1.4357852156082207,-0.8180097529901095,3.7738335766742757,0.40476695422915976,-2.0404857751238645,0.7200947100692086,2.1682708920183997,-2.8301321890234807,-4.159140033600451,-0.23209400738596586,1.7980562260657564,-0.1807268851382511,3.367794446997852,2.3070067023304643,3.8369123982910502,-2.331885120013541,-2.2228342317522247,-2.8717171697084805,4.481256354842024,-1.0744337098897991,-3.970478105989101,-1.0975083171551003,2.024837881178463,0.8701358647630282,0.25370831451100523,3.312635657101769,0.8584838462527533,-3.424639226569576,-3.0684252563109764,-1.5058407468165123,4.528993131349987,1.8076860646887205,-2.9552131373285087,-1.0117572283699179,2.1658173680456194,1.2852116126553033,0.6812319332248933,-1.309693673880531,0.19242714951717094,1.8383461169111381,-0.9126115748605459,0.818996063118507,2.641338337791969,-2.5407736560340255,-4.598486398493718,0.4344662389679603,1.740668304401307,1.1330822057838474,2.389614613758767,-0.9698841162898445,-0.03140067847104444,0.7990438581304175,3.9315364748288304,-0.9826104672818793,-1.0990087621742388,-5.995545756811809,-6.286546169535146,0.09557827227422393,1.666028161472382,0.9135400714561046,2.844408787508241,1.609594956010318,2.550346836933826,1.7821174410580753,-0.12623417751433616,-3.7831423612197566,-2.1314264502279268,0.33121767522550677,-1.5788292979856826,-1.178805205604983,1.6399365300705777,1.7715848975901551,3.680917705283706,0.7146656319110682,-0.6570409549000105,-0.794912673983127,-1.984816311985776,-0.1138000099415764,-0.2571324033592573,-0.9000592019011405,-2.1722570723288768,-1.5958264330654286,1.7697121023311886,1.7799817412946002,3.46454819430721,0.5211403626948006,1.3400933023207333,-1.4960269734114684,-3.1378077212038153,-1.9863950484889912,-1.8079786327275458,-6.687914489950823,-3.857000682333545,4.780570049500582,1.7527299404800647,1.4949339977976912,2.088182314624387,0.1310180583706818,3.7910646894766735,-1.0766176926302289,-3.3941015400008694,-2.4837482210477804,0.46872830718452024,0.7913869380879073,-2.7203043850023287,-2.855922476931194,2.198837932011695,0.9641803688176966,5.161350812462615,1.9368298768580656,1.7313902040499975,-3.4235189207490127,-6.280505974276006,1.2968154462139887,-0.9142521332806948,0.4564895863070068,1.719931976241516,-3.8417983715551847,1.3108235691711871,0.6637509729025601,4.129489074785402,-0.6511929907475574,1.4466663963510626,-1.1523231255675395,-6.0703684528563455,-0.3441644366708153,-3.8673845592399227,-4.431945339322895,-5.52777062971317,-0.29369175937434633,2.066107651844415,0.5010868648407778,0.7111363678751182,-2.216131328469852,0.8640012555280246,0.6978884528895036,2.1953737357664087,3.055624066400494,-1.9810090997939358,-2.382258277371998,-3.0229904961633802,-0.7215537437990738,1.730689064787166,1.6588344792735323,3.745955923744339,-1.8605300468029184,2.322662200260718,0.796194999574503,2.7287476736605503,-1.0876163273700001,-1.4445241749748634,1.8480454155793455,1.959847103296116,3.3838804598452934,2.319791974053371,1.8334272987853333,1.488784808423965,-2.084457531017855,-0.14671472267821756,-1.326434689881652,-2.3184060231221753,-2.731509782130324,-0.5012799807071873,-4.594013654910721,-2.248735664776276,-3.5510133765182,2.3932150594137016,2.007271601809435,1.4414306174861342,1.061677695011628,1.0963287427463457,3.6252001261769586,-2.9291647520451543,-4.8957800796773645,-1.4408871823528855,-1.687831867998569,-3.3085729489111446,-3.225378008364517,2.2265264373947486,0.8501395253107644,4.938950690592599,0.24230374372420124,4.809545633360088,2.6756270471438053,-2.126037785051969,-2.931737700970078,-5.6259562844218864,-3.0139831466994877,-0.7465856096170509,0.025791051482803085,1.6694707824916966,1.5544727112494372,2.665097796884703,3.224511351045136,4.908972837133886,0.23887097201102178,-7.088238482216192,-1.9641211130706089,-1.8428072795725423,-5.394942401950454,1.6043414349699732,1.6455899567785321,1.5463409960880148,0.3416408152471946,5.313432131424544,1.6914849977948527,4.368880903537286,5.146300462177366,2.093246811131806,4.848386388514904,3.150565159674053,-1.8154462932537714,-4.343630644123288,-2.084740442600009,1.9285529990882229,2.0271155008528683,3.6984531454478735,0.17480423834658973,1.3643894510097905,1.493219758067388,1.489104359928438,1.7294189260122397,3.228592484296983,1.0469822591857036,-5.160729675748356,0.7585537706945791,2.200411484655089,1.9482271627800083,1.90779623535928,0.17855676680649799,-0.07812030643119233,-0.275180688576101,3.24473207726965,3.7085282991881963,-0.30697316953858345,0.060154595204782293,4.260708729641848,-1.83804106711038,1.6372505357624612,1.813401753233146,1.7468898164697566,-0.10663740708702575,2.316314901978197,0.40645563320176253,-3.2574615376091347,-1.8794246997355453,-3.4653632605102,-0.05762574833541669,-1.0187791692832393,-0.46596038638900117,1.7630372373318774,1.433993508692425,2.508498989887278,1.619450847723321,1.6120902054347175,-2.484311293093053,-1.3463094149174186,1.833111468228075,-0.8473747740747506,-4.8415298240281075,-5.569655746035363,2.2147098926177198,1.8833207482025491,2.0120781976363915,5.150750113207169,2.015792804228869,0.6245344361585888,-2.6077017723875993,-5.114925233214631,0.3919276325334016,1.4314239577904337,-1.5543107846494002,-6.769725369392188,-0.20163968415810613,1.7937783972210235,0.02506776245851763,1.9497545162550698,3.207017903683546,-0.9347240989279901,-2.859054435383573,-2.580247141161466,-2.7280521440444216,3.240793227542656,-2.569616009566266,-2.892453173806781,-4.89641046768917,1.4575448423825983,-0.4281416431218661,0.7586620321071845,0.5004075309266811,-2.168812966041391,-3.0818158783105574,-4.821485982513324,-3.9088240697366947,-0.0687935404493828,2.015036096674961,1.0125615895741882,-2.1264926108961792,1.9157660788214101,2.1527817838147545,3.8735253942177867,1.0104151353614321,-1.6937070987979825,-3.5048986436829623,-3.182333130935028,-3.8053452864929316,4.032544786031862,0.688582761407988,0.16796273235687587,-2.2556682752550907,1.768543217367691,2.3111257925692525,4.877889027938355,0.9480326573804319,2.727043924362094,2.7233943886123,-0.7707266650924918,-4.736781696586686,-1.993633802555833,4.194799622902085,-1.3135651837030728,-1.7655207769818206,2.1523501129348754,2.859735910316592,4.55612120224085,4.4126170837174525,2.3437466772901256,-0.6718956061706083,-3.2446563875467302,-3.0818783432704895,-0.5109179632556147,0.13573546789763263,-3.2135270760422254,-2.8827423267535455,1.5950772958914399,1.5106161342592166,4.7088165518931735,0.12634605439384883,3.9467170490828685,3.5659038139941845,-3.4247730201879545,-2.7034498329795253,1.413994506631506,3.1496458532947926,2.756356834046054,2.880385638391446,1.1298659564254379,1.4372269177113492,3.9145779383910395,2.320152261934618,-0.07040173692939279,-1.2272662767490856,-8.855517572422674,-3.4660990098316002,0.4549697147124626,-2.2100878684810508,1.2925419838282195,1.3955762954704412,1.4831167599703636,1.1949199585504717,5.515717973473013,1.983645859895045,-4.248955117501558,-1.7484478816279898,-6.40244448028716,4.48941890782607,1.8128867042496877,0.8066886780437645,-0.8488014843670788,-1.006797059085752,1.9671256661874765,1.7531788980535175,1.8663009118152232,-0.6287505407431085,-2.1551944730979473,-1.32279442749459,-2.0794020417423185,-1.9266702833401723,-0.16297001292244032,-0.9283358003203408,1.3220571286620166,1.3314424867706824,1.6054911228284685,2.678803901501387,2.6090135221559754,0.044553882167791097,-3.1808042752741623,-2.2890912762671975,-2.051945094905873,-0.9435310548732467,1.3582235291408156,-5.213955637083324,-1.1306011625202779,2.178132332518816,1.9328073300290012,1.4777871248037449,2.246241330101639,0.9723458755142035,-3.252482957767364,-4.306541566384823,-8.831467851838232,-1.087572335195085,1.6770145352289931,-4.218469066531146,-2.9568133092977904,-0.7165812098647619,1.6085566600512928,0.6623140504835525,0.5308738464356342,2.4471160381110706,0.20081574804789887,-0.9801852501823581,-0.8745046393538453,3.0028306448627577,3.6401175197760307,-0.7350661914479252,-2.0092944516411855,-2.5016320307155056,1.0324814990762325,0.691535656794724,0.9364095814284965,3.094891678085989,4.522795376858982,-1.529587222731076,-4.87769858589964,-3.4968527315617064,-4.296588947755232,-0.025660682638735798,1.0165752877988312,0.6623275087312074,1.4577126141021417,0.8859578293875533,2.1266694800198467,-1.030257641823214,2.7570332714882166,1.034361072099608,-4.858178407856177,-1.4453320501730618,-0.31892216494616915,0.7072547908416297,-4.418802581910926,-1.084084012519621,1.1205833100776148,1.0786442429406051,3.4826623671046613,-1.209558896712691,-1.0634656802142526,2.977828273993886,-1.1668141055656072,-1.5024562095176481,1.8374138258474093,-2.3305869562687493,-0.09098093078410636,-0.7964322538338546,0.8915009710915265,1.5692190048429089,4.1400800856781546,0.791192731056345,3.4684901524762197,-2.46749590470717,-4.2911492749039555,1.2430411993976591,1.5323780077900742,-0.2053626772217793,-2.712976873499542,-0.474762777105907,1.9079840431669746,1.3615271606815833,1.0719211587233226,-2.464591748297892,-0.2179122103286406,-2.993700889998833,-2.141431917795556,-0.7690588448950227,-0.5411925350962874,-0.5124075436131214,-3.005312896856666,-2.5749871342661548,1.7180646417607262,-0.13771883750522293,3.058246868781542,-0.34450900344703905,0.3914339417747951,-0.3049734960119997,-2.1635341507907664,1.1876058348592355,0.8256738566332181,-3.02204071785325,-1.7417362742726836,0.933446031946169,1.5051190026055072,0.9143917224707045,2.976699567696948,3.855021828630658,3.3633101042433773,2.259248315616399,-0.3848118563930766,0.8405509659666965,-1.5689898494792838,-2.335059216760327,-1.42270859416074,-5.36699317707793,1.9179108090898087,1.7037258046090438,2.6270334275480347,0.822318921036809,0.8556893191513428,-0.7657132772388461,2.296646323660188,0.2696024606209535,-4.035310179795942,0.37351136603547047,3.916748954965845,-1.1333237084121204,2.0135095746247345,3.103171272065096,3.6929829210133467,0.9903555770783622,0.7348452905331071,0.9525005033802185,-4.151665512121495,-1.8266702353808446,0.7629540926455028,-3.1910393167898037,-3.245677689325504,-1.972128831513646,1.4122994352099756,0.7622188559621835,3.1898178323770967,2.484119613315323,0.4817916080176327,-0.3645382684146758,0.49648218213809725,-0.0587904491152729,6.99747257748889,0.7204357631600986,-2.6863798423710437,-2.096449072486906,2.0192960015470587,0.2197362489857863,1.3653589094289862,0.3029244570807069,-0.9079474666114558,-0.3332417061298979,1.6496334302973183,-0.6222943607180034,1.4985812672814824,0.821136569144046,-4.81893910615873,-0.21572696248398665,1.1171979822682978,0.4714480097487218,4.229783522452816,0.6530438012894638,2.882025933852986,3.5118492609748153,3.6379548158484267,1.5968431323697876,2.3910854423434267,3.173358487030796,0.406748877507463,-1.9317998594409134,1.6782270746411732,0.32455757981476546,1.3838463510364212,-2.0544723473780393,0.9766559737006489,2.4047448142052548,1.613052591959895,1.8321317078452708,2.792233128021783,2.737078324260912,-2.3223466475547196,-1.1803526594340503,1.9072260459971726,-0.17985148641137508,3.0238332628062063,1.2266191144238676,2.8288562745976744,-0.25557075079846503,-4.506676816053672,-1.5018201321151947,-1.7278890234500965,3.2915469054206894,-0.9870884948440222,0.023162683614283076,1.0965706050966386,-0.1504203525854711,3.994825122536213,1.033814950629722,3.8879878988265433,3.2772292097877926,-4.0928295905884475,0.4210645593758554,-0.10059597279801129,0.1027749098709551,-2.9081854844117374,-3.125131330705558,1.5462893762686092,0.8027886059984038,2.365649267102464,1.2641040010802742,2.3981694036675325,-2.594680645495367,-3.3664811519700875,1.6265618568513507,0.3632751683778457,-2.0959966387372466,-3.51153447379459,0.9384133429877696,1.1642462390357577,0.7262707679611219,0.5828191923519647,0.09819532078658878,0.6163558426240443,-0.19068722184720774,-0.8267925854014213,-0.5807988512497646,5.777205408011685,3.074170539542962,-0.541912240019434,0.3670634665173179,1.9780007984193293,0.6771315110711069,2.850569922522592,3.2313969734951327,3.7924916523712016,-1.0298023424238616,0.7429092382019025,1.6821729655120035,1.0634912681466497,2.614667529707926,-1.6034089388486283,2.069072996743409,2.082467142550527,1.7810238964223983,2.5119389292237133,2.1993569720662207,1.0495286336567233,-2.7879758351395068,-2.6954397679866235,1.7244331343002541,4.762211400751368,-4.217419156660495,-5.103039190567938,0.41979523478725156,1.8576132587444139,1.1232477631950484,3.7333671495621426,2.7982607300333506,1.6752786782154419,3.112845414632007,1.960143530252933,-0.06298523238784895,2.129463878032519,-3.1155876469206354,-4.786260667995388,0.5500534546598993,2.0411751228085726,2.3198521515892656,2.802410473429765,2.167610993316594,-0.9977450740059189,3.4561653893593483,-1.5587932859218472,-4.68413602668324,2.833968827539263,-4.253472535707706,-4.4112024732339865,-1.5090210107740072,1.833657702450958,1.6485956010759484,2.164111424949119,1.2789072033866578,1.3888896980658414,0.802132045195241,-1.7626783217590867,-1.8746152279934158,2.2809071420321203,-1.8796324608942117,-4.584630589102658,-2.357647002986719,1.6895418996642644,1.221888370579276,1.1702913237276624,-0.904071480952863,0.7554889011209892,3.781823144504842,-0.6411223397723387,-0.4698792706321606,3.656871212272986,-2.1394005945012267,-1.4030663341103322,-1.964412184367323,0.9811639183731545,0.8247444784039782,4.790282094163883,1.6787785265918298,-0.9283171053035492,-2.942225294348336,-0.6803973678784887,-3.7037616365757793,1.0665171278296588,-2.294782656395323,0.9424918924303074,-3.750563287819771,0.21454640473549222,1.7381769457760121,5.514523859688151,-3.2291934824409276,-0.2718462321055435,-1.2387370713478112,-2.2317233389680573,2.63069924286558,6.6370673880134134,1.5475748943565104,2.0820107020457375,-0.38852092915081815,0.07599406639137181,1.370659704624821,7.478316421214537,-2.611468063653136,-2.272958438833401,-0.334785474533963,-0.6244234777051564,-1.1153157389810884,2.9383215309363133,1.4968600659536235,1.1866076876232408,-5.912662571841486,-1.011361325431702,1.195838955781091,6.788877144555261,-5.447384117864196,-2.0799677715739144,0.4726588064279493,-4.117983453546231,-2.1824466047078994,0.44392166995800325,-0.47499006300298413,3.265388548014132,-8.677147347041242,-0.9361070076647747,1.909961888426868,7.29783491741969,-2.57986890724233,0.11423771120421461,0.6198884863236931,-3.8316861977460275,-0.631527378432769,3.0170967679908376,-3.303363323463108,0.11050339968634841,-6.3775054048422275,-0.5109086490614753,2.3836169561488614,6.361265322443945,-2.124423013821831,-0.2863228527969741,1.2448896478939648,1.486439098770151,5.154088877869542,4.259473405762963,-10.351418178220724,0.3018805834039614,-5.3466414908687,-0.5880981067105799,2.288423355275041,5.082254306591246,-0.2337060051448531,-1.977388190064505,4.081629356828925,-1.5431563557017047,1.0542649626783498,1.2970453356294926,-6.611869706125456,2.6103027592396013,-3.21783679841368,-0.07162689341210757,3.0448663533457916,3.356172392620638,-0.43218304007643127,-0.24762397593601718,0.5661020566203621,-4.605956506301472,0.0665050464673443,-0.9699365711721153,3.400860860833133,3.2096971823268574,-1.7883083379030773,0.6281950896267395,1.813318587923298,5.141490941929874,2.639548740038401,6.091296112570111,8.09662881439984,2.4320421300380834,6.51867799556637,0.8036225599966387,-2.3405161879062817,3.0568321961181604,-0.623182089798389,0.8406357323198839,2.1110115833985144,3.427973668312465,3.825764967893856,3.6417131249075023,11.431882129713347,6.0113018135286325,10.48145199775491,2.4811606683312806,-8.528087582812656,2.2071059767345367,3.6271112332518465,0.8796228072808939,1.5080745982884174,6.805661194971726,1.4049805024779947,1.9350688281385386,9.487466282279543,4.792235566208611,8.342402834837264,0.7606900295474566,-4.680518655615312,4.8574028534283995,5.190744926582725,1.0167759644004386,0.7399413117670273,7.233647359043292,0.19483201904235414,-1.4176212313035572,9.316554132679794,3.4618582364982267,8.066669474894134,1.2812959459904352,-4.510188492716591,7.339346388890163,6.4273809165625515,1.3459859224511108,0.9120022742808516,6.469554018775319,-0.5412811917022248,-1.5207303878146035,9.43622344493402,5.495472775232121,6.8179460797993405,-2.488614340956898,-4.7993476110101385,7.517977656994572,4.843587694512367,1.0280086911441992,1.0802256275582391,4.222856001500784,0.7507818593250388,2.758311974678934,11.111570209394545,4.912496132758466,6.063088099217624,4.750522390791276,-3.8320632882410948,3.819853019796998,4.469470311556636,1.333448001655797,1.3804042084296588,4.650452372212394,5.158104495611345,3.8037175588615986,0.13306123660465397,-5.629323951923146,8.620755790688364,5.829330338599406,1.667013669021302,5.2364605958827255,8.187762321623108,1.341952456924327,1.7032213403403613,3.387271076158988,5.521670959893115,3.265749704599758,-1.0577794622138574,-6.407189399566679,4.157153900624273,6.779328539054419,1.8150729564056682,4.464037538609155,7.884967807885505,1.365042548190927,1.307246390721644,-0.1284120143890683,2.5701577003967246,3.106673155518044,0.5947045225439471,-5.88225783376129,3.9260946493837787,5.063801851954589,-0.8546207549226189,11.250966030469321,9.529558241667255,1.720152181237272,1.0247117648152848,0.3281574912172359,2.0871537717412125,0.9092550843166634,2.9286169223186618,-4.078325788427813,3.297773499769602,2.1707065459664165,-1.560703592287197,13.325137934842113,6.658208786984424,1.6555532245314324,1.8367639717184545,2.13909726116629,4.572402329400904,1.6903557764129356,2.5240856197694304,-5.8934109510977555,5.149147595248144,5.721544404094449,-2.2624224642005792,13.965592758508244,5.951824329721391,1.660681053207061,1.8287486438976133,2.4702170303768862,3.152988291129337,2.408070371972509,6.579436214065527,0.3488228242977158,0.3229643950891012,3.8479211175248262,-0.49102825937535216,10.091545815440126,6.514177102118158,1.3174450691754571,3.206385660473706,3.50338453571231,2.8358187231200342,5.10377599574521,5.310506724492516,-0.23763892486329996,4.982656168089627,3.0816246962885216,-1.391059195528679,12.004123213266439,1.998509379878937,1.8653703902159973,3.7202345439002555,1.6643353451639504,2.5560657379316942,7.686103587831078,8.15296170723862,-4.177310953662768,1.4896688130217433,3.657952244307291,-4.23613847693294,13.662352454001507,4.648339379943559,2.089920917658415,2.892967242781017,1.320637006241294,3.523012118290516,6.901264838643153,3.774133831511727,-6.4314823127584955,4.1595660039928095,6.836211796154894,-6.5196425731812,14.018328352471134,2.9593592315844175,1.9433307028260727,2.0794396101404438,2.5505265157039076,3.8129216371865855,3.0908546715262095,2.2747009973597163,-2.6174556174670784,3.6990699848323985,8.275965999099547,-3.1937478587256964,7.82223147928733,4.41487576617278,1.4409776677546438,0.019087753453016398,2.218297999578276,-0.006282606703566511,3.034650418210528,8.49775837660394,6.0590259804591176,2.211960795759719,8.279804555050333,-5.885722702760979,5.730479753935637,2.9333587467554647,1.9484575569822158,0.8382588206180995,3.0431359271128153,-0.14265790977373746,2.938878434718704,8.707684813135469,5.634024737181502,3.7365217136936564,8.65834698413064,-8.43239616229889,4.327499656671317,1.1429987833051083,1.6172254552048448,0.07371677282092744,4.088286493860991,2.3683415886295087,0.0457925261574993,6.398856401895852,4.29457851390138,4.534027382098949,5.956449953972544,-1.103705987097705,0.1557128132472634,-1.7734619853806604,2.0875231717656644,2.3668128736352143,3.246199696786086,-0.6466746827563933,-0.1022921939110052,1.2319808654617042,3.1641763705687573,0.02478120348400809,4.440739958088098,3.2512741281095288,5.199315486022231,0.9860613593810075,1.7791194937846453,1.4009620775596203,5.200073024325549,-0.9799936093681852,-1.657373349168594,3.930387614527951,0.645131954303333,-4.974363809477269,1.7405701727453142,2.723738864833336,4.1193526240969405,-2.351429561529978,1.9850600708218942,2.4833678696399133,4.080082111385397,-1.477777150517144,-0.3556902069988832,0.9783785859862575,4.072404837255144,1.1876076094258796,-2.474955365634079,0.7631912668024337,4.716609757040699,-0.5131377247246175,1.8080640319631969,-0.25326350734880043,4.97381668742008,0.3217119045075338,3.7299404391370308,-0.23827785200686857,1.0819696359249034,4.626299785144329,3.2892222949035714,3.3816340567651375,-0.057740526292763765,0.7574465545994193,1.6911428427977484,0.6744575301836256,5.08409424383271,1.4708920829164949,0.9193642103377063,-0.22550975252324093,2.26013449813483,-2.1675446882745084,0.9615618836272095,-1.4288479823888227,1.1016996503729677,0.20453181388890107,1.3823046621424304,1.0391172818110712,5.392116918468026,0.46936250130296947,1.4462605258994794,4.5127786834497785,3.5324092599451364,-2.9797730331502366,5.822921907263098,-2.39758212329369,-0.7878959453619926,3.18164079292345,2.007160200839066,2.127910878201342,3.2511873740492576,-1.6286860636581024,-3.1387573645366724,-0.4172737602809165,3.556733643385945,1.6102824379579945,8.144257116855403,0.533835857216395,-4.0506104412932675,2.122402868706697,2.009718967610332,1.0130975045380917,1.982737053652266,-1.4797854630648677,0.9574398883312408,-1.2485578138776277,-5.83799804164562,-5.067646937240276,1.512003887166495,0.541409429492018,-0.24479285810288925,0.5476033832016154,1.7360093801024585,1.3912820751437769,5.253283482658623,-0.45085357319520464,-2.104669726035977,-3.928746608843536,-3.6280304491481044,-2.091138298698965,0.6307623352067496,0.5863833044886749,-1.7703925926172461,0.7078759284445776,1.8807029227750023,0.9735070129721785,2.6019995661148805,-2.539984640684312,-0.08432271490036328,0.9707835338665555,0.8643312824831737,1.5010429705164021,0.39340672397222987,1.8173483232326064,-0.6449501134597526,2.717557174940456,2.1699521638990626,0.6734106750860969,3.411559863562578,1.2356676550430674,4.077344094821356,-3.651266647200097,-2.645194637505033,-3.0567116021380447,2.861329105521523,0.4743900259062051,0.2809709165468813,0.3643636968617728,2.3632977033396663,2.1788145897369486,3.6299973858772945,0.644479660100484,0.7337953225407525,-1.4602183519220635,-5.895865033893799,-3.796718262543465,4.066045156367711,0.27861196051083964,0.4543074117199446,2.8529834995261725,2.496847400515534,2.509441842046497,3.643290135307614,-0.09786514221070797,-0.022639157043742916,-3.0975936935973967,-4.4662984002949715,1.7067823551939012,3.7542398934497645,3.0761407659570197,-1.4235603240746688,0.9099987547421852,2.073058855523223,3.5205282170426164,4.31320470218518,-1.2957501892810628,-1.7111033095607413,-4.82912923124761,-4.378357221674595,2.7060180930878714,10.437468893426638,2.1860370358209416,-1.2452377560553323,5.60155984709338,2.3934730507498783,2.6960119508343716,1.3911022960105641,-1.0276599035343812,2.4380041149198277,-1.5283902686882538,-2.472977992050322,4.052868998367137,6.329529980921324,1.4508302243553144,1.1854984642313566,2.791585830303664,2.7045172989521107,2.140543044221808,2.1734637395901455,-1.350216044697825,-0.12997673880194222,-2.2780577379267895,-1.8877254875739944,3.66063954405674,0.26360239026105586,1.5937576741173032,-0.5577345619466233,0.8742353461494812,2.033490445376793,2.561330576719425,3.4157323533808457,-1.8273050712040293,-4.368475885236579,2.7296025271797424,4.417359870655316,-2.603146660391256,-0.44782176699240045,1.6883450180455164,4.01237680579556,-1.2696427726275759,2.3056939628730553,2.455536242108638,3.8611167204050663,0.25864577180762405,-0.6146197489500809,-1.140137895597875,-0.7387810997203303,0.612725343365752,0.18832782420942898,0.9574843098317135,-0.8740749014450782,1.7117127642438752,1.9534741715648574,1.439116343535553,1.8513324912309632,2.2517297847378615,5.37100795144757,1.0175747778388327,-4.0120755563274635,-0.3321154842378828,4.833286134688497,0.013552980484917487,-0.5884821507219682,0.24630179209470965,2.2378014776640573,0.7058245714899738,1.176810015368815,-2.5802941554554337,3.1093572863872976,1.4511777642634949,2.3092276991468124,1.2482943447654207,2.4815031674909487,2.631344586501187,1.733106458014966,1.710009894740903,0.9968250079233085,2.4922847081986377,1.9012622245993052,0.42876568323775976,1.5003604558695525,-1.5778952826970378,-2.9777380224191474,-5.764258969099896,5.672718307666493,5.618316591514288,3.5402174773963697,-0.2992909428124964,0.9351748826400536,3.4478845368070785,1.2887864393614294,0.5193525208807068,-0.18091312686360067,-2.136743088917476,0.4992830799551223,-4.92455374251026,1.3134723047063277,0.6416612724032636,-2.14909240466019,-4.811307721758431,1.241728018546223,1.2467966692894783,0.7131461680627129,0.8449513722048373,-0.683304837479806,1.549050862793445,2.366159382841785,-0.6142070324098374,1.946171703394406,-3.2410807960685615,1.9308635876633442,-1.783523654217154,1.0923218660187386,2.7038648738982776,1.1860706796895486,2.8856876564577334,4.823314393280612,-4.557962575413934,-0.6700831654072599,-0.32221568549580165,4.251739232930534,-2.46341772339449,2.0726765653732704,-0.6686686131170079,1.3678790036684576,3.720330037908794,1.0460784060467503,-0.28942028874158,3.0813695492490587,-6.625487866727043,3.8125942866906177,-3.7385049038829052,3.7754533592738007,-2.964216179282372,-5.038356648089752,-1.3502512053835736,1.5192388538900257,4.681324643199398,2.264860920503567,-1.245705943246475,1.3387626819212988,-5.961138678342634,4.598561517066624,-3.9704923311075913,0.9793698597280881,-6.154931498753229,-4.1854090544771525,-3.6008278425161215,2.111622210038689,4.596322116577014,2.0091994570179406,-0.509013209059068,2.296819704136425,-4.204561868094402,4.127923951280984,-1.7489605008493698,2.6691304614855924,-3.5588771661970307,-4.7825193681177565,-2.9422927654207927,1.7852800091299055,5.565342750550331,4.635578280765163,-3.2805321951991706,4.008271134712753,-5.975946753286439,4.146812668220364,-4.721926185584181,1.8489277604521497,-1.593307093459089,-6.821799148139121,-2.096783177125331,1.5022849070959965,3.0482246533223116,5.7699344101253,1.4922230573164905,6.266585929540719,-7.234297355381769,-0.9725412338492562,0.6718996480058107,3.3107356804865407,0.8172143223417356,-5.300597574860849,-2.533685034197077,2.1314777436249326,2.4182487665645,1.7915044347872737,-1.2106665599856956,5.8831084710588515,-2.6094196168289807,0.541446627855561,-3.2788114831518804,2.5898186112382424,-4.427441964832153,-1.5533753085180029,-1.4043143220232364,1.7714146070594738,2.2690910306606833,3.8954998863544814,2.4249203863180533,6.726453977892703,0.7769985599357437,-1.2626408456996354,0.08445758757580045,1.6026744961499493,-2.00135517015222,-3.625035716746814,-2.0189983737655854,1.3278875418855942,1.0019275896372457,1.9148916425987328,-1.6436914535013443,1.7361517726266391,3.9519238257652947,6.026692639987159,1.0555746496141412,0.8092966333006828,-2.7392464346885093,-5.656027878995971,2.075282882925496,2.0345488074646494,2.7569958070964415,3.7098296950605123,3.3245840062490193,4.806437580819513,-3.6123835076076456,-5.72647173120767,-4.241976184772505,-1.7650644096568442,0.8414029711645654,-0.3509201997404461,1.298955226324865,2.100291176235299,1.9749487457953572,3.5721219994745224,1.2124587054731617,3.8587422149278137,1.1776724979932884,-1.9701995024453858,-1.9971470216470126,1.7355758752329897,2.6258677008998355,-3.1840012269225864,-1.3729214491010753,1.7564389197369177,3.0347144403254864,4.674143742473468,2.165843671166653,0.731767112872324,-1.9317162793339084,-0.20463730372541777,-2.9572929110878357,-0.7309413009232717,-2.5143972731524644,-2.85213381751995,1.8384398873050416,1.649707907200932,2.290813673751522,5.426726132947032,1.5650834395417605,0.358762130360713,-0.2858786244328945,0.41225096818619295,-7.295665822402315,-1.8465997770979659,-5.979039572895923,-4.849946459768531,1.6759415083007925,1.752927885923519,1.0734616769080756,2.4782320602782404,-2.407301411734832,-0.8609224151713243,0.9931890997694396,1.4849633957942354,-7.031524457536999,-4.017580737595738,-5.6838629806795655,-2.2175132948758645,-1.1382119812257483,1.7567721766676836,1.3761941905378436,3.687220749764351,1.1122258127266245,0.5470359502343051,-0.4693977302726278,-6.971877223106872,-1.7427412008720158,-0.5681361386623258,-3.6581665982192395,-5.911188430436886,-2.0277314772430763,1.914465059415598,2.0341727082646637,4.069603732967181,2.5703124685767365,-0.2366098753827838,-3.258495222068627,-4.883878231775121,0.3086842700251343,3.629325372881343,1.2799350864040777,-2.3188437126601613,-4.45129681089692,1.8066098027907223,1.4442809132500456,3.2996873945601344,2.5900868269698627,-0.41893342663308636,0.3783136330780342,1.3922551849605524,1.445803940915723,2.4214297957984225,1.0038998585935002,-3.086622006961554,-0.9490533798014654,0.9598509936732676,0.3881153136467869,-0.25268632896065374,1.2709983495510515,1.4735689563171153,0.774898495810536,1.2967237503802862,5.820797851584415,8.951632976955404,-0.33346046291847836,-0.9089756526717265,3.190698002160839,1.0944207441054068,0.09148004586249688,0.35808903692102356,1.5868981179571553,1.679359935716453,1.9833896606386436,-5.222209042762248,1.7980704417243174,2.643474615448397,0.36541470399625353,-5.543668393402542,-1.137830807584489,2.0856540689769876,2.2898096997337642,2.716145338957633,1.8723070159088004,-1.421059855631038,1.9608641267624831,-8.638386046757306,0.6316148805342768,1.623719880690092,0.38713804825673775,-2.548335796304813,-4.296041460197488,1.8649511717013294,0.9936342416214761,1.7228704962074333,4.263132539160476,0.8182084059444803,-2.6120864608047487,-1.805852472348862,-0.438778635786661,-0.722705562545911,2.61695689299081,-0.7916156477854793,-4.861716810088639,1.5598259559397172,0.8054366542229769,3.685105640800302,2.9215184726252397,2.775934852874751,2.0587644677166193,-2.3428355386245943,-2.7955002004035236,-0.8870400222389551,1.1558931096777436,-0.837674593464371,2.467151607686022,1.247160446353486,0.8141077647974257,1.5672690321991667,2.54082792881771,4.023200514472432,0.22200157217933417,-5.1895777305526565,-8.376913825348437,-1.9195726899730474,-5.036942944656507,-4.3336993391849035,4.4875145534137175,1.9568894852512635,2.1323134303103055,5.358766654843189,-0.7390801189014466,-1.1899044472089741,1.5277250719304623,-2.0172496213893116,-0.48515340851579514,-2.270922181092449,-2.7424648576349093,-2.63569431912349,1.744792656674388,2.2165988043060056,2.2671765519368514,2.245533427404897,-3.1758524006138624,-0.0197229427272812,-1.7068738695337098,-1.8645582814205166,-0.26129146831059463,-2.4318486182781123,-4.022499037926902,-7.395758134877064,-0.1583696209000901,1.5328907929002002,0.9170245613449869,2.193211892314133,-1.4407235810621146,-0.5648129208911565,-1.3582899446511285,-2.6347119952206453,-0.7546720300384321,3.377824816538304,-1.93995942325853,-1.348789383197745,-4.338147023109665,0.9680564360068199,2.1217907967366365,2.5009197357102098,0.15317258032522954,-1.8592284837533843,2.439961577422792,1.0487927579712473,-0.7276071246865748,-0.5369105121784233,-1.5465316964480778,-3.6018702088731906,-1.8490550257067853,0.6845313840331576,3.1029200513000217,2.163604725230002,0.47655607341814626,-2.913641584421634,-0.8524433526469984,-4.2369284835426795,-1.7477343035883193,3.634120484165835,2.6265076849559845,-0.7436144826003305,-2.8583040606998344,1.3131518238430882,2.2812296511067682,4.892457375503004,1.8511493771266776,-5.8819936377048565,1.6899630209794958,-3.035909683050847,-2.212202696455589,-0.11952610545856553,-0.38388758965338204,-1.3777699877541871,1.156795377999559,2.233927860949148,1.3939321308973307,4.662279229425643,0.4330194703193205,-8.743695460656921,-5.643044147887394,1.4984448574415523,1.429032027709169,1.7432955177364613,4.667554160880948,-3.0824618933457013,1.3201623694184952,2.889587835966904,0.42276490113309406,3.386377707082282,-2.4252495347637204,-9.296553455232145,-8.128395702364198,1.7820270014120076,1.0994125862976807,-1.0785475813831868,3.0253890375153283,-1.1095835956193818,0.5711037965474979,3.349915062835262,-0.5588212818367343,2.449368883520992,-3.8078154659811414,-9.773433602478287,-4.7425395679001205,-0.3844486969297389,4.209958654788219,-2.4845886735905407,1.4035966897167542,3.4513006755251063,1.7694408675566997,3.360235648535789,-3.146584799540086,1.3734008992401834,-4.332426376266176,-8.714041244797752,-5.888987353672773,-0.13392896343465371,4.55033842580621,-5.527743020916907,0.4460481805315325,6.574232440728808,2.331791393605328,3.464221142787381,-4.470430907267032,2.2568667763337724,-2.1122670684028972,-7.2596850283149905,-7.154646934828022,1.9462070613319342,8.891801259606154,-5.985519962733198,-2.7015064979504593,2.3362939878953886,2.9606730998125297,2.9826792739222183,-5.432980023869235,-1.0345054101194926,1.2103832696173478,-5.270082796503807,-0.4531499766912176,5.1838474679567215,7.1670395695437135,-8.011764569665608,-1.0490667613969193,-2.558774868701387,-0.4919102576606638,2.7928591446146855,-4.680727473494088,-0.6854881328100745,1.1364738879280023,-2.7819329786024904,-1.9836644400326344,9.388079877341978,7.133135630126196,-9.152717993085263,-1.5109576203306565,-4.607260659525643,2.529395290641901,2.2069328121071647,-5.0815644478246105,-0.4176915987298714,2.5666733984116576,-5.270246487181151,-3.686949088572668,7.606912188080909,8.057788582393151,-7.5202905386718735,-6.9057719314823,-4.609358192008168,0.33197921023435706,2.0944874750249927,-5.937598809362293,-0.14203712240800823,2.9145250502155,-1.7967410543173268,-0.25518548683264797,6.164417867431396,4.308096376249758,-3.8364899272818622,-3.0556350932725915,1.107658906456232,-0.8356997801894439,2.380019826827139,-5.056610954381615,-0.968483814188015,4.791187220165085,-4.84231908004859,-4.645615710524883,4.677361466941918,0.4070985187449681,-5.610307519571849,2.7559125148828376,1.880514900181109,0.03654581740430071,2.394585756450958,-2.263031433824798,-1.784755831330092,4.705958938156324,-9.071996406974796,-0.6187005355236848,6.04159503223438,-0.08426057352214779,-1.3431130193970071,1.013299461280426,2.8313711410389044,5.0073578312018245,1.8630278302630234,-2.5313875588127184,-1.779831302929388,4.313444378582568,-7.813115817902044,2.1495547911727897,4.014543103423749,5.481662676349747,-1.7831756306140936,-4.312867656794127,2.2726448738100267,3.8570279238704,1.9955789361801919,-3.057285508429791,-0.26620280955387754,5.344590187855166,-5.624239913515199,3.314290421176774,0.7789630021631262,7.33375997624765,-3.8860123418253583,-4.152913468723595,4.2491786881541715,3.9057249833084073,2.232165237551669,-1.8366545039284508,1.0847083180915118,4.6077836407681545,-3.779434937786666,-2.7286331138551296,1.4583152230647929,3.5926104798713645,-6.916414810296792,-4.0863471817679375,0.5251129356823777,0.9051773658909661,1.915855933513684,-0.7846763363663588,3.011255487125518,5.030283744618038,-6.723166910749529,0.9354812807682448,3.10431445627482,1.5291730827203014,-2.0804785433066595,2.0628893738692082,-2.715026637189566,-1.607947624371508,1.8461563626352855,-1.3328151865421747,1.4794349686013613,6.387210880627073,-4.666869909532875,2.8094510173920817,3.1671011120864985,4.763426069870718,-4.916721749340192,-5.7246108152738335,4.9202831223732595,1.874833343053968,1.750567744262078,-1.4578953856887318,0.1433174065743412,3.312252038460649,-6.354954850543427,8.00882852830376,3.261298113951989,-0.2720209021393653,-11.887612012968647,-5.051189512507877,8.506277205089349,2.606363551350287,2.3349113007622018,-2.2113265164054865,1.5021862521103728,1.3631785356087258,-3.911631252981076,7.777067809256575,-2.0091686756709914,-2.906694142119178,-1.627662612365633,-6.67867926834169,5.981324217620556,-1.3113052716536675,1.7074609404320464,-1.7731599377488598,3.4049203182563357,0.5754831650374582,-1.617128930846266,3.9231385859600096,0.6303460462498403,4.186978122177938,3.5025566338855825,-1.5004355686294217,5.107460067263523,-2.4574615722255393,1.9841550344320327,0.3118876248847783,1.879816302211562,-2.505437572888228,3.992279469348032,2.610109043601633,-4.954793667667816,3.9579199579171713,5.429749380718262,-6.670903639395639,3.1766912058118337,-1.5721803144764621,1.9739828104086246,1.0733533207789199,1.8289742001124016,-1.4859175299374727,4.3976483860709035,2.6557843970894823,-0.1743456339877667,5.989455130993348,8.227419553376947,-2.532923291309949,-0.5638897178044864,1.59482101085286,2.371627186981,1.709801512068374,2.94318674163173,-3.279298258236526,3.656484966605637,0.8087411959151936,-0.34424644326019693,3.229867747571032,5.111173484188093,-1.0018289394285844,-1.1993068365365842,1.973992500566705,2.9420324674279685,2.477840170276031,3.1848163665747515,-3.095149098402013,3.1698425788599236,-0.7071086301040923,1.0058396365624827,4.025388401762662,5.649532804959301,-2.6200832680475323,-1.3013554019322995,-0.8052982779123159,2.355707301139542,1.3866582030647334,1.153533380467942,-0.1741845338062731,6.065831915864274,3.48479439435236,-0.013182341288778737,-3.3898314666198757,3.1101720439675145,-0.8856683971445227,0.08643070970596733,2.9918070352385446,1.9153594235970501,0.5226800063409878,1.966175436030239,-0.9080684457967273,3.5709323269466258,5.062491824713556,3.8751047448348954,-3.7319571867181747,1.7859813457393325,0.35672850815808793,2.0279950909017783,0.9632741017892809,1.6918623883663322,-0.2179880363682028,4.048116821832777,0.35112979938876837,2.571177553571799,0.3751497485523755,2.932395102450084,-0.0766906390299148,-0.2166661150286618,1.7179944111129117,1.0033016920529971,2.0395749324350603,1.6157291122094992,1.615765290797712,2.953288969284256,-0.9420692281190929,2.399631822132643,3.1875870344122106,3.4181310983399937,1.0652923318499172,-0.07789651324415373,0.8785210006381171,-3.3382058560400676,-1.2887528834942608,1.4635294827349214,3.2422658584890236,3.9507462201148615,0.16145906858794376,-1.7240354985825515,2.4095699717897117,2.9559601567622127,0.1606169114908424,-2.335807956089272,-0.4012141933406141,-3.2076643834807217,0.7960442060852626,1.927249440462943,2.1224707194950705,1.467722528665526,-3.705251701315451,1.220511847642005,2.07146406081349,-1.406023278834735,-2.7940382123769227,2.351314579071402,0.4779694189863854,-4.09583118330209,-4.164358193841066,1.725403857972997,2.9333513082026097,4.142446407770769,0.30603866635975707,1.630373019638668,-0.06724930909690048,-2.0567002052891517,-4.979729933962793,2.3935220379514566,-0.1627128013311973,-1.9080560447539248,1.027246025472358,1.4078937460661485,3.316328467707748,1.8665363502576178,-2.121473620064685,-0.2996245350372263,-1.820262738539229,1.6227416076140113,0.495521896864389,3.8658048989165223,2.1248212795879864,0.7868902168216457,-0.6872726965013107,1.9631849902439737,4.520440109891802,2.538091187012004,-4.084775688208789,2.086182894147588,-3.9440730362304413,1.833545558210558,-6.988304248824671,0.9339977224289724,1.344262797677546,-2.1095112194661847,1.8542611727016631,1.9899523761675553,2.8593851332631712,1.9254978659385638,-3.083930959613439,1.1183552085957968,-9.561121033021541,1.2262205332790914,-1.877126252225425,3.198749434097891,2.1298384692494827,-3.6296714039388744,0.013498958434538357,1.9703883026514346,3.9136282502445754,1.7806099757373193,-5.337142843103702,2.0497116744258497,-7.577972145265655,-1.2546483367079992,-5.281408238770019,2.9226476616700303,3.1833091754496454,2.179494160984487,2.0416566511547005,1.539717256773428,4.030267342713106,1.4340625482853846,0.39832236802230514,2.39794444478846,-9.603076893332911,2.252764583739507,-4.004953399958807,3.156234660384725,0.9470095606170222,-6.040206324502282,-0.8362907333993945,1.486858689709586,2.6162220476513016,1.4801876649214685,0.3753783052521307,5.089143087417369,-5.4596213718386775,2.339898380355282,-6.538921454422623,0.8502972045270851,3.3992535352050304,-0.19421787462481188,5.407592859647536,1.6208008453997267,1.891851851362474,2.7132924219928563,1.0079986013694828,-1.0940244416779767,-5.424913715206473,1.8317731842415022,-4.838100664444689,4.175346674575098,1.1221621029182347,-6.299521933925113,0.32423246099825853,1.83911874341697,0.7670085430786016,-1.3243959471397322,-0.8921680738139688,-1.1474360123469396,-4.212639613699971,5.491721584243749,2.1035496497430133,3.075563721317257,2.5254346532098064,-0.7904734040365738,6.902355573140949,1.7168313852171968,1.4388103771917997,4.007238978220807,2.3210634558820913,1.9943790365394973,-2.452866943253153,-0.06831366975283261,-0.24300312542850383,-1.5021627354242184,-1.1410840839271938,-2.2135921330030106,2.6094951733236216,1.6801270807374928,1.0467702627618218,2.8649831380758704,1.0741278799668368,4.691942592286353,-2.2302038810967253,-0.5470804026508822,-3.0819871759008186,-3.6059395649104826,2.634967440441049,-3.479703435602339,0.32231537437113383,2.451625488088821,3.0884927490237137,5.936891100790243,3.8051127569966,2.4684576582039592,-2.3355034437960422,-1.9049947610205922,1.5805406765412016,0.0021330128188972123,-0.658280243516897,-4.360197642908052,2.961937881104366,2.38745144440597,2.9032242148837457,5.069967916193431,1.1134835202436018,3.269945171201092,0.4950543790840239,3.6751241512210666,-0.11782310745333927,-0.6187183626695748,-2.191003210998825,-4.598040746551454,1.1114759634450606,2.5038528546266847,2.8354241073794246,5.119962165177965,2.434501176630406,3.451391408356137,-0.6186379221007466,0.5656874738464508,-1.9720489840717512,2.0085629094787962,1.226570639502678,-0.9771282045666685,-1.3856280042567497,2.020372400543418,3.6140372837057346,4.407445456779669,1.4188400203875142,2.4698350156621456,-2.0326591988440854,3.6303956099736006,-4.793581423904761,3.1676074300660204,2.415979417066464,-1.3445583910734182,2.286000864128157,2.430790092847732,4.839265519283828,2.8599463576834503,1.8887642762744705,3.629485672587928,-0.07047896539189527,1.413156565851253,1.6038751443323123,0.7351333637582953,2.097213181573559,-2.2232864874443066,-0.5453574133943786,2.331317498000072,4.317625355301222,2.4513963509969967,1.3806499785920194,1.5370477134410487,-1.6321581228065054,2.976754572533113,1.583856116824481,2.7738155382213994,3.7159721759694713,-2.51261160744542,2.889749919526177,2.9802345435900524,3.054005458401096,3.982126486816462,-3.727260653798845,3.1328434246449057,4.188760385875097,0.09925273421383599,2.153052640909126,5.074329053744525,3.6371001803751066,3.3965011235228375,1.6575123591871832,2.6881245972565413,1.9536988876630752,2.749937564973629,-7.338791907677816,5.1919350089633705,1.502911395993238,4.261800541601647,6.684292550376161,2.064842215537239,1.0259668610220225,1.6723523370006625,0.9329818298127706,2.3471603176709275,2.3811296721204247,0.7396547736005308,-8.115204108904749,5.5427278506716915,0.4616939552578724,3.7391047265909134,2.8951231677100755,3.309012866577906,2.6745545714855923,6.1346477878675,0.7719462318291892,2.075929949425543,3.980204144996823,0.7894757725791135,-6.907706944537935,2.96173094598537,-1.3484362346301704,6.170837751755935,1.0760448638435107,-1.4275672492271976,0.3893213832517486,7.6669422368779285,0.1196236412400075,1.945612375358615,2.9702481533953224,0.6184890026333197,-4.856742008859952,5.392647151172941,-1.9339325500942146,2.727114243238178,0.6892499696252886,8.637318625204127,1.6106467381453256,3.072650572555682,-0.7368850425907094,2.198975939523562,4.140956160896439,2.651826282272193,-2.5324435076608434,3.6629664751067703,-5.753777421814314,3.355861977052135,5.942975830220823,1.210407792535814,-7.924187325332627,-0.7441293955100042,3.0212036845374923,1.5650983080208838,1.4800968112530717,1.4783904451451342,-5.214020103210787,4.199820962219925,-2.1429815739106894,4.386627039135154,3.92205723076108,2.9512791349241176,-3.582032302670146,0.20815642547904242,-1.329343669592593,2.082120701447337,2.6502155401330993,2.488959409781066,-1.2333764847465643,2.807470284300876,-1.0398193633324917,1.830446905441669,-1.5752577471915716,4.229300371483858,-4.1948118303177,-3.4754925134637458,0.4931828721470344,1.9291041984459287,2.8779801980448183,1.5295082388135215,1.6961687061023045,4.096180061111336,-2.303951577431115,-4.844693142531405,-2.148123868545489,5.22625339706773,-1.0242881317629187,-3.0033891755868987,0.9563073265024657,1.5594114103151897,1.649553752930839,-0.8087442886203496,-2.3793103414059273,1.8339695142069683,-2.3655940067810124,1.1841093374395084,2.037301125504021,-0.20588733633949352,-3.6863410213142043,-2.0890499340741333,0.8104490677543561,1.325151332956123,0.8535241177850172,1.437117919528301,3.2201600594997353,3.1033495046851045,-7.5282060678670515,-0.9149707478757191,-0.6279429669379621,2.3562249369899004,2.9667720059519587,1.693521966043611,-2.2265359092230446,1.5933331775057582,1.1735205063254701,3.4086242711730983,2.4309735951116114,2.4245917850057053,-3.2006695313574163,-2.9358523479269056,0.6613405027064576,2.6126484075622045,-2.7775150651110057,1.669891124364951,0.6292761074936015,1.8358370739278904,0.5327170954215152,4.4981515926681706,1.2298247034626277,-0.8577668947383407,-0.8719402195069262,-2.929295117074099,0.08846550735420185,3.5793227023895877,3.058367362852151,1.0258723448524316,0.0017644567439105952,1.4359534846952722,1.2350107566773034,1.1510456492012728,2.2960502744476323,2.001688959389851,2.207705663239507,-3.5100079706469827,-3.926526848063099,3.407869328352839,1.076807703732021,-3.034235672460906,-1.3061746219343164,2.034306693662189,2.052958886582721,2.9454875732137475,-0.37960607358384446,-2.3349537952079955,-0.12767548114790675,-3.34427926823952,-2.9465128998409074,-2.6024253286092223,-0.13022818958117247,0.5003316493582761,-3.2886001261898454,1.1292249655339126,0.7452687316965695,4.361371213032842,1.961642416116187,-2.1481540464973925,1.2958959532225984,-4.626901103832539,-0.371121845756625,-4.127188063870808,-1.8641984414694635,-4.921037187161796,4.3934960671602665,1.830301565833669,1.847293002728648,3.1645512942901006,0.12629347364914023,-4.9731797363505,-0.0214408340772107,-0.16747192442315112,0.5098003444411472,-1.3032264509537548,-3.8599628969027915,0.10886300259219751,-0.8513804732765013,2.0361293848802093,3.7643119097030877,4.552421776293571,-0.049180294989944556,-2.645363619708714,-0.4546120172736341,0.45197223780255236,1.5213651690088503,-0.023380886106569895,0.34744534802024263,-1.8920275343453574,-2.6607878070789233,1.4183175926306282,1.1837169277257855,3.3808987661324412,0.3233360580388028,0.6815214944686047,0.7653695013632089,1.91292716293989,4.6268221269243,0.022068878751363097,-0.9783893179378317,-1.7943355945847206,-2.8070994673427823,1.6339589073842038,2.8531376689511467,2.034211823388752,-2.372932398314912,-2.234867583200614,-2.904948797080276,-1.0985566416650994,1.2618505558285853,-0.24590720590784002,-2.8213423697054085,-2.1652124635716863,-2.0441793911247985,1.9523722928201026,1.2804170823014156,2.9662137665314057,4.149055383501791,4.684991255954901,-2.4874781887768322,-1.0839097295564024,-1.6814023367131208,-1.4693268792696792,-2.570069331496156,-0.50883064931109,1.4572257421584278,1.5668108783806316,1.4514262041902304,5.157623790411887,1.3226962556585204,3.100912847185005,-2.439538789847158,-1.5268821537110435,2.2364794356076603,0.3159029927408548,-1.7242149621283271,-0.3781155177902116,-0.7560566532663127,1.7221053202717171,2.265115010273587,2.9601266770315076,3.3740663769433406,3.477449348844359,-1.6785460576173874,-1.5829433144720786,-6.449839568609307,-5.039062520237067,-1.0185117907831631,-2.0402283010276583,0.6588819513115012,1.5769027374638205,1.158232702411182,3.7331950653360337,3.713383534465987,3.8526577952492413,1.472751109917977,-1.6469140141544478,-1.666390385080398,-0.37419507451041684,0.24522481210738617,-3.109567961868738,-0.775174077847252,2.0914646240267927,1.0155435403587636,2.112421445562797,-0.8618168390231643,-0.803774593841843,0.08627558977271046,-3.7593383611292355,-2.5167495354927576,0.8530088426201717,-2.713150770826699,0.06930904322782155,0.3558652861674222,1.924469877943661,1.4003374689431196,3.862196867928773,-1.3518344579951387,2.2814070164123468,0.9192215615420455,-4.0527678562975735,7.119049910303291,5.367993780134825,-1.3236208250931565,-1.7900509921619419,-0.5181596029581268,2.482153545997135,1.6203808011828869,4.071384179937082,-0.3672535606526941,2.611704992783324,3.71336421238474,-0.7024218186975923,5.052259354914888,3.4187136363334014,-4.624542470306221,1.568800698848266,4.2784195215897185,2.2499450681618685,3.3931769209537728,5.7846273784498345,0.9334673333661663,2.896266436119709,0.9585391983522552,2.3540990260157195,4.224073756595596,0.9480861991087574,-2.036672113771447,-0.5301166329227244,4.399260425931549,2.6487920378321625,2.7935056948708428,5.211758705245066,4.922879428437089,0.23581182061476386,0.6432644816888343,1.7185756209713814,1.7235273616712392,4.630588059771492,1.3692615296488826,-5.748340933920207,-1.3635714880947258,2.2969362303577054,3.1547838640773316,6.9529692426336975,6.003121814451093,0.011232034797507508,-0.6323645569817199,-1.2362932074111386,-1.8952112761858877,5.60299345721493,3.980964021637862,-4.01485645249644,-1.483963085777418,2.947688102819651,1.3100514376110373,5.626795975718977,1.3399160420274436,4.182018358079789,7.365502298236815,-1.728560744386199,-2.4885949535326914,1.6536855608218644,1.691397962213108,-0.42648793764035453,-0.6133189116095026,2.191719668126115,1.6528524754141953,6.3571111555011175,7.475680481353373,2.695111088533566,0.3359762345559434,-0.12374428548076132,-0.594348795257238,4.457135771658593,-0.4530789773209347,-0.5498240915900197,0.507288275655213,2.487661071989409,2.0995239102610146,3.1866313855271557,1.748844774117555,4.04262699450438,4.196623108346343,-0.676589995955863,6.44647830266381,4.523122093465241,-0.2331026344657676,0.25946600495360334,-1.1496967939099136,2.5203843157393035,0.91919173735183,4.174954222112497,0.89811130922332,2.250958557017437,3.459465980668126,2.7287318746754794,1.586441277732289,4.737707215943098,-3.3145803302352985,-4.093169529522213,-2.455510909485874,,,,,,,,,,,,,,,,,,,,,,,,,,,,,,,,,,,,,,,,,,,,,,,,,,,,,,,,,,,,,,,,,,,,,,,,,,,,,,,,,,,,,,,,,,,,,,,,,,,,,,,,,,,,,,,,,,,,,,,,,,,,,,,,,,,,,,,,,,,,,,,,,,,,,,,,,,,,,,,,,,,,,,,,,,,,,,,,,,,,,,,,,,,,,,,,,,,,,,,,,,,,,,,,,,,,,,,,,,,,,,,,,,,,,,,,,,,,,,,,,,,,,,,,,,,,,,,,,,,,,,,,,,,,,,,,,,,,,,,,,,,,,,,,,,,,,,,,,,,,,,,,,,,,,,,,,,,,,,,,,,,,,,,,,,,,,,,,,,,,,,,,,,,,,,,,,,,,,,,,,,,,,,,,,,,,,,,,,,,,,,,,,,,,,,,,,,,,,,,,,,,,,,,,,,,,,,,,,,,,,,,,,,,,,,,,,,,,,,,,,,,,,,,,,,,,,,,,,,,,,,,,,,,,,,,,,,,,,,,,,,,,,,,,,,,,,,,,,,,,,,,,,,,,,,,,,,,,,,,,,,,,,,,,,,,,,,,,,,,,,,,,,,,,,,,,,,,,,,,,,,,,,,,,,,,,,,,,,,,,,,,,,,,,,,,,,,,,,,,,,,,,,,,,,,,,,,,,,,,,,,,,,,,,,,,,,,,,,,,,,,,,,,,,,,,,,,,,,,,,,,,,,,,,,,,,,,,,,,,,,,,,,,,,,,,,,,,,,,,,,,,,,,,,,,,,,,,,,,,,,,,,,,,,,,,,,,,,,,,,,,,,,,,,,,,,,,,,,,,,,,,,,,,,,,,,,,,,,,,,,,,,,,,,,,,,,,,,,,,,,,,,,,,,,,,,,,,,,,,,,,,,,,,,,,,,,,,,,,,,,,,,,,,,,,,,,,,,,,,,,,,,,,,,,,,,,,,,,,,,,,,,,,,,,,,,,,,,,,,,,,,,,,,,,,,,,,,,,,,,,,,,,,,,,,,,,,,,,,,,,,,,,,,,,,,,,,,,,,,,,,,,,,,,,,,,,,,,,,,,,,,,,,,,,,,,,,,,,,,,,,,,,,,,,,,,,,,,,,,,,,,,,,,,,,,,,,,,,,,,,,,,,,,,,,,,,,,,,,,,,,,,,,,,,,,,,,,,,,,,,,,,,,,,,,,,,,,,,,,,,,,,,,,,,,,,,,,,,,,,,,,,,,,,,,,,,,,,,,,,,,,,,,,,,,,,,,,,,,,,,,,,,,,,,,,,,,,,,,,,,,,,,,,,,,,,,,,,,,,,,,,,,,,,,,,,,,,,,,,,,,,,,,,,,,,,,,,,,,,,,,,,,,,,,,,,,,,,,,,,,,,,,,,,,,,,,,,,,,,,,,,,,,,,,,,,,,,,,,,,,,,,,,,,,,,,,,,,,,,,,,,,,,,,,,,,,,,,,,,,,,,,,,,,,,,,,,,,,,,,,,,,,,,,,,,,,,,,,,,,,,,,,,,,,,,,,,,,,,,,,,,,,,,,,,,,,,,,,,,,,,,,,,,,,,,,,,,,,,,,,,,,,,,,,,,,,,,,,,,,,,,,,,,,,,,,,,,,,,,,,,,,,,,,,,,,,,,,,,,,,,,,,,,,,,,,,,,,,,,,,,,,,,,,,,,,,,,,,,,,,,,,,,,,,,,,,,,,,,,,,,,,,,,,,,,,,,,,,,,,,,,,,,,,,,,,,,,,,,,,,,,,,,,,,,,,,,,,,,,,,,,,,,,,,,,,,,,,,,,,,,,,,,,,,,,,,,,,,,,,,,,,,,,,,,,,,,,,,,,,,,,,,,,,,,,,,,,,,,,,,,,,,,,,,,,,,,,,,,,,,,,,,,,,,,,,,,,,,,,,,,,,,,,,,,,,,,,,,,,,,,,,,,,,,,,,,,,,,,,,,,,,,,,,,,,,,,,,,,,,,,,,,,,,,,,,,,,,,,,,,,,,,,,,,,,,,,,,,,,,,,,,,,,,,,,,,,,,,,,,,,,,,,,,,,,,,,,,,,,,,,,,,,,,,,,,,,,,,,,,,,,,,,,,,,,,,,,,,,,,,,,,,,,,,,,,,,,,,,,,,,,,,,,,,,,,,,,,,,,,,,,,,,,,,,,,,,,,,,,,,,,,,,,,,,,,,,,,,,,,,,,,,,,,,,,,,,,,,,,,,,,,,,,,,,,,,,,,,,,,,,,,,,,,,,,,,,,,,,,,,,,,,,,,,,,,,,,,,,,,,,,,,,,,,,,,,,,,,,,,,,,,,,,,,,,,,,,,,,,,,,,,,,,,,,,,,,,,,,,,,,,,,,,,,,,,,,,,,,,,,,,,,,,,,,,,,,,,,,,,,,,,,,,,,,,,,,,,,,,,,,,,,,,,,,,,,,,,,,,,,,,,,,,,,,,,,,,,,,,,,,,,,,,,,,,,,,,,,,,,,,,,,,,,,,,,,,,,,,,,,,,,,,,,,,,,,,,,,,,,,,,,,,,,,,,,,,,,,,,,,,,,,,,,,,,,,,,,,,,,,,,,,,,,,,,,,,,,,,,,,,,,,,,,,,,,,,,,,,,,,,,,,,,,,,,,,,,,,,,,,,,,,,,,,,,,,,,,,,,,,,,,,,,,,,,,,,,,,,,,,,,,,,,,,,,,,,,,,,,,,,,,,,,,,,,,,,,,,,,,,,,,,,,,,,,,,,,,,,,,,,,,,,,,,,,,,,,,,,,,,,,,,,,,,,,,,,,,,,,,,,,,,,,,,,,,,,,,,,,,,,,,,,,,
23,2.0,1.8027673377073776,0.15732399351095652,2.425996127574591,-0.8151982780717614,2.8045638754246447,-0.836398491434941,0.22241419031410103,-1.2585427773080087,-2.656989543885851,-1.4519244650134728,-2.4529461976043154,-0.7902085722056862,2.3109768144002496,1.1516675137320311,2.113987055332671,-1.3185456620675198,-4.766936896554183,1.4150412041733724,2.2099349228906298,2.929939221415988,-0.8627022841577987,-5.729072308176629,-2.037765582202318,-2.5200158762639546,1.8913192787365787,1.7880184387681486,3.9597349899871883,-0.9141682635944133,-2.480170711010337,-1.4302564038949728,-4.534483464639074,-2.340269895918566,-2.118775324771407,5.069929393534825,-2.349309320742499,-6.107745472567773,1.9320107184711028,1.443897062866775,5.095166779302729,2.7848368281901057,0.81468796721866,1.6210509047923842,0.8005325373761759,-1.2802583146942057,-8.87678461965351,-0.9361692961448282,0.3648045045630279,-1.3930330836897997,2.263002161747398,0.7828297381318232,1.5346228465871072,1.0036780711343762,0.9644881444459369,-0.02888410658677138,-1.176103321741885,-5.988703369997825,-5.912870641419034,-0.33141706734821685,-1.8232592622350525,-0.8223131668793877,2.227281462205772,1.4203462411893566,2.4770640424142996,-1.8907392283823383,1.7249103517739837,1.7950992682805709,-1.0270749472283696,-2.213965309531508,-2.701367457155725,0.39759382639542057,-3.275365622874751,-1.4168869623190343,1.322749929576959,0.8913960203524308,3.59947136400217,0.32114795376051003,1.0367780544496983,-3.1780799450038453,-1.681734126231285,-4.871645902625763,-3.9485944996689155,-3.05381001491287,-2.563614616178913,0.7435071672404002,1.4409469340811434,0.574429776033463,2.276225936845154,4.1334017756163375,5.570771784625365,3.271363715623423,-2.3057336986328556,-5.9607610875623145,-4.490503348144437,-1.725033949044906,1.2853638645209036,4.057237982436549,1.451251301734244,-0.14653275806280938,0.8405772650738196,-1.6525520321450051,0.8081005462119775,2.780632720470873,2.119030481804504,-3.1958171800066224,-0.4776717057044255,-0.5204672165956608,1.807473515117873,3.469904421935481,1.7165221979024785,0.5890157593238284,3.1403226320880404,1.0779557848309416,2.7223293227109164,1.8874822984573603,-0.5272773438803214,3.01361779423267,2.3069313279155725,-2.6631973522195693,1.3961036500257906,-1.903179005750504,1.8178276580158668,1.9964502541308606,4.567076351629187,-1.0121443401525705,0.6990481862767756,4.694107176412421,-4.501866599929662,0.6793654121318342,-1.933042081416345,-1.1291364490599822,-1.0054247891597912,-2.8188721105183197,2.5401868215064827,1.3563092503755694,3.6362748740602893,-0.4196550147250827,-0.06006190902536344,3.8302515240823394,0.31897899059058565,2.5776246228234054,-0.7257545979408997,-3.318257967733004,-0.3945045055349836,-4.062077090100314,2.050364766483183,1.5832260109568081,3.055023376008926,-0.9142986920504218,-0.9985461688963897,-5.104246620255801,0.073958810362672,0.09900351014390114,0.6877302118255287,-1.9794677399591032,-2.5177165983325382,-2.0805282978047406,1.66390311630653,1.6522378866638932,3.9149700223608854,1.494922137348412,-0.5103656156099015,-1.6742037244516281,-2.683376192584375,-2.2981050001835417,-0.08750593751037397,-3.1498002257357594,-3.4986470373241647,-0.4176493133698116,2.283671881071823,1.109031282321992,0.7540386294056189,-2.047405722456801,-0.07670355111294094,-0.9997004510022488,0.2922511911978622,0.46517150697532406,-3.185607964480097,-2.0240678462096895,0.6599491229742372,-4.979879264555885,2.4150712258342835,0.791187827886358,1.97775135583823,-1.805841066308295,1.7932143123470876,1.0261895034305821,-2.0086449898433982,-2.981053362220176,-1.6670668612092405,-1.6317730686637553,-2.163325433673446,0.5587548885277082,2.097805376372677,1.1656115628866652,2.4197126242000415,-3.6215755802896124,-4.855868569449142,-0.3032607020567623,0.6751207041175267,4.322193584894589,3.4364280158021794,-2.654500156346162,-1.9736159290118387,-4.257980241813588,2.301732598305862,-0.20326733822947682,2.141275369857934,1.4511970118025284,-2.0470388381616353,2.9152821133342846,-5.547993655977288,1.7397345413939918,1.0334358563045396,-3.382070887963236,4.835310508241946,-1.8480491903332719,1.8516323817090714,0.35825913323814107,0.7377360840920999,-2.4346525494908935,-0.048652591437930826,-2.8915790809398576,-2.30805456616962,9.501943398184247,4.6819560694758255,0.3406768433398903,-3.833213802857091,-1.1019986165537745,2.344446341527425,0.6236165312085455,3.0649475948394733,1.334632517156216,0.5186283351483624,-2.760282683685832,-3.2437905263139277,2.5663866544962093,3.013543748638685,-3.342491036089594,-4.400326026429299,-4.388459848168912,2.4110576239515713,0.6398221768108125,2.8249142689710904,1.60940609566302,2.2159319535442688,-1.1380306129259432,-2.2514868634362775,-1.5196157247066138,-0.6808629096377634,0.5589002191298871,0.11584798939914884,0.7109279012279506,2.0849175716254678,-0.019433264276182447,2.021273406814045,1.2450345199692088,0.6539593261052301,-1.8681746417660479,1.1300993064701241,3.4667399897096245,0.4778812573567218,0.5931732643759496,-1.5676296152812605,-2.2359281165115146,2.245953608101028,0.8673688901253099,2.5685531457621096,-2.4639389392903923,1.0224471764629104,4.896470023815654,-4.094526639920033,-3.3251978276079672,-4.790948717194693,-0.5233036139962195,0.5504055554951849,0.67719834912112,2.37531620867967,1.7754600702129428,3.1207448866472203,0.4996630274514382,1.041262429467874,-0.6921702136435638,-0.1512281625510491,1.2460049872495897,0.8263120486084925,0.831836298793482,-2.5036184136753463,-2.3889964759229776,1.7885722117521703,1.5442214179048206,1.9727145106513138,-2.68390821643808,-0.03253274137427007,-2.870045538771841,4.605065232171583,3.891238624231792,1.285297471264708,-5.343233221683125,1.8614257701409562,-4.133762415293804,2.7121466105452527,1.1018135684900017,0.4371389245766918,-1.8216081556889585,-0.26066562408295985,0.8844311026139542,-1.2838431046839498,-0.5794936344179804,-3.6986529391349094,0.7599743220260146,-0.8254817013193253,-4.575786795906243,2.1795327592958875,1.7993171437463975,2.864492925033597,-0.20156029564226452,-0.8175498148901712,1.1944082502856321,-1.025613169634391,1.1748581081523661,2.06858755656332,-0.9764337899092108,-1.3909077226095543,-0.8126332646948641,2.1306600822590913,1.3409724986331448,1.1516640063575967,-2.827254188707187,-1.9014033366552043,2.711822519277327,-1.1678413891580919,-2.3641411514918893,1.176857902808009,-2.765003528004662,-0.4087638699013532,0.33692251671738127,2.36639015058265,0.5200250157032063,2.2041502081748066,3.326908668662692,3.5006424490949075,5.154086542949635,1.5333739143401854,-2.140822206784274,0.15531007969369764,-4.649860656865856,-3.911321061977384,-1.6523447525161108,1.6743835716112447,-0.055994996604404414,3.5277712092258504,1.0712154789632364,0.3992208783273892,-2.433951070011359,-5.424037668228435,-0.9190953999585043,4.343628796092324,-1.069667313555253,1.2441950900329783,1.171607133073806,2.1574460887090727,2.073971796407033,2.597949243885341,-4.498918679350393,0.256205512893842,0.7685229817635644,-0.19623824889190647,-3.7957433237812337,-2.089081657171993,-0.040960986849766796,3.752978440641437,-0.5531544618049324,1.9915786497119459,1.2690180704121872,1.862405444631555,-0.34791431059060274,2.9844355967719585,-0.9146955141488748,1.853524308127538,1.4025800661730647,3.1291531411909923,0.8222004089671909,2.146527925679757,1.1024211960161725,1.6412832397627308,0.5420542458640623,4.081205015181921,2.24862170043715,1.965514277984829,0.7164680286929651,0.7807333182039371,5.131753279003245,1.6957772203395836,-4.151851075653,3.437151465138267,-3.5845238629120324,2.2654771434641026,1.0063602216154013,4.959771274153958,0.23915010187873775,1.7567567262462647,0.5097934549387445,-0.3804396506896727,1.8997593576551595,0.9661421469251004,-3.242700600279301,-0.34665714518123236,-1.483792953680431,2.07508259865975,-0.09131855967385281,0.7143088759232296,1.5661512505086455,2.901251235997736,-3.586215754345504,-0.2043968893853366,-1.0183803770066744,1.031740916584507,1.6238539576745816,-3.2685418235765153,-4.2845732272298624,2.1902578738571155,1.5765483494774326,3.92752597344055,-0.26971977733648733,0.5430893978578804,-0.7596114140875794,-4.201544583335046,-1.8192866228069136,-1.2669855611657739,-6.124919436473543,-4.518675240147611,0.8213882328160895,2.179008251233909,0.9253095443936817,2.3727816230115955,-0.30038138269254705,-0.09024013850153892,-3.914412221917715,0.8840564253684758,3.1566749056284444,-0.11775466014769238,-3.515949898491354,-2.492826539152222,-3.0076550776601847,2.5921459701909564,1.2107117722979523,3.3260028869587916,0.29908258548343813,-2.392832573520978,0.5180257502299517,-2.180891923510917,-4.674171058796516,-0.8793613904364774,-1.9728658453514913,-1.1391453418390334,-0.1042832171298107,2.8895731213515843,1.177924807007701,1.7374275965705408,0.9362260827406553,0.662734246094431,2.4504098193764645,-2.9025355410679397,-2.518511558334831,-3.1085040335939356,-0.9134814558939967,-1.1704619105939578,-3.9977048882326693,2.2496284113852263,0.40892574155510125,3.648083882275962,3.028089546124073,2.026275035054199,-3.0529141980494283,-5.579105400608639,-0.8401785282307757,1.2624232629781107,-2.126564298103927,-3.1091759027647936,4.955845448625108,1.7146313669627802,0.15583291150842996,3.1952402668452415,1.9758020962476706,0.48233647403378355,-3.0032188785762117,-1.6494245723996077,-3.8016812231862063,1.272070094727551,0.7888746619247665,0.5665438925623401,1.5696797600108146,1.2724066861814431,0.6036724853039238,2.697326775641286,0.6456161052472232,3.0512393383987457,2.2956626692208206,-0.9756510032524753,-0.6664555244524039,-0.7907694501454842,-2.686506108246327,-3.009419353452771,0.6634404865305605,2.144735960122143,0.9598596641371061,1.4389867566878398,0.5319429033421098,1.272587961147759,0.9048843975247243,4.381134027904388,2.608085326121006,-0.5990855163332641,-2.343438640256552,-1.4433573591417337,1.3075564891360743,1.9401955684211638,1.463386556783377,0.5345702478799716,-3.435699149816684,-1.775649985983646,0.24097421124997434,-3.2580810413374146,-4.18908133031382,-3.2273158872496532,-1.1029165271854797,-1.9716875525932749,-2.6520276218896277,2.5071483707432485,1.9156870864123747,3.4013030218001084,0.5862317947416763,0.6641065564410953,-0.7722392834081911,-1.8933185918730988,-2.893374711771192,-6.382422466932858,-1.7678744298888085,0.37581446770879245,1.3656337626811061,2.5228465906811723,3.295969631907784,1.6478595332806412,-1.3048469437337438,2.380924619974415,-3.9051018898739387,-2.587501235252666,2.020522511561924,-0.16334079057758846,-6.414752909970255,-1.696890504927811,-2.1137705338023856,2.3047222972035133,0.7789878919417649,1.9811181773495494,-0.49658996132144323,0.028101208071971938,-3.304889594960216,-0.5771512996545769,2.38474854351868,-2.569125164918736,-1.5535676570003842,-2.6026419325005428,-4.4576261940186095,2.6818363152742837,1.7530033741724274,3.2158330579529877,0.397027497775196,-0.2803774680080708,1.1941934325741967,-1.7874896453001312,-2.524690009062554,-8.87700591768149,-2.3854903183322773,-0.6231565349800406,-1.678897904167893,2.141646154950773,1.793145882206961,2.639212385226549,0.4561833220549624,1.2965185390776306,-3.0638890813737896,1.3076740721429472,-4.218306670879806,-5.556389125712564,1.7445818194468623,-2.084927082527478,1.0531808957335254,1.8263141477911344,1.539419335537382,4.0944838261832395,0.5560723245299305,-3.266482810186226,-3.5258618414642355,0.619782673527348,-1.7699259651070085,-2.3606776385341997,0.6137200049631475,0.8707493425599659,0.43666989226530184,1.6290331897168984,-0.44522641346877706,3.506395097439511,2.508123806391905,3.247620690391935,1.037919250600118,-1.0745712320338483,-0.2527309891086253,-1.4351100489455302,-0.7411511015650971,1.2199378660026179,-1.7178735030112522,2.2880969245245253,0.17297538150030128,1.6544392358482283,1.1123709982739425,2.9686290287818213,1.7323428986979692,-1.4234905123598898,-0.6908531707250168,-6.45117773555364,-6.631650103874676,-1.7974799780984192,2.5748412910606064,2.152781775678928,0.8780728940767809,3.0533976072622178,0.6131440734428902,-0.3321015280632341,-4.534644884686045,-3.9538173414899074,-2.5937317131747073,-5.284110603447908,-3.5566355084324415,-1.0873660026362715,-1.1173428378057302,2.06907516396897,0.49659829430509916,4.127010391370349,-0.40648193817415507,-3.087824442142797,-4.520133678797653,-0.5734192858905357,4.035028728169515,1.4613441791100528,-6.670997903381863,-2.252695963469356,0.26942682565106335,2.1215513973319364,0.413826874566255,3.3896190759450824,2.342684755537769,4.467892774296675,-0.22645793867594635,0.46868424372091866,-3.7221706041089515,-1.9219884207828464,-3.016708976936563,1.8633874322549295,-1.2909629178487192,2.347890400745285,0.6962278652794014,0.16283578051190958,1.0259179441310888,0.005872267495397433,1.1540601088673679,2.75770282766639,0.6295955672529363,-2.311491549361092,-3.2968542501997415,-2.8099197946979215,-2.947778368615731,1.7604792016757074,1.4349399145615247,4.188819837180959,-0.1640627699056494,-2.0489525297360345,3.996596526528752,1.4915094894729979,2.5173669978748876,-0.8334295342297886,-1.5834602182740443,-1.2317473744925647,-1.6232743825736518,1.600983894374816,0.1678154056237928,2.096672956032191,2.913290928184036,3.0162863808286344,2.65755757339989,2.9712912434597434,5.862319980765668,9.137904206371546,-1.448001126400684,0.713568285577268,-0.7837733684964439,1.9921512351182193,1.5575430975441722,-0.2466966191321342,-3.8099573599211745,4.197300879600691,4.673703362076456,2.122971322045276,-1.0660506077732488,6.541067763381936,5.1569844409407954,1.0901206451747336,-7.765745702463633,1.7107752707551616,0.2881461501852845,4.876015375680552,4.542684497046179,4.261594250494237,0.3898845346450664,-0.6310897586572369,1.430924787413508,-0.31300949901240127,-0.6046553769057684,-6.451120075104842,-1.217133751193017,2.092664335801552,0.415038226790181,0.0851857731647257,-1.8014674679908467,1.514131245839809,2.161182674068414,0.37360919039763807,0.35098808508140206,3.9764809956091334,0.15170366627755347,-1.4703709832196075,0.4593260472324776,2.130141869751534,0.7263943623276556,4.177211962189509,-1.8546119441596274,-0.2362557779697276,1.5514843072613427,2.2397846370714602,0.645553717327449,-0.2060435159627315,-1.9910233327852613,-4.902206644678606,-1.662962813504976,2.1796856822121518,2.008077988734371,4.6567368558224045,1.2606424815637884,1.5835293342678298,1.432764316728102,-2.0981373021485856,-0.5027399105121535,1.4301452278423323,-2.8344604930581685,1.6018288155165892,-0.12581597998560157,2.0893667906816633,1.934458559567346,2.726825631969297,0.009757186007897517,-0.6082901828273028,-0.9806482862933615,2.4103623563826355,3.267708064189227,0.10597687723780543,0.6436257561404237,-4.2890240911828865,-3.5673486762083737,2.215687106169347,0.9980583635273635,2.5885725872470053,-2.9091992690836364,-1.1779482882374217,-5.501430990898516,1.2548062049250082,1.1222499267889685,-1.2644017893811892,4.312604527489184,-1.1176740868535813,-5.2332025141692995,1.7872431771580972,1.769193600530654,3.474116021782984,1.2855043905565737,2.463837115199028,3.8469105886786563,0.7207949994823531,-1.1513388227208683,-5.709587978456856,-5.151994267507497,-3.806159645830835,3.3458844040372604,2.26529939235975,1.2373184339554673,2.7337235565582563,0.412070027247809,-0.9032962475294317,0.7726923297121912,-3.1010002070200593,-3.1973292694562745,-0.816615034302444,-0.8946801883269695,-5.244029508073777,-3.760712418910022,2.5498575974459086,0.26118951880403674,1.247837668487819,1.1516213227108831,3.506053693594779,0.5913101748249426,1.2772778481678626,0.07132342146004629,0.452458041723575,0.2736537703747381,2.725344633198586,2.946107255548693,2.432829526968563,1.609195115336264,1.067038379342957,-0.6476868523356214,3.2205534394456157,3.830227873779239,0.5950806400712776,-1.4543532131352868,-2.3476393314940984,-4.729836613229273,-2.5779980750346896,-0.4771073040252439,2.2594890114748396,0.6839659074724782,1.417244426178281,0.26217525999386876,1.8015635138440096,2.336866559491965,-1.1258321386405719,0.4763855765838203,-3.653471347338155,2.0321445826922497,0.38130361291476333,2.4037477996918337,1.6380167475291425,0.9438596849005488,5.29665431608223,5.0878933364077685,2.1532289148736625,-0.028297444904356372,-2.694520200977598,-1.3112062816946435,-4.11428886480916,0.1956120359403195,-0.17969096902000786,0.5031438331475516,2.0580008724182797,1.7156713885632884,3.920704376266256,-1.1580651849975858,-0.5170466203195649,-0.7964399523292331,0.605036372140238,4.451680948606378,-0.049912862307431596,-3.1966400830424266,0.2508581990896263,-0.28808698534387805,1.804757881247414,-0.9413424553743932,0.6544012137811214,0.912791941307899,3.4156567147945416,3.7364286492699867,0.7356889969078719,6.6607516667296025,2.1727382963839683,-2.2468762915569673,-0.16032119257268146,2.6797096147997297,2.077690562112064,-0.07284675858665468,2.4110627190664564,0.29765301176901987,3.1520463640604204,3.007354110676565,0.2587109061843403,3.8228108960378258,-0.9341650209144625,1.07416526160933,0.6745342520102531,-2.5519726825479223,1.9098644434617538,2.275245894446087,5.434042455705412,0.4439643877118554,-2.496669069373639,2.5980154577543497,3.362503004506002,1.3820060071551956,-0.5052380072404307,0.5167568042668151,0.36441836602921035,-1.5789814693414073,1.9489148636402969,1.9599909219202742,3.0601230352417046,-0.10519894110243744,1.0565743806031949,2.21577641520376,3.2672914324692526,0.8290692087125311,-1.7550486921613457,-0.26232766508991506,0.017582136438515892,-2.193865429120644,1.961163962850308,1.4108937049407586,2.379501584140102,0.23946441698333107,-0.6991313883496713,0.7619500708621791,-0.2601050679845747,-3.8796969165954245,-0.5193396214760241,-2.26192810519439,3.711083175254286,-0.48195720938456676,2.2902403949201044,1.3113195673645077,4.758784262913001,1.2966295840444633,1.426989874598345,-0.5031580229676319,-0.7744568454890886,1.5906882091831658,0.35646830440224286,0.7732231898513744,-3.803347365121994,-1.840630073024755,1.8991711384960743,1.9922997578232482,5.246987005241802,2.3921437554185543,3.0481309632040063,-2.253106898735158,0.6847092329697426,0.6539377888539585,-1.7177138692422664,-3.9920519642189474,-5.22261670040793,-1.654837356104484,1.976905037774907,0.4004561397736127,1.8270770155375635,1.4396750502779163,3.2219332417613584,0.016085198108466967,-1.1652265238492088,1.3296843232356108,3.913247340987605,1.6090401945809236,0.5573107002582064,-4.769110685183536,2.044501481718317,1.2370889973844845,-1.1534451823262328,-1.8434333676476744,-2.1887378117390757,0.17818671521669185,5.813333029303255,4.171952863568226,2.1972020431807726,-0.9986755877515116,-0.5387296830339604,0.14156242969138608,1.969244861297962,0.41339444613708537,1.9053708041758515,-1.311516371369227,-0.3642616296291668,-4.940005723072524,-4.550006172272058,2.07930729167473,3.5859811120379734,-2.128571906849328,1.701846361860333,-1.8632315300170812,2.595594822762107,1.9813318584245805,2.001862301520591,0.16038071421807087,3.699415101965019,2.1809860163922354,-2.2078453484794736,-2.955385415246684,0.24836635468870372,0.20361352008316996,-0.365630273218422,5.152875075108494,1.8374992493234374,0.7250838197137639,3.4648616633798897,-0.09969245175731468,3.989313323759167,0.023802419634554706,-1.5607062091068051,-1.2485672334149913,-3.160833409921713,-1.5518353119203785,-2.3066866450241084,-0.0527528460340108,1.7250355765045355,0.2776071764501294,0.8197398868717888,-0.17549380323595287,-0.6603307906570932,1.465590636666617,2.2749051281545496,1.385658085644144,-0.321311633272811,0.02058036472448968,1.5115488546994158,3.0938910510211084,1.808991727094193,1.8732138101492941,7.136119059471689,0.6964104156707615,-1.2634181987869637,-3.86783180984145,-3.8300258959934372,-0.25737508948396043,0.25439559420553226,-4.528389633380032,-5.346149123891112,-0.4943880466893284,2.3318851289961002,-0.3866589245565807,3.454921515954064,1.8627293676784415,1.5821023237082308,0.012414162474270933,-2.7811789779145997,0.1895251225330737,0.7694993561468928,0.49073280610643205,-1.4637747188620256,-1.9025818861854478,2.05127249821743,2.364299812379681,4.614692111414088,-1.1297580930481796,-0.29579977733910306,-1.605278465279129,-2.468462032330243,-1.636569449377285,-1.3497702910416671,-3.688503611472338,-2.1511228759884515,-4.297584501309561,2.1742477759700867,1.8801432808960052,2.2438117054166167,-1.0724893642588371,-0.4327720960840913,-0.5499141368123741,0.3146676584957909,0.9606559266088786,-0.6971805756842595,-3.6498688690071814,3.5605677002625247,-0.30633974731331365,2.1796107238333535,2.2998023661499944,2.3243162316025976,-1.5518600098881628,-1.2400874725128825,2.909497121077935,3.1598994852322058,-3.25290167623908,-2.0461796064182898,-2.03546309320602,1.8362698124553911,-0.5775066112500505,1.8632261199048659,0.313229674583585,1.5052221376264812,2.019143615670677,1.4803903091400625,0.2022405126457807,-0.9846242471242621,-1.331702567714574,-0.21419453062689475,-1.2045179912157067,-0.1391025978910755,-3.364456511659286,1.8471847099163683,0.9835425414484485,3.3355687812885333,-3.0642350608203826,0.49092984993506267,4.468886829265896,2.007560456181277,-2.1618068027122184,-3.912088224228882,0.35335428800048424,0.5407645443623877,-3.8742723393122454,1.529038673310226,0.03952269024153862,-0.31919018425285234,-3.726129663742075,-1.2300939203809282,4.0661089342191366,8.198693640011681,-0.126009713138232,-2.7105432039816724,5.157856001308706,1.8889950292401574,1.6878256150724944,2.282778530106691,1.4628248559777681,1.4925839785823842,-3.000649766724371,1.4832280501633852,4.243456736193373,2.507213488664777,5.806086573342154,-2.191202573499689,0.5056058869534658,2.430947376267283,-0.9639263276251168,2.01378635145572,2.0900613944074693,2.609230984742397,-2.2173263871212434,-2.2354565017855985,-0.48467542748133846,1.6203547370086686,2.658262016011246,3.946011626708316,0.3202610090295226,-3.4506443761952896,-1.4334347097851883,2.4023910834405258,2.449214421355169,4.500118739235579,-0.07846554488376184,-2.4126342804251735,-1.2473873253985885,2.8928705428886814,0.18332965511801336,2.3937311186128007,-3.7415725873399857,0.14032933244494655,0.6765769843737923,2.3917991512492516,1.0964828458567921,1.8302706469902412,-3.6635853697624694,-1.0037348907809969,4.473605195673149,2.7682147803317902,-1.287349161646054,-2.5488776358037155,-4.252943854230615,-5.364003178219378,1.7467849112214062,2.20210938619935,0.2324891997439353,4.586394423627807,-3.187741459042722,-2.5097826977559814,-3.3527100395894274,-3.679879347144344,-0.24430434023998762,-1.9476168020798912,0.18719934527251472,-2.6748345965249527,-6.359495632342258,1.9678498059570029,0.4768435653932095,2.758770397337691,0.2816480658522645,-0.8263592650844811,-3.1526302840948337,-3.156833701072478,0.1733664225617079,-0.5462576492767166,1.948121278717821,-2.5588695138198023,-0.07249059735919078,2.3904039280711573,1.04755996645574,1.7531376469912128,-4.881258782806648,-4.968139594045402,-3.070153367166088,0.1189349862958171,0.7895040872516971,-4.176945349848586,-1.8512341928202403,-0.8426592547341331,0.5161069452152036,1.3409489278027236,0.10276440338880956,0.8581530988495676,-2.0215282844184617,-1.8300481460791003,-1.6475612795720234,0.20904705920533592,3.919110121995848,-2.6771573411227494,-2.529031618725157,-3.9044167972278236,0.5631779155266877,1.6660799392395358,1.717598415511062,2.914196259968649,0.9932879999871399,-1.3236932572968292,-1.852690549561992,2.28880743904682,-1.6724969961078942,3.4990230976170054,2.296851651403301,-6.745967282917659,1.987461784333052,2.0039499270380987,2.3116138842871736,3.42705174482437,-0.4954229197926056,-3.278091428788176,-4.862783317162023,2.2575001648550983,-6.2419115109838526,2.603358259074404,2.9873612954265614,-3.004473005902162,0.44149855961768075,2.001120159317169,2.9084853040185448,2.0808009409224297,0.5679424728350541,-4.60801426717048,-8.763255730849616,-0.8371975672928333,-8.216852840324071,0.5839059128618015,2.1005969588213036,-3.3552984386845464,0.18402525403161818,1.910760038565562,4.468218178950304,3.856637661559747,0.14563739937132358,-2.7780156319785054,-9.754041111822541,-1.7431449684899907,-6.785866929989265,0.11360821492413094,6.506007882037029,-3.343386171181305,-2.5997876140396654,1.3923653415962831,4.51148327654496,6.316261852269998,-2.4309644238694026,-5.234956626703598,-7.497006155587524,1.5852753476087826,-8.527345222192672,-1.3718480690246415,5.556977391265165,-3.8576284474566016,1.2418705112429214,1.817500931658014,3.5036027576405737,5.008602984073596,0.503278527641547,-2.956932159018407,-7.224245575477168,-7.899465161910166,-10.42676358695382,3.0310105081770122,7.540177592109976,-1.648232001455633,0.4310118762522658,2.1119153246054383,2.7913771181148124,6.275899281413752,2.210288096380707,-4.9887260037444445,-5.583364306160225,-3.941815187222058,-12.150683072399447,2.516831472809485,6.674261710430777,-3.350323560315528,0.7554289050648567,2.006641567156896,3.035075874833002,5.940499614306745,1.3913897946250655,-6.291364362907198,-6.578961306951463,-0.9229137127015311,-13.026155356271827,2.308853883108331,8.754267810841345,-4.437240160615035,0.08811901254543575,2.0705381111894607,4.07157301929368,5.707562040912939,0.5323660192815931,-5.445383556400638,-7.387773907896699,1.699986742824686,-9.505950037923885,-3.339991423666194,4.297151772299133,-4.052941312078036,4.408956554953871,1.9545305887376339,4.276925831657837,4.044710733286773,1.598830769736589,-1.4736149159774588,-5.698297386585995,-1.72630413025013,-7.071823265573851,-1.9701003523723872,0.9438136461884075,-2.297309472522341,3.0690613208378696,1.1908972368237019,5.335237056137474,4.2745144964020385,2.2589399934480303,-3.155246613993474,-5.87170212660085,-0.1771124769302643,-5.555139933240167,-1.3820903951602868,0.09293011851230025,-4.57915140229994,6.413005739936351,1.558544079081272,5.53151679451207,3.7668692637027372,2.265405910489889,-3.980933781461124,-7.9388936718580645,0.5845268056802861,1.0218104957664271,1.2099969209658856,1.3355652528177089,-9.877427111898697,3.890614236638041,1.439576600389631,2.9219473015063286,4.651791125903324,4.903972534741632,-5.548783280960454,1.457215870201097,-0.1976291598750046,-12.08288545950524,-2.3325629427495067,7.477111000164373,0.53313816178672,0.46236978817606345,1.7567671909392368,3.5155478306365713,2.980090970639059,2.898747461518076,-1.294275909359068,-2.306811741559283,3.2291550055873155,-6.6902873956773306,-1.151844732186769,4.454322372186778,-1.0862787159335532,0.598317628899043,1.6557995415105262,2.5929714761614204,4.69461338585216,1.571977846342296,-4.462727816334194,-1.7069278238605328,0.03249272052695777,-3.039138880226143,0.07690346148921441,2.9644666539638105,-6.280730596479538,0.20038860749804127,1.8706148123475703,2.3546916933376627,2.887495703513858,2.4455265038953353,-2.620268579479031,-3.3810244676350147,2.9894048056560507,3.8265719627002097,-1.9756967719723926,0.6614212341718455,-4.019790966396443,-2.2532936102741434,1.8679763535212142,2.36516601347941,0.3358280411673873,3.951470352225231,1.7243481589295973,3.4147523360702317,-1.3460717035532823,-4.013677674560899,3.7567772437910127,4.4794045526436275,-3.6626450313126573,0.37884141982174857,1.5019873629918372,2.09389366324738,3.161891962234753,2.598327872261704,-0.061455391869247596,3.690682333820535,-0.3760212595612366,-3.446375948857878,-0.9424537094998674,1.8502490403315008,-6.42862799398892,1.8179456542644865,1.4445120912937572,0.92613246224634,3.525263937451711,3.465067440227741,-4.818435206109987,1.4841157345760498,-4.02069877809739,3.249248775572407,6.951409558843084,1.7218470439779592,-7.332991488208873,0.2758524663104242,1.615455276578068,1.4934461023903256,0.0031250257937875513,2.365076390777777,-0.27014002728974135,1.210035885393369,-0.3583119556618404,-0.14058824165558914,2.920086180717803,0.8267198002486823,-0.741855553650473,1.7792492903431063,1.8582549825756922,0.08946500197733145,0.08863468305296164,2.076527852820315,0.5249865276870822,1.0401489531602295,5.824741301993462,5.443473518693992,-0.9871996213353987,-1.128852258729954,-0.8104279228070593,0.019866249178945042,1.41348865849372,2.4998824015603183,6.564952242080829,0.405836608414923,3.687207374571138,1.9996276652265366,-1.0260312651764532,6.819152389378923,-4.851922875942217,7.073973812542772,2.9163400795051073,1.9980827794526461,2.0028987177949586,3.2143890804402306,5.950198973913201,-1.6630365768066464,6.315634183745174,-0.3841853959977513,-1.2500617246341226,12.280074831868584,-6.995436719192941,9.466190512932137,2.2207760509454264,-2.8759197691427434,1.4198795862886284,2.8015988373567926,5.670022904074149,-2.0610498211508532,6.890161429457992,3.4434848898068724,-0.7575677618375695,13.729000545022512,1.6181224694885918,5.002688469381624,0.4076409164718672,-0.29832181849454786,1.6197205121998595,1.8169286809805554,4.901662323478386,-5.053816497050906,4.882852510627925,1.4726219238336125,-0.34988445815068114,13.08106352430413,0.2586830116198957,6.78884324885737,4.996192242309001,3.7472653615958844,1.9993160077893706,3.767879860445337,5.745347008100227,-1.9779527276343003,2.4006285579313387,-3.1336897158213928,1.808417019416398,8.645877403200814,-0.1276304335742128,6.081535593330766,-2.481392091932162,2.92082361614995,1.750043690455082,5.045068402338492,7.653803068160569,-1.3252360126255411,3.5147433427700285,0.9627290215741806,-3.212662925164738,3.0641781697567194,-0.5786735210396119,3.7960136292207087,-3.6319273051090595,3.2366179674313944,2.3281276568871982,4.027149984258331,7.385398651748653,-0.6076722537868735,3.4314488076230476,-3.9156003243048527,-4.508476463467161,3.5021589664715487,-4.123189555274423,4.06491248864324,-1.825906139614174,-0.06811943244637356,2.570524715588433,2.5791930115969817,5.853059798024684,-2.871860666921989,7.38480434108949,-2.055112274552953,-3.8446332764520696,5.998447215358228,-5.405626064100073,4.491429637810588,-1.4126622031682412,1.564229012364904,2.6048914178645117,2.6962647470555376,5.923680744512568,0.3915509894341729,1.0364469717989686,2.098593740451135,-1.0522393863213528,2.5723485310350065,-9.333460971922518,-1.4024088879819687,-0.7971314123496107,1.1547418972222288,1.7435403038348671,4.884488839432738,4.715603867248234,-0.7713709471224022,2.456695603354269,2.2936657435260153,-3.2454582430690477,7.133290972010538,-0.9044825120080806,-0.3546774435341688,0.7263103619603731,0.050808271969698844,1.0892991744139526,6.124786532631505,5.4101850532303475,-0.8165481131990328,3.8373255318763615,0.11030650848011762,-2.3613035386194543,7.114683036740326,-2.978914826927086,-3.334045328371675,0.7947575675487677,-1.8165839499311192,0.3932164243731204,6.1003723262089,3.1094153284103214,-1.0738176343685895,4.663204151585586,0.9001578301689936,-0.9172276092448317,5.9584221453651764,-1.7540519598717839,-1.3751082542102413,-2.0996480453613358,-1.7978447003288422,0.5547214623786699,5.799308052972437,2.4204625496345655,-2.2376994948344993,2.551649667894987,3.2722566891034535,-0.61424701557646,2.8468753748712583,-1.046791617141083,1.4375948505220615,0.2804536858250549,-0.7438658989639753,1.1081181614567093,5.177802231177332,1.6821726758422149,-1.2408887785920109,2.7979441372119407,3.6553007302789924,-4.51234832655963,1.8883342679718118,0.4545414297057817,0.46940181150671784,-2.9699263958977773,-1.2836209097386084,1.1457123280503103,4.444113425158608,2.2505750099647828,1.0676020349556297,-0.15212062789123965,3.4182387834795187,-4.032216411655732,-0.644533201300686,-4.243215927259102,-2.7408355480414914,-5.025879314926442,0.25904125189467675,1.5692263966751752,4.9014383644793895,1.2775188268317614,1.0582696488032004,0.5676591495439778,3.1297576396541786,-1.493525765325366,0.857741796249282,-0.7273147599620049,2.3102427706796056,-0.8250005134854818,2.0199249569510616,0.8158205391778675,3.9504631594346264,4.392905840257349,4.501236355693749,2.2690752071330245,-2.8301315302109153,-6.017100711431331,0.15379381040602771,-5.313403460590163,-0.3777469255602117,0.3396244551597239,4.684951532557196,1.1181371984004262,3.3471130510809375,0.8541338952894192,2.5639441545923094,-2.8624050419968654,-2.1556131174529325,-0.44268075015444175,0.8392014943221942,-1.6638923375152515,-0.03667777930010695,-5.896928506370681,-0.5313952554556755,1.4785274988398767,3.413227546891848,2.9187137861621326,4.275096490987005,-0.15434353423047,0.11356277371270675,-3.0745335395702615,0.17856026574193604,-0.12256431228011547,2.786382805945432,-4.936520303351014,2.5794672676083854,1.6894682393442968,1.8153879308749437,1.4600012722383982,-1.3002631716022108,2.10134014280524,0.37021535942263734,-0.5815380258214311,7.375560602952195,-0.5466726743674607,-0.474713186211957,-3.4876442536771206,-0.09416741368437165,1.2776891149493237,1.8396351199260306,3.5899164678202533,3.9673734571127968,3.327793290172607,2.0972040011452564,0.014363675345106925,1.3904411640048577,-1.3885052643210065,-0.15631678760876447,-4.926574947708347,-1.734287093959362,1.3328023008454817,1.208203745479477,2.7215163373622233,2.636676379464296,3.0159050911630807,5.284532367599877,2.819595740524153,0.34306110021355785,-3.5810367190672303,0.5592742095836458,-4.429455939755237,1.1395584572378232,1.3844158811237661,3.6842134632422816,4.5342551686058625,1.6566703074493632,0.3237243242751471,4.7107518702648,-3.085404376521887,-7.167804166067771,2.5628666657346546,3.4161397794351775,-2.9104192197758074,7.147118581805408,0.25952499595594575,1.6224033937336875,3.848935898347609,-0.26687419491085823,0.9450418947339259,2.8012156635002787,-2.037268359210426,-3.2084983996665626,2.264985746876962,6.3589704496401955,-7.392245708363755,4.385766186759679,1.062521460961913,3.1289769466927706,5.109614025609154,2.418235662441466,-2.936874833693566,-1.2316074193619269,-4.718526137762085,0.6260120543035266,3.9265415190715434,-0.6997779876197711,-4.904498306821281,4.665342818091786,0.872687443243361,4.090290532318325,5.287820425637245,2.729655092427383,-0.7372019408020225,-4.9968332161065385,-9.754707734650827,-0.4330835178152991,1.1832208718087371,1.2853425582356066,-5.628341427956843,-0.7286106651381897,1.1785409318630218,5.414564585262966,4.686395410745914,-1.7985905881253592,-0.22716910461769202,2.254549579827366,-4.186091015721887,-0.11192125831938068,0.7309170684483186,-2.3382007966307325,-5.630136088012962,3.4116109699471817,1.3306860147031168,4.820195386266307,2.7450347826730703,1.8474801137521597,2.832137729984236,0.7164962708941612,-2.6605154410787977,0.8155565240686242,0.51924408069523,0.7286669472747074,-5.402622595318635,1.3736008265915969,1.427960364952709,6.673545504743824,7.911615779579985,-1.6348680824803434,-2.114003296133818,-1.5816193970317087,2.5224086859604262,3.4648361061756723,0.4933799981724097,-2.430494173909645,-6.37080178050394,1.8462632923255988,1.3717079241381922,4.765995257481122,4.8175503068070356,-0.23927322300468135,0.29508952039579867,-0.3815913908942704,0.9120666274443943,2.636662236757932,1.1556538089896695,1.2059012199058161,-4.079053542928739,0.586268763216403,1.297662300871068,5.148020834111207,3.729644581168647,-2.676573723111794,1.5732058338424815,-1.628741255663569,-1.8841503545234466,-0.5886848956611038,-1.8348526774420586,-2.1228529294999747,-5.521361012671382,3.201858847273578,0.7262827431607838,3.016859796374165,1.9131237477363743,0.26632993433637137,3.226697868798989,0.47290359153204303,1.4071723991159084,-1.7778359191310638,-2.4976728827377395,2.1008047459206645,-1.8427645562243073,0.41156181386522617,0.6852256705871065,4.220910735085218,0.17248410200230876,1.718108003540525,0.7075208735654218,-0.1031588112014367,-0.8031191131215787,-1.095295648001435,0.643560934076162,1.3441190804768162,-0.7135087305575847,2.519641583033762,-0.16025775410369378,4.553373207047732,2.753781273971838,2.00947090503465,-1.108805433969553,2.936514151668832,0.6758958659311421,0.7916622679736294,1.2987394682446454,4.87125135825585,0.9153054373945247,-0.9985528748786596,-0.07437521097531709,4.504423677838937,0.2738647315984303,0.9881296412075571,1.8732042367890758,-6.64142042316263,-5.571303680043955,5.129692745794114,-6.147746342467182,-0.5304461566943676,4.766936081405956,0.6633100387045685,-0.17821324895144128,5.089822851041498,-0.14211248803435744,0.6305468146296133,0.5560118419753994,0.786460086431144,1.663185121910254,5.169576307125023,3.2710322141760706,-1.9724807741973045,-3.323360322264652,-2.2579058084281507,-0.05376464341651406,4.676558902089587,0.9700832718372928,2.962373175691744,-0.26683922290042933,-3.6794513538004896,-1.3265452510022084,2.438255231242917,-1.1553574681034078,-4.225229660092432,-3.3684283337746805,-0.9851504962030135,-0.04330853533295714,5.160300444551505,-0.4119707528367952,-0.27797295027059227,0.8430778957801298,0.9061596462138083,-2.7602574946383127,0.6603310595604239,-2.3910031806425995,-2.7036022741685057,1.616721917911086,1.4730026568392465,0.509244631165956,4.8121787979869985,0.24361185390989584,3.8385207787298983,0.3247720381787789,-1.2395948877641034,2.882907018996068,-4.182543903661562,-4.271206390674198,-2.2064864812405496,-3.0515327462644173,1.4549159417094062,0.12182993187544394,4.3211359237508375,-0.24564324225465284,2.0322405507607155,0.5716998574200138,0.2153926901729235,0.05510140675064153,-2.8271415767399506,-1.9461025467879232,-4.790357530817398,0.2749596729842125,0.28159009232604376,1.2345843818009323,2.9692397194943747,-3.025152375543542,-0.6923022053892632,3.655733184960918,-1.777813020239079,-0.07591978402296226,4.024899570342033,4.900472173223208,0.9560574396627786,0.2526350503113303,3.730051270624334,0.4256443557610808,2.4915460337241733,0.31519503333024085,0.5729627944866614,3.492109320069894,3.3041414866381285,1.6608715853327871,2.164486637343123,3.788728578694075,0.8713558897196576,0.37594209961265607,2.343606329954461,0.8998312759308225,2.401480614253775,-0.2758354421620579,0.7387657132926392,0.9905842226921481,3.418527347175956,2.079106016746289,2.171651713682685,-0.04540901875451477,2.6684814015283433,-2.909607425535068,2.1538626840129265,1.2894545980228296,2.226015298166208,4.343375095027995,-0.8206702413034939,-0.19982654910755895,-2.6093800677099313,-6.519008817817787,6.019721577958665,4.119941097866575,-2.9876193360804892,0.23818115026647818,3.5897391462390393,2.319587844875618,3.162754875300209,3.7541580488238284,0.6987891130553121,0.8537887139039445,1.93521909248173,-0.9877305423451197,-0.2301250887078796,0.5974735874037149,-0.7319308497128005,-0.0755808585003239,2.5211138844486367,2.1632136206442047,2.3715962738961016,1.468400016608196,0.6707989176946891,0.8000141145222742,1.2054943256272717,0.49367322264243246,3.6175872253934687,-1.564602413193777,-0.8110997705062033,-0.36076106428720706,-1.407512162857861,2.278353179619361,3.3892781840544024,5.473138366605667,1.9329584736167185,0.7953824081451494,-1.3285115959300104,-1.8107966450900308,-0.8154792921510239,0.8072037522384146,1.907425385843896,0.3862683518124512,1.9576527063824567,2.1295632125943578,2.882631611517211,3.363218550445642,-1.3256857479587147,-4.36043926339742,1.0204157774084912,6.194801978011405,2.3754602134617144,0.6547679731985816,1.3614994547705237,-1.353556521928645,2.678622470037948,2.319389058801236,0.8316588657946064,2.015171761587119,-3.0195508520286456,-0.8695641157505616,2.7287470098051245,2.6379582709709886,4.0790623813341575,2.3940018382487507,5.131544824671051,4.263052818702776,0.40447055446262825,1.9806508366314257,0.7812295060280181,3.027751280950528,0.36032073678035437,0.9699440049026582,-2.1040481224725487,-3.189819259219307,6.100733598951041,1.808190249384894,0.30310250313045595,1.6295143908301337,2.8714409207092992,1.74446400471138,1.0273487534383468,3.2156744977467695,-0.6542799701148742,0.007205460519758931,0.4275805346490672,-0.3166795847689619,4.025911038060348,-3.159269414050752,0.33890385748692337,-1.0672264043071895,-1.9529142430640558,1.4633836219359535,1.6046216819527914,3.528321791733789,2.377278021468109,2.6434301897693095,3.7357990572283475,-0.3858237362529439,1.5565138524356288,-4.281833516680862,2.7687455765219684,2.6860142706391867,6.598335803868041,1.1884484122091474,1.2799661102446673,2.361087826374471,0.9253240502887499,-2.2307064123468745,1.6210954425084172,-0.8383537543226298,-0.3041035553853475,-0.5855992649309907,5.649604803283693,0.8625478185872739,-1.0404798634781054,0.7004396156883422,2.442277871956411,1.1045955613968836,1.753213840719776,-1.2596997483868764,4.935934309310726,0.6334836197753269,3.604047873814899,-2.830512484654989,-2.5242250657959118,-7.461491012797,0.20410941189587578,1.2366578107171393,1.5675250032219035,-1.0239462337739957,-1.3021027816976267,-2.070616222104097,2.871961779164218,-0.9702520800577684,-0.24130592515010257,-0.23156240604177267,-1.2881472328853332,-8.585189949907052,2.818583539105231,1.3787188646780213,1.5398226923689957,0.6703236704551508,0.3098036750997776,-2.274108505182783,1.716945901689887,-5.429771827134129,3.8640710367018722,-1.8949503515023667,-3.7587698390245055,-2.4997591422107015,2.661882232271709,2.054440700934589,1.958189372664921,0.7761397812178848,3.8444118337142004,-1.5913855613146308,-2.0317072992931453,-4.003418728914918,-4.80367526168988,-4.460447721022522,-2.023585080516673,0.5723850086560801,2.973999026640638,1.4294849104951493,2.349676851040109,1.947090896526924,-2.215693416893105,-2.4998679158672967,2.5176073058740234,-2.4473088134167877,1.0524380773359006,-0.7965602645313359,3.024172830333754,-1.4122531872550816,0.633782505331253,2.0311595779944835,1.1858939847724366,0.5947067352378447,1.147519045935119,0.5550557294366216,-3.3146454946329387,-0.6689391072087871,3.973415254640581,-0.637206968291127,2.675018402425324,0.19360869183187784,3.758978331774324,1.578712032791807,1.582864631005196,1.031430935380902,0.1253749985548455,-4.976357475320587,1.3642532024124567,0.016651094559042918,1.1311191562864242,1.3152068956431935,4.304770450051634,-1.4492613895270001,3.4092469756948196,1.5101896877934577,0.6969429010131557,0.5068360927115918,2.270235896082391,-0.4961011367256814,2.1073246820648186,1.3055589441888737,-1.2377517674759542,2.454690113335835,1.9446112856830773,-4.982261926773496,3.7497382505821992,0.9659423153404684,1.288813859253905,1.1204658269901715,4.349432199326615,0.9115278537931063,-1.9922683062282955,2.8005950865548295,-0.051345062048729885,3.0970936806448996,2.357429921302394,-4.384587452263467,0.1725273532229033,1.0781707586153373,0.1158227794577985,1.7465857526242499,4.308976818404766,0.48977008666498667,-2.3839397742662274,3.2945036464060853,0.7383552537479725,3.429157559622314,5.192269453043496,-1.1033844379584565,-0.7786288308053223,2.0045447841315664,0.8631931405454057,1.0530628880179698,-0.6485535458856745,-1.2314399072042062,-3.2001544919700433,1.2292053369389664,-1.2788606016002813,-0.987102113999353,1.7015187024543728,-1.2546087425602648,-1.224200496826793,1.0897271762209095,2.735284340256947,3.2471271541923112,1.3906433704782188,3.15222109839888,-0.6914308570516347,0.7485004208956798,-4.552128716198988,-5.709343482482159,0.09403099307817152,-4.1107148190556435,1.5787250925332572,1.7420013000246524,-0.93395353435947,0.24994923218225512,3.485870106446605,3.2233035204957257,-2.5583512624472364,0.9110368416621181,-2.045384744706148,-2.698074030756505,1.33293739738386,-1.5008034601409774,1.2277280077148613,1.8001783150708943,-3.9176414926827126,-0.997664162917938,2.7901973928922503,3.602251278311271,-6.501094596793186,-1.1997561784833006,-0.8208151244457091,-0.5915842476470689,4.459893939983895,0.769900356280537,3.286744082661383,1.644273515471287,-4.25572669137619,-1.8972189442537073,0.10971218278290122,1.0794848276337232,-8.127633324034745,-2.2712796978938945,1.5964721575449854,1.8911315791305368,5.979341097385604,0.9700758474995931,-0.8941396544296318,1.104387341777733,-5.51974174812127,-1.3466593183502233,0.14963960860800635,3.7556341776973863,-4.775345840665155,0.4728418724511979,5.366573556083387,-1.5130958055273407,4.134345581082002,2.9511873127514656,-0.3267184768445486,1.529085466926288,-6.271887953256376,-2.0711983213685117,-0.34888212906114746,1.2713623226467432,-4.859234217387491,-1.0032709791879826,5.91143777775329,-2.6869886289400746,2.222948095140068,3.1184299018516324,-2.7315158334160583,1.8183882950754677,-5.782299647663471,-0.25580044241951794,0.920781731395665,0.7866301835722843,-1.3994656323387555,0.610837110154824,7.987136122325128,-3.6480608405744976,3.004795522219628,2.7700963239682337,-5.067445795206131,1.879602410973919,-5.939697190838543,-1.9306859554348486,0.694160891972823,-0.6822167583577325,-3.670862228006318,0.14556440752658548,4.52842059127764,-0.5312312464826188,1.9795872981577183,3.6517896873907487,-1.346392917080667,2.0037755226768814,-5.536814993868047,-1.4982353671011595,1.6898834392851483,-3.742246233188808,-2.4543317942922958,1.0643674649968586,4.775546160225846,-0.9464268086984967,-1.2742629095266231,2.3475219525903843,-0.1904375074418793,2.5665149158293996,-5.170333010156507,0.7563820414108989,3.3800928330119024,-2.301399791806502,-1.4984013213346834,-1.6195753164224793,7.033933623248251,-2.8495936909438306,-1.4148942432437102,2.6958082048388596,-3.3207198519676266,2.974081126596968,-3.9389104197987597,1.373786026995088,-0.34320989867907226,-4.766426926596315,-5.72272316281352,-4.794092826998169,1.2261046160092313,-0.923883661125256,2.2205826280711367,2.441930252630436,-3.6852949253440643,2.6280071038434984,-2.6748612767850224,0.7745801613346535,1.0404219131150372,-1.6003519226492728,-2.8696069110638405,-1.7702454860752008,3.482998139785501,-0.5600870606288909,4.797718880358904,5.889813408277028,-3.7675435780751205,1.9858705435787354,-2.9013634644339303,3.8321553972363067,3.0139224982521995,3.3742655577864538,-1.2945719606746862,-1.7288815965807545,7.9851904348686,-0.8596227026171831,1.8256267567806523,5.937643737517187,-0.6416323598380187,2.140614567403583,-2.132597872994826,3.809621681150302,2.640049693221873,1.7021507286463178,-0.5069438542714135,-2.7000201764682217,8.97989516130105,-7.560451523747953,-0.4249023590668711,2.5106466931579643,-3.8283897595371768,2.451294928895026,-1.4871546515505911,4.400582364327312,5.079504437862028,1.6491168523857973,-1.2147670215335533,-3.8746982155947594,6.962921163300413,-4.660083458705999,0.996415139149589,3.3092046017778998,1.1465505415309956,2.7121255874322925,-0.7946959286756284,2.7482108603259765,3.6319178080184176,2.1882196468002313,-4.976107624871943,-4.095346433197937,7.253330796863059,-4.5783397127506404,-1.0760377128788505,3.0562881625895297,0.3059006944378584,,,,,,,,,,,,,,,,,,,,,,,,,,,,,,,,,,,,,,,,,,,,,,,,,,,,,,,,,,,,,,,,,,,,,,,,,,,,,,,,,,,,,,,,,,,,,,,,,,,,,,,,,,,,,,,,,,,,,,,,,,,,,,,,,,,,,,,,,,,,,,,,,,,,,,,,,,,,,,,,,,,,,,,,,,,,,,,,,,,,,,,,,,,,,,,,,,,,,,,,,,,,,,,,,,,,,,,,,,,,,,,,,,,,,,,,,,,,,,,,,,,,,,,,,,,,,,,,,,,,,,,,,,,,,,,,,,,,,,,,,,,,,,,,,,,,,,,,,,,,,,,,,,,,,,,,,,,,,,,,,,,,,,,,,,,,,,,,,,,,,,,,,,,,,,,,,,,,,,,,,,,,,,,,,,,,,,,,,,,,,,,,,,,,,,,,,,,,,,,,,,,,,,,,,,,,,,,,,,,,,,,,,,,,,,,,,,,,,,,,,,,,,,,,,,,,,,,,,,,,,,,,,,,,,,,,,,,,,,,,,,,,,,,,,,,,,,,,,,,,,,,,,,,,,,,,,,,,,,,,,,,,,,,,,,,,,,,,,,,,,,,,,,,,,,,,,,,,,,,,,,,,,,,,,,,,,,,,,,,,,,,,,,,,,,,,,,,,,,,,,,,,,,,,,,,,,,,,,,,,,,,,,,,,,,,,,,,,,,,,,,,,,,,,,,,,,,,,,,,,,,,,,,,,,,,,,,,,,,,,,,,,,,,,,,,,,,,,,,,,,,,,,,,,,,,,,,,,,,,,,,,,,,,,,,,,,,,,,,,,,,,,,,,,,,,,,,,,,,,,,,,,,,,,,,,,,,,,,,,,,,,,,,,,,,,,,,,,,,,,,,,,,,,,,,,,,,,,,,,,,,,,,,,,,,,,,,,,,,,,,,,,,,,,,,,,,,,,,,,,,,,,,,,,,,,,,,,,,,,,,,,,,,,,,,,,,,,,,,,,,,,,,,,,,,,,,,,,,,,,,,,,,,,,,,,,,,,,,,,,,,,,,,,,,,,,,,,,,,,,,,,,,,,,,,,,,,,,,,,,,,,,,,,,,,,,,,,,,,,,,,,,,,,,,,,,,,,,,,,,,,,,,,,,,,,,,,,,,,,,,,,,,,,,,,,,,,,,,,,,,,,,,,,,,,,,,,,,,,,,,,,,,,,,,,,,,,,,,,,,,,,,,,,,,,,,,,,,,,,,,,,,,,,,,,,,,,,,,,,,,,,,,,,,,,,,,,,,,,,,,,,,,,,,,,,,,,,,,,,,,,,,,,,,,,,,,,,,,,,,,,,,,,,,,,,,,,,,,,,,,,,,,,,,,,,,,,,,,,,,,,,,,,,,,,,,,,,,,,,,,,,,,,,,,,,,,,,,,,,,,,,,,,,,,,,,,,,,,,,,,,,,,,,,,,,,,,,,,,,,,,,,,,,,,,,,,,,,,,,,,,,,,,,,,,,,,,,,,,,,,,,,,,,,,,,,,,,,,,,,,,,,,,,,,,,,,,,,,,,,,,,,,,,,,,,,,,,,,,,,,,,,,,,,,,,,,,,,,,,,,,,,,,,,,,,,,,,,,,,,,,,,,,,,,,,,,,,,,,,,,,,,,,,,,,,,,,,,,,,,,,,,,,,,,,,,,,,,,,,,,,,,,,,,,,,,,,,,,,,,,,,,,,,,,,,,,,,,,,,,,,,,,,,,,,,,,,,,,,,,,,,,,,,,,,,,,,,,,,,,,,,,,,,,,,,,,,,,,,,,,,,,,,,,,,,,,,,,,,,,,,,,,,,,,,,,,,,,,,,,,,,,,,,,,,,,,,,,,,,,,,,,,,,,,,,,,,,,,,,,,,,,,,,,,,,,,,,,,,,,,,,,,,,,,,,,,,,,,,,,,,,,,,,,,,,,,,,,,,,,,,,,,,,,,,,,,,,,,,,,,,,,,,,,,,,,,,,,,,,,,,,,,,,,,,,,,,,,,,,,,,,,,,,,,,,,,,,,,,,,,,,,,,,,,,,,,,,,,,,,,,,,,,,,,,,,,,,,,,,,,,,,,,,,,,,,,,,,,,,,,,,,,,,,,,,,,,,,,,,,,,,,,,,,,,,,,,,,,,,,,,,,,,,,,,,,,,,,,,,,,,,,,,,,,,,,,,,,,,,,,,,,,,,,,,,,,,,,,,,,,,,,,,,,,,,,,,,,,,,,,,,,,,,,,,,,,,,,,,,,,,,,,,,,,,,,,,,,,,,,,,,,,,,,,,,,,,,,,,,,,,,,,,,,,,,,,,,,,,,,,,,,,,,,,,,,,,,,,,,,,,,,,,,,,,,,,,,,,,,,,,,,,,,,,,,,,,,,,,,,,,,,,,,,,,,,,,,,,,,,,,,,,,,,,,,,,,,,,,,,,,,,,,,,,,,,,,,,,,,,,,,,,,,,,,,,,,,,,,,,,,,,,,,,,,,,,,,,,,,,,,,,,,,,,,,,,,,,,,,,,,,,,,,,,,,,,,,,,,,,,,,,,,,,,,,,,,,,,,,,,,,,,,,,,,,,,,,,,,,,,,,,,,,,,,,,,,,,,,,,,,,,,,,,,,,,,,,,,,,,,,,,,,,,,,,,,,,,,,,,,,,,,,,,,,,,,,,,,,,,,,,,,,,,,,,,,,,,,,,,,,,,,,,,,,,,,,,,,,,,,,,,,,,,,,,,,,,,,,,,,,,,,,,,,,,,,,,,,,,,,,,,,,,,,,,,,,,,,,,,,,,,,,,,,,,,,,,,,,,,,,,,,,,,,,,,,,,,,,,,,,,,,,,,,,,,,,,,,,,,,,,,,,,,,,,,,,,,,,,,,,,,,,,,,,,,,,,,,,,,,,,,,,,,,,,,,,,,,,,,,,,,,,,,,,,,,,,,,,,,,,,,,,,,,,,,,,,,,,,,,,,,,,,,,,,,,,,,,,,,,,,,,,,,,,,,,,,,,,,,,,,,,,,,,,,,,,,,,,,,,,,,,,,,,,,,,,,,,,,,
24,0.0,2.601141355279484,0.2467565569998459,0.7988834896288052,2.1086376621310396,0.8930784785893694,0.9153249661074133,1.2883521511594243,-4.5447750630914765,0.24230142794557213,-0.9283364732568461,0.21562083845507654,-2.318379316317648,2.4201303736098803,0.7024002264207566,0.9418603647406638,1.2084165968439073,-0.7522633458287704,-2.347645271433379,-7.468932946114904,-6.419525772120375,1.322663538250266,0.6670764148815997,-3.712055503786626,1.2923346422394284,2.272482768559607,0.7335113624671495,3.4055799792749983,2.2434186449464217,-1.4308957926059636,0.4444411454465453,-6.331235574652938,-6.69163647587622,2.3606816444241123,0.28578874024084205,5.452621910175842,-1.4248236463930084,1.7996703364571207,0.19670043880633417,3.640255092990607,1.3576013804295604,0.3427444101558711,-1.7228407147506841,-2.988041585499982,-2.0228466440889905,-6.696050482630865,-0.02463431415300617,4.93130129838737,-0.6469532698386758,2.0375509850531723,1.636960453622114,2.4276231788642946,-0.9361446886502318,2.8219354164653616,-1.8480866687430861,-8.344041233835378,-0.2874813845532417,0.18165287483547532,2.8488538472771547,-0.9188258432507408,-1.5469949082402512,2.2719584101002708,1.8424607329038165,1.0338635401522926,-5.254830014237375,-5.346626831461177,-0.8962820447193622,-1.2262704672013993,0.7549017044677264,-3.7144197456416816,-2.0656290758307567,-2.66707303918215,-3.6611892615078876,1.8907022337154458,0.20228925433038691,5.426285005053421,2.73045428833448,-0.1173257361449062,1.9537829537188993,-0.5697621965202895,-1.5366035990411517,-2.246742224777181,1.782559585729804,-4.207619685346781,1.7847186730305307,1.8233792959959425,1.494148115737593,3.658548498751331,0.10616796519362574,-2.776386294871415,-4.3637827983324025,-4.44222646238398,-4.56759131581784,-4.7762991806490716,-5.785469834204847,-1.509355478220361,2.259177641637602,2.0553895189656552,1.9603820917848767,4.1681744943233,2.3507134002581056,-0.7689519354691744,-3.0894173616668965,-1.8030766257898632,-0.8238807911995628,-1.3972894423905786,0.4491673504786324,-0.14581595524166144,0.06913139740605144,1.6822689700568645,0.12866338336537553,3.9094624615065188,1.5248631833921944,-0.24801062869152202,2.9309655839325095,0.3249617448947482,-1.3780844723581043,-0.5142082322033068,2.698208024970147,0.22539639814475304,1.162074440076422,1.8379350842544986,2.4067672300806744,3.5642483120095036,1.7384574179260939,2.0789723026166005,-1.639600235268973,0.265619948333812,1.1079884395412893,4.600885160829943,2.9631064076572566,-2.360126376162754,-1.5930469549272743,1.562481523206469,1.0716270162281984,2.7098555040447714,0.9811884124241476,0.1336469483368276,-3.350916261050686,-4.966716313746507,1.1617405825091458,0.4921520333947688,1.9702148346320023,-0.5031854844575713,-0.1665398871661064,1.8416579821493702,0.5542579680900102,2.0144936603006203,1.0620342315110713,1.9499439166315229,0.2490510674393845,-1.1131849434350127,4.19415681430265,2.176006505569183,-3.2658098221332597,-0.09438955061491067,0.20556725595264008,2.204621508354429,0.42737442462019704,1.0036628920486024,1.0134031970642894,1.610884034706071,-1.3124774004104398,5.092178215163057,2.6504187762623928,-0.10714333130454119,2.352257976932965,-2.5878466837106266,-1.4856926228806797,1.9531041561246272,1.7348078556244912,2.742512432808087,0.10362405810528155,-2.6405045307429953,-3.3269599740575577,0.31952796692412366,-1.8966737501291684,-1.23891089556984,-3.6791266789651034,-5.8694375906657115,2.4674002300882005,1.9193753899110497,2.0951001049917126,5.017251361719504,4.963229167968823,-3.598161217769815,-5.0690399776692825,-4.678442959934684,-7.7977055226154715,2.4666228033214908,-1.9935029302759646,0.9141219714448469,0.48247871035209305,1.922825466326009,1.0984267661507243,4.281447756886132,1.952027342246925,-0.6502221689395459,-1.3499135576472532,0.8893100618180109,-5.178825323433985,-3.3894431636519244,-4.280464217109651,-1.6758934846352382,-0.24887612053760655,1.7671372203931146,1.069052133253544,3.651714558271931,-2.607834074669289,-1.1117123939043998,4.6805298718906965,3.198978718757428,1.0896099446274223,-1.2658734168962855,-3.7366214228928283,-0.1525359239414233,2.7592820715615582,2.384855140270908,0.11373234093239842,2.472722727141096,2.551580797596344,1.4513174631879466,1.565847148862717,0.5100353830552227,-1.7460110784630953,3.3547907122430156,-1.1828775034501877,-0.3129024550620022,-0.021709388499803067,1.8464342509861909,0.6846813551625441,4.127244586527301,-0.11311311199152115,-1.5302595101272491,0.2699556829181642,-2.8935894152925883,-3.4425529046140046,-4.912061124473049,-2.017178262870921,-5.996136682944506,-1.3417638264787441,1.6450725855520298,1.8825212955885768,5.544517077728256,1.214413868982303,-0.31968693898408274,-0.06385287578392247,-0.18098499418964195,3.968358446902072,2.6779274829755786,-3.2880573995344284,-5.029069739497589,-0.6493938786003779,1.6235180671189953,0.7661416456826353,1.9370381313403664,1.467142449267634,-1.058818188944427,-2.919360866997632,-3.179070196299327,-1.8742859511399956,4.762480593856009,-0.6164977248585001,-3.0907748702821003,-2.367536380177195,1.8438653251292414,-0.0511818437398404,2.065019778722484,-1.9056134094205648,-0.5980720342260525,-4.896844307473992,0.3526336279014238,2.276728141578203,1.2785081412015458,-1.4111892982632896,-2.5798628188886132,-2.576864742803469,1.5895963646803357,0.21070081791450168,1.939356663854965,-0.043490075157603746,-1.0349774715069509,-0.5962110435033908,-2.151406761690644,-2.7196457207175535,-0.6953058773804913,-2.749059073290779,-2.0474571284715184,2.470278317414976,2.155123718030937,0.21440899449825773,3.313980315716398,2.057518837162593,0.3674597606040453,-1.6767472060384638,-2.2130643412408872,-4.641664348859791,-3.1821223082298324,-5.132065835538122,-5.46334477474246,0.6457718100228894,1.3395180584420288,1.2829662433686526,4.278259810063336,3.041223118804589,0.92176408326733,-3.5945879876804305,-0.15977862573269402,0.8581952973672389,1.8524851126421575,-2.8332074678265577,-5.261612453184041,-3.4576990517246537,1.612666731107723,1.1327200816245975,4.229983953961575,0.7228184292113297,1.7708644142199772,-1.3557333430321752,3.4642564025088034,-1.0886046552218944,0.40746681390637773,0.14114774681695216,-5.563702277149943,-2.989368998977523,1.9035433179484411,0.42157786625728716,1.9150776349626324,-0.31919744802514105,-0.10423292861139316,-4.754723795859333,-3.324533932205887,-0.4648122355279365,-2.3751485061897237,-1.4776665743106476,0.8187116034326636,-0.8501438062829797,1.9059320931705388,0.6159823044798018,3.8770630353715343,1.1880830848577153,-1.7602731038619284,-0.8385605876822098,-3.3457283783905316,0.3185135876608668,-0.7716072535917768,-2.3990964154459506,-5.05684878571424,1.6716156426104338,2.1796975397728007,1.840013876895359,2.574496590855705,0.46616286018646447,-0.9366652224766135,-2.0914658805061936,0.8481666674428796,-1.6755424780466124,-2.201581583330216,-4.82512106570835,-1.174175505732667,3.4101727608183845,1.688335425334683,0.8341006638798133,1.3299215502334476,-0.3959241702116549,-0.17648317622806053,0.9078233987192885,0.7340665478207898,-7.888762489202139,-3.5402777696432723,-0.6749342437757826,1.6118585449392864,1.744080082587737,2.1343549073713057,1.6085071505258668,2.4670426157778396,-0.689000168218097,-2.9076705160445946,-2.1999403273384908,-2.572018597664695,-2.0851697700874787,2.9529331517559068,-2.6955804719973138,-5.322213294215928,-0.5363636001985082,1.8785362671543713,0.20897107690924474,2.865425853473532,-0.19601500978887332,-2.079146815234603,-0.4649460195595486,-3.492335356613028,-0.2674828043583213,1.0392656368962656,-0.9251881546082645,-4.810494866744263,3.4735465088667814,1.8356977796818035,0.49451497857456495,3.540971822775638,3.4564249293252916,1.0288128084171124,3.3774963054674205,4.221981839714031,-2.338409126426996,0.12724584344948278,0.6892135051607567,-3.5480900121793466,3.230965794693338,1.9725189857633203,0.19886582534191102,3.6804421173082664,1.4703024281524246,0.11704883173088149,0.22685989741475235,-2.61580968422555,4.987125722681487,2.694875539280778,-4.88049455810944,-5.7907961858642585,1.68674969105096,2.201710585993382,0.8888229011665585,2.768208364216226,0.9316144919730558,1.0434481116815808,-0.8367585850977876,-4.312309686028195,-3.589787174322056,0.04162842107459661,-4.346172228020554,-0.4088278775170054,4.737530985163737,2.0435793774587045,1.245675090001642,3.660939531001445,0.21893256916622097,-0.7123597450199137,-1.1284921006606423,-6.322507937636371,-6.033537977878958,-2.8872701524470084,2.282262709127295,-5.647695400864779,-0.045476520788761673,2.306383853793675,1.759371203926021,5.7816148817782915,0.825230165858572,-3.327003493150271,-3.995079135577292,-3.9149439578802365,1.5632516124018494,-2.213996993654587,-3.8989577909564113,-3.6547950077153,3.12597959207974,1.81446714268954,1.236476323285555,1.538746775628656,-1.9829798189824572,-1.3626425829595203,-0.5598545922149492,-0.28450571943159697,-0.05188356519545206,-0.3715413540509474,0.033839732763357784,-0.2686252382555526,1.26820362716263,1.6921081098373754,1.2592518388360954,5.616813289477302,-1.417664117306061,-0.6052663567293379,5.209538048877263,0.09694735722558884,-2.613759149755127,-2.0604960952285,-0.2940056917615693,-3.800874611796213,-2.4896670158099425,1.697897417319084,2.1360485418252178,5.302047735205933,-1.7852115524027286,-2.547394624210046,2.5584614600523397,1.2325803931498505,-0.9751392726334731,1.8915712107917226,-1.8856028904611513,0.23222110561427836,-3.1773524093118315,2.140958155874194,0.005260715731433691,0.33470525331086465,-1.8584284382197078,-1.4524630200259532,2.5537088981336216,0.878277612804561,-2.6596961816958085,3.0443386233797938,1.6878724160961587,-2.7265650706283076,-2.4625652636852986,1.7118525249918868,-0.8733551298805089,2.9276323641974056,0.9674698571817983,-4.459812496389035,-1.4713764271315335,-1.4437126037591883,-4.277853187071397,2.475051193252135,1.2556072385520123,-6.3680348892011125,-1.4874657661511557,1.7185382322670422,0.05585193762252073,5.226842186913431,0.22242022958362925,-2.3332623821278045,0.3208769088233167,-1.828680006844208,-4.87903482205076,-0.8787741226593025,3.840179804239031,-5.303812950797977,-2.8969997305950654,1.9719151789923106,1.4513950231199677,3.14277211195674,1.1868239450217004,1.3643358436737896,-0.8817227120528015,-2.374903424343644,-0.8435762978238107,2.8104408410939348,-3.5828006763560123,-1.1036388383986349,1.8465101042874776,2.1464662277739044,0.8274463242464337,3.8739691729499497,1.6848189737335788,0.588740979867261,-2.81571262200569,-0.45050358094551335,-4.6172643688583594,-2.743396552165093,-2.9968945748569262,-2.6541295249123036,-0.6586762106262722,1.8414995746257599,0.22472350648884507,2.666688765152217,1.6564322933568423,-0.6025807869572181,1.2749733583503318,1.4839211792264986,0.4379967919242662,3.687863409536486,2.4433630822911185,-8.222863678497239,-0.8755942604641419,2.116827820003443,0.8169166645986069,3.8970257079522823,2.3335554993243672,0.4468039705956914,-2.2560787690931488,0.2501081703178225,-0.0975314906068381,2.969206656117579,-0.9727538240313961,-3.7275156546334056,2.013965267676841,2.2089151053365366,0.3309945712591592,3.325067104606001,-0.36541124190122914,-5.070739724001498,-3.283588686318473,0.8615853958493878,0.24495930166881677,6.964348464769795,-2.88066875909829,-3.5331488349189955,2.404333529374091,2.0627535725562947,2.376820540981749,5.019191244816075,2.205930425711037,-1.74225584487737,-2.3975149729054186,-1.1430634369461594,-3.892105408814791,0.17914112907105648,-3.3482847342714814,-3.2965368737693765,-0.1491109146341231,1.6052218539670262,-0.05628994592993096,0.6774599334583677,1.016124293990654,0.413048467405117,-1.5329554132731975,-0.7675866917677052,0.578203619275528,3.4525080378447703,-5.20222185483299,-1.6853482105042603,1.4813414454817373,2.1828791362232987,0.8704842667507176,2.3970589015890815,1.600919744712532,-0.6686997584309196,2.0971761800504254,-5.013150038006875,-0.03250240943819979,1.7609006820758137,-1.4635542925836864,-1.9613164938106589,1.3667632871822817,1.4894201436761123,0.8453833724413635,5.1696904759880695,0.2895950384686373,-1.4275132610793098,3.3372856708868492,-0.2329865502528711,-1.8131972327272095,-2.3900674955886303,0.6708768826500874,2.4196505818785607,1.1097799283867622,1.3565413055118625,0.16757624343088143,1.4728167725438217,1.6122925086945845,5.089236983252637,4.2794882842060336,3.450152905719237,-0.1621225351436996,-9.061289179642074,-2.9315162883497328,1.9936888425258557,-1.642369587668322,2.13810413800877,1.4771033482864584,4.228547769615177,0.4040587121576742,0.36786885903374344,-0.4516257446584821,-2.4518004815359418,-2.180373841069214,-1.5975738319675012,-3.068003189001215,0.38284441528696367,1.1061512240134543,1.4402450018971664,0.6423853048085267,2.006721451122492,-1.665295277521947,-1.3817517936322015,-0.23693405891415364,4.1159257901003965,-0.5815377755618365,-4.441530551287248,0.9295148479232376,0.6361277123170678,-4.2691369578568725,2.0116248983458216,1.7138802594097386,3.7874196810773983,-3.317517349509397,0.8862701950791193,2.537127552027789,2.2597931291792857,-0.31457993169795084,3.4561756166421063,3.6737731744266955,-0.26358343489567554,-0.08466482028426284,1.4729157332681815,1.2170851627304147,3.702540808014731,0.9113655004582945,-0.9453457369643145,-0.7665994653709641,-1.2690050826650643,-2.1415368712691256,-1.0465886586317847,2.1307031306724924,-1.4390559334812194,-2.0117679348387454,2.2725387601098457,1.3523430125593792,4.111509328188897,0.4467387039506366,1.5080409966416732,1.4414359583460317,0.22983334232476246,-4.383418228915414,2.242899029050339,0.12888613586510955,-4.826967627257282,-2.2826538305273925,2.0600975325926245,0.6191805628192475,4.348583851821888,0.30187649512482956,2.6395051656653545,0.8729271240000146,1.7384472521790295,0.7247461147790635,-1.9137155334076614,-1.8641111794872356,-1.077584644708277,-1.4017632420723956,2.2342582238159525,1.6381916157564136,3.0497045046443203,2.369239723590373,-0.9946294591678654,1.98214278919536,-1.6863214013460015,-2.315166562206676,3.3187062565726206,-2.9664914836797,-1.7479922745325898,-2.9337674244675815,1.616434788452595,0.5614183764968501,1.4804548000397035,-0.7567374664633878,-1.4045435886408428,-0.5674639868702993,-4.142118204225665,0.7187053654792026,-1.9170671826907038,-2.9034684821212284,-1.2954512915941814,1.9036002451842902,1.3711393466086517,0.6009478987557801,1.72880349998245,-0.8552127106544241,2.6784172552718886,2.100369797241936,-0.10152193659544431,1.0684087452425488,1.9826290594357667,-2.0049176090172165,0.36777372981031176,-3.170052427665266,1.2601344615092478,0.027668375532722674,2.0758468352540485,-0.6078665376527231,2.060805124642934,2.2225303988103513,1.4725124625691721,0.6595900903055621,0.3334460116927444,1.7752543874968487,2.5853502526981593,-4.171148083530717,1.3932830148260105,2.363866099833824,5.500409506908156,-1.4042860743242018,-1.5701894329212494,-0.366383738356384,-2.686851017548513,-2.553666938156927,-3.850929721393406,1.9323369109891415,4.687407040546453,1.9507331776677048,2.160250386245191,0.9224951351036713,5.19869106935329,1.149520121781852,-0.9530776869327421,0.8397543226011122,-0.3751948660089998,-2.1130899080693903,-0.033025686427287225,-1.0705793793118663,-2.230124820291699,0.2909493130044903,1.7962664242600201,-0.4244641396902523,0.6694588100261262,3.2185877944780024,2.888178734522913,-3.9660904836936743,-2.152164396953012,3.4284565571087633,-0.7400793395063072,-2.815897993909783,0.009335139010467307,-0.9882082481310277,1.6472372936896644,1.0504023771418738,4.104635002220815,1.364775649599041,0.39976756196288926,-2.002705976062908,-0.3286634928686079,-3.1293863835901754,1.7958622796756922,-3.7974089731235576,0.6150295074382865,3.461413071780197,1.6662319811069815,-0.620355285905555,3.6624409759716343,1.5610028141832122,0.8529071928888312,-4.146604611295719,-0.9950383724071303,-2.0118774229794734,0.16212577780810622,1.0749883952334207,-0.07389952777869566,-0.059272035623922595,0.9717562744296884,0.27380574045446293,2.8667821778995983,3.953982525535489,-1.7381606484417578,-2.5554409691230515,1.1021798561067595,1.7085626538688246,4.967771429170913,4.870365856753303,3.3633305129467987,2.2874854630047703,1.587033151143232,2.09832034373011,5.64450079400557,3.4151766576601577,2.6387633106997903,1.3476364928288367,1.3474374490376644,-0.4928828554070307,1.8906902423414305,-4.965206352483465,-3.888289981943887,1.5830983974523876,2.1641424164221714,1.341870976312593,4.621347034262994,0.8798440212751384,-1.701121707689517,5.0078981065024495,3.5480330145434564,2.61778459809651,-4.422486687995546,-5.350996078327595,-3.3707145493087625,0.4627567089369824,1.815186493478637,0.0007347993867723302,1.8058218451710364,-1.469574798244481,3.3433472400353,0.8313247719998018,-1.598779447125751,-3.314829563982139,0.8133856380389806,-3.790961379094375,-1.183594240654502,1.6293311175793228,1.2438529947984305,0.05673944782312978,3.932538472813509,0.7434403019880409,1.677773763977137,2.260098022604993,0.7153481358976578,-0.9957004741997758,-4.921045904173392,-3.090077372741952,-5.231322967340367,-3.1720967560063276,1.8444753304384842,2.0473538505335354,3.5701671361472154,2.6616018302007034,1.844858471103424,4.193151656168912,-1.6616089956771265,-3.265495216546869,3.8594789829540894,-0.49140138118194426,-3.1197570815871374,-1.7420802111913174,1.3073200487698158,0.7838042724911926,3.7236004597394836,1.51264222353673,1.7361594604563155,3.13952056107194,3.18062784955568,2.782372402735665,-0.04036786374745219,-4.74282649453891,-4.26735377736067,-0.8124543199508139,1.4786847067076236,1.1546938116249217,4.394087686597322,-0.49755043686257017,2.795527361547858,1.1668278671040464,-5.278759708854356,-5.422505235083384,-2.3490316461996215,-1.6224967052280572,-0.11451799607365296,-0.9810466205815229,1.562971468767676,0.8349030229092582,4.8942125955369065,2.541615349774954,-3.608961357292189,-0.8431416215533757,1.4776523110531659,3.457156668774802,3.805953773038125,2.4980061083311025,0.238040899616337,-3.556071425562097,1.9644299763697337,0.656824484595582,3.1814408808910435,3.0682176039385376,0.9580472486615269,6.620080045951357,0.9377103069390464,-4.900826409433101,0.21144253980403815,-2.5533459330394406,-2.2464194006452103,-0.5471721904496047,2.3249406422141443,0.458638089909223,2.1160378682661314,3.001527869367447,0.9789355495034882,-1.6358205737909262,-1.608506145390837,0.06806948367148921,-1.0273527164815712,-2.7387532760700517,-2.4941701538498022,-1.3539084797785217,2.0726303085302296,1.4875151063922072,3.272682019405135,1.9040793196226422,-0.994699860822798,-2.020572970288133,2.845156410084174,0.8758490041573846,-0.17117200520835024,-1.4418497770075203,-5.497691281775039,-1.1548171374087968,1.73680263763386,-0.7320966518935211,2.6847994528235017,1.02761233252433,0.635546676530784,-0.38939779210109027,-1.2229619484823748,-0.05769319593392269,3.4264168494261407,-0.4809964599738593,-3.2276327831383362,-0.3738673560198059,1.6662886565868176,0.960393737365601,3.4934990394253864,0.4197979832884305,1.2789216311060954,-3.3978601414909946,-4.33221278906783,2.5183682819564708,1.7934152846008127,0.3215957747431793,0.5658217478917235,1.5695622201503645,1.750473417071835,-0.4214622514543375,2.2665715979989702,-0.8473792878576362,-3.6686633512843745,-2.574602405268913,-2.7571508029742877,-4.5644576422621075,5.208828424610413,1.1168974584805935,-5.352205169563543,0.4216005250575182,1.7420018325667084,-0.34097788516560734,1.850429130095174,-1.338824966572912,-0.30280412580816923,0.8489855769061249,0.4423545025509328,-2.3769161937588077,-1.5433962914202208,-3.117171324607641,-1.0799542426324449,3.2381866642846884,2.0432308924862244,0.9039524048521854,1.8381715425563538,0.37852707898291854,-0.5080511760174046,-1.667715980352313,-3.6573180330905957,-1.1819980272845176,3.916288831567033,-1.8188720166759076,-3.909668285728654,5.114192427462047,1.488255703844834,0.09438872187336218,2.2304908006634983,-2.2519309311872133,-2.809837006022965,-1.1347599052507729,-3.675359724816873,-0.41229048201258517,4.521898664012118,1.5802442416787237,-2.678807181456317,-0.9635039011227755,2.257481911449701,2.3670647630539525,3.9718985420254436,-1.2633553969063258,-1.4330722127968283,0.3234650243956637,-3.073345103796634,-2.067633227664474,1.4036239896536338,4.025678138295787,-0.43096148576757526,-0.911082114471982,1.999024848702407,1.1592666022964548,2.4150565654771428,1.7096206567147398,-0.9622234223154033,-1.0419470274182305,-0.8365664751110713,2.6224269522597177,-1.572570786730846,-1.1738382252479829,3.7842217303227446,-2.111154051831068,2.213294198027717,1.4044460267240437,2.0543392481955802,1.623331188353842,1.246039672517028,-0.9897409004703146,3.7684070681699935,-2.4579859295595554,-3.9348682875634697,-1.2018470400206638,-2.3738523732464407,-6.130229937358571,1.6484731399011756,1.5835738208855907,3.697628168207077,4.896548597220344,1.5021578270555005,-3.29649028979363,-5.428292187133327,-4.135433432342332,-6.971224533999734,-4.85630086001813,-1.6711190573313193,1.239091344979966,2.0900360505268987,0.2868723072855488,3.388255902507621,2.1355631232896264,2.08028907768613,0.7595881480123048,-2.8075326769045326,1.1908866706687953,0.5106273073544113,-1.1224259572132627,-2.6566489394396755,0.3816058553388688,1.6136386869106187,2.1914453215298897,0.8141192833192662,-1.8145123766112237,0.07570243881445238,1.199157015900218,2.4401929645738747,1.6444684678929007,-0.3008230653243252,-0.87711633897695,2.6078498820030735,-2.0014724393826535,1.8679061029379238,1.0592741099916272,4.562298002726743,-1.3926420490064886,-2.1404470754363047,3.5622480829690426,-0.008608377016713725,-2.1273656491825226,1.4890887711774528,-0.11142282365580965,0.02211894853057045,-2.259670368921124,2.096382883000653,0.7315271463123191,0.15925128436970631,-1.0158950183189872,-1.3424187275546338,-1.942323468913551,0.480138698068113,-0.28788074746360126,3.7286126800422172,1.1891380469101958,-2.554958291250231,-0.6454092734876659,2.0536834216426803,1.323129883724384,1.8270590629528818,-0.17173773681495508,0.953833780213804,-2.6659897126831105,-3.8464649680096246,-11.763422848316324,3.9715801385612597,-1.5726279890753476,-2.67456422131666,2.078568178609889,2.0523189042296606,1.1296281627645062,1.9305784795975718,-4.021160277521717,-0.6260241989286216,-3.0618386487248626,-1.605061464420937,-1.5644524046669102,-1.064835366410169,1.153153310481922,-2.287357994000726,1.2098405668162693,1.6633299003772313,0.7835569285973168,3.516780397121631,-1.9391093791831115,2.2127250753499528,5.154354375440316,2.5967104687207887,-2.235815017286671,-2.0440534843640386,0.9441961247139141,-1.1573025315780974,0.2233824952592326,2.1879810043615313,0.1414425433973453,1.8231143361904134,1.219751148337438,2.0588869052718977,0.30065335023534395,-0.6629965680897107,-1.344440373988147,-2.9063245850661366,-4.6644486702176104,-5.85038571433346,1.7024344279706767,2.59602584496258,0.6162649176889163,1.9909257065352974,1.8334102494178388,0.5850967445182436,2.473189082447993,-2.0834859789903444,-1.460666179678019,-0.22172551015674136,-1.7236112899656328,-3.277992964636766,-2.7549506454700863,2.2521981282077954,0.7485584991873041,2.2629090206890097,1.106327597934011,1.8515605598684937,1.5621669722676281,-1.921161395910261,-4.127014584913939,2.4542016669878906,1.103520003925842,-0.9000277648381443,0.9383419966278261,2.3508889574288516,1.9975165393599268,3.008519670524107,2.0561239687756734,-1.2181593471809644,-1.7166481459231147,-1.6196319481047818,-6.737655522969098,2.129370625889689,-0.7461789619871511,-0.4065294039696771,1.3070181238129077,1.9860915480816415,1.2770696238511852,3.8606669264688325,0.3952683728950022,-0.6748674515562408,2.177806563128509,0.2421418534841678,-0.20977361185586874,1.9604764582679557,-4.074277719919712,-5.885504463542465,0.09010582438885384,1.9749351474540369,1.2654868990862442,3.476583576986771,1.4992806403469847,2.4743344551298008,-0.625040076714726,-0.6262277321598478,0.1776501173689922,-1.9437802810933649,-3.950167957845825,-2.7022612238373824,3.6348216612197892,1.71390735049129,-0.5916958604100394,2.4681619398802126,4.501910786221369,4.083402318764938,-0.262612766836556,-4.132893898792322,-5.744383388530326,1.3839493746181952,-1.9619724943160288,-3.783288820175957,1.7747932229965828,1.466237105903883,1.516142826774702,0.514046830264569,1.1042434615872976,-0.6815369344798431,-1.9697439821011362,-0.7520869913899082,-2.975382062241533,-1.577403332548873,-3.561744470489502,-0.8530788211587157,-0.006594409546713012,1.900824230145669,1.0730031944176386,5.854198630135871,1.358701185505523,-2.326472478566379,-4.223573285729627,-1.0529303974940727,0.8815955617281003,5.272063595294465,-1.6117235765003526,-4.282468235306459,-3.2983365880896063,1.6132520625693088,-0.26182824672133126,1.5817319278437256,-1.0376988313714324,1.66976650673638,0.521371756509727,-0.807109885797271,-2.137933402747698,-2.485600514175443,-1.5313460710090316,-2.7078141234732613,2.0835548376343858,1.8753371300211017,0.9662789418803902,3.506853753234016,1.7550712131521777,-1.4095839449227763,-5.5884688523722765,-4.52327681454991,-6.40546462650412,-1.937523519120884,-2.7282621396495217,-2.9234326709697553,-1.1735343542885366,2.128875114202818,2.2401962846721206,3.5721409075745094,-1.7569609245594593,-1.7601972195640532,-2.7285833744524357,-0.3694558525970988,-2.2769083623573882,3.0524150754042823,-0.05593746449349446,0.5782639376031926,-0.21953329186220322,2.3305230279996905,1.4560435529729323,3.229326401481381,-0.4409781335711657,-1.3205210535671916,-2.494769679961862,-2.7267553322897946,-4.297123132016631,-2.1339676583504983,-0.5804778230642947,0.36005276723468926,-1.6803501769678242,1.801895682717711,0.16722959847604144,2.31675037549313,1.2393109931268538,-1.8116532749521448,3.449927955018492,3.158606391979165,-4.12746890264558,2.191353461892534,3.111555882415134,3.8372397387051804,2.233590690056181,2.06727867833536,1.599739326262591,3.4971253600406893,3.773057790392184,-0.8649060403408066,-2.750999024490218,0.6927911360273534,-6.474200906263787,1.157264607836957,0.9103197328681296,-5.833407734356004,-2.3899161117617265,1.693309619204609,1.7596550811476115,-0.06673132022120012,-0.47020818418780214,-0.41873484015285206,1.8998980875767744,-3.8272163161525787,0.0889526892143727,2.458687761650271,-0.39760264373147425,-1.3521366837690911,-1.036599863467785,1.1754325873987126,1.831293623204383,1.534358869166507,1.1966679221142935,-5.368053022814387,-1.7312220480847007,-2.6034154321038687,1.263022060695203,-1.416702736538046,5.385132302815682,-3.9520746135602782,0.33807829894605756,1.0306757134546352,0.8414107890585971,3.979974527286453,3.9649625043420174,-0.46837891319059327,2.148421175307756,-2.4891053601985353,-0.3579829896759639,-2.177100052716491,-0.41592870380670627,-2.8533819092141144,-0.958924907675093,0.9954727665654423,3.414679681204674,0.30945250768993715,2.1246235593832394,-0.37977121578747186,1.735268024778745,-5.678704260935696,2.168140623253449,-0.726744835189554,-0.9483149965083216,-7.854747821456402,0.5334310080803084,0.49030005573195745,3.6651184792166265,-1.6860245884634277,6.170457815202462,-1.492753941544026,1.941975779644806,-4.661334813271943,-1.2787094768299712,-0.3460019450472739,-3.441066344172272,-2.881576774817812,-0.8154313195484428,0.26872074877447355,3.5326482197738134,-0.9547262461241428,4.39084204351138,-5.953050729659684,-1.5612345546766309,-1.7927859879315693,-1.688841050455787,-0.19668235796091899,2.1576058063921515,-0.24179405217531771,-3.4628017321647855,0.28266327933998486,4.062513644771835,-0.46906959345728955,5.486622347980842,-3.2063847693940404,1.102901547604374,-0.03006643592358183,-1.0291278646821642,-4.410825975712445,-0.046758402456663094,-3.669635893717374,-0.05674304237275035,0.26867981818898334,4.431265910856141,-2.136934138444028,4.19338377752623,0.10043662504360457,-0.5899933207764226,-2.0737801332180394,0.46614703130960305,-7.687273666236167,3.5012805607730373,-5.0577436361179,0.755760706899513,-0.24982773341974662,4.373014630396339,1.249275403285791,5.3967049336432105,-3.2441146011017135,-2.698737266845466,-0.1393230335688555,-1.4065528089722146,-1.3610931619156847,4.0387712332131676,-3.634858995268649,0.5846985286479226,-0.2270355770190925,4.575880527418743,-0.7864096259655661,2.77416773962315,-2.723778409309623,3.9751761280740983,0.8125016969748727,-2.699524349129363,-5.919748326475796,1.8924460305805175,-2.5569479855667123,1.1473540287895356,-0.3255331653755828,5.576346183281298,0.8039249774234929,3.250344794257864,-2.148088718613528,-1.2186316307185516,-1.8350245690092264,-0.7189550199637238,-1.1225878540722607,4.156485450027417,-3.369431010795684,-0.3008994289422279,0.4865259338287287,3.8058551702445835,-2.1134027719381505,3.200073321156591,-1.6807807062522186,0.36924078726264215,1.0529860491529501,2.367578236090851,-5.646019333758164,2.413934479723513,-2.152858868464974,-2.184489796032747,-0.6418407983875667,5.10329855017383,0.772063870642029,1.6070881039385658,3.6011032195320327,2.2457618793913,2.384593320502968,1.191510478765421,-3.52344172998652,-1.5807405493736415,-7.269252172611279,4.351575513980721,-0.699967938441367,4.975311654225217,-0.9184836811628766,-2.0250033924639204,-0.2815194635508179,2.4781158220405324,8.212720631537982,5.796642360887046,-1.6804353793138131,3.5172404593637094,-0.06704852178445711,5.040231925790627,-0.6321949156729743,4.664714853354353,-0.8659242045842341,-0.6558819593651836,-3.7030913639446434,1.7721475343003537,3.5196947416105107,-2.754271283684192,0.9595514324176789,4.252182465036957,-0.9651701890125348,-4.945869294688836,-0.21612922141911267,5.433632218891981,0.14766345799730504,1.4149054817812887,-0.14905787233681786,2.610218654774874,4.555047287005248,-3.834230411887064,-2.1056664638935745,-0.08648812144337109,2.682005867991405,1.5050256595051834,0.6194178156753622,5.488542202769087,0.34976049106841867,4.281847731853121,-2.2812270092288744,-2.1576612971288025,0.4314557970260736,-3.3540768175220785,-1.2303591422769269,-3.7766404464660353,-3.070584067964363,-0.8688463523582008,0.5866057604879434,4.8352134386498875,4.467240458170034,3.9631034904330216,-2.5260757855068694,0.937151956696033,6.5082888747450545,1.5454493476311328,-0.13056044555105822,-1.0816471304569186,0.4966746553250468,1.4333987020661452,1.268531357592424,4.730846693521766,1.9614869450613435,2.764145445082983,1.8155113074093536,-2.911979149544291,2.840545238648764,-5.0543094408753175,0.12740912494670567,-1.926048337003465,-2.6828887513882376,1.8405414111872338,1.2240835502794754,4.302224605289183,2.666565387982743,3.6108168231312163,1.1597335987614525,-3.113222146342193,1.5723460474114461,-5.7803771023547155,2.633315968482578,-2.617114518908887,-4.1327416270103345,0.36566940770074047,1.9118704772184376,4.750370154891161,2.119596235184267,-0.6760828193732055,0.6947851856883942,-5.007057480875763,8.191726071534156,-6.771861518830951,-1.6923258892504813,-1.4907743469876988,-3.132029322682576,-0.9197955269056852,1.7403578894618432,4.595611411144706,1.0453101876892796,1.7127396277446363,-0.07285478856953664,-5.836760595919197,2.7644556474988637,-10.282711626185089,1.0319556789073252,0.07100169083110358,-1.0479699424810898,-1.783832881450222,1.1790116207085863,3.5487420913400975,2.205106050074791,3.032962524396817,3.2007712613597685,-0.014008968033454219,5.5815327428486805,-6.022355822920817,2.1366962104058627,-0.45234284942701475,-1.4379401624591657,0.8434477418584931,1.299808073966058,3.723528648355861,3.685784657018312,2.2734757299023376,0.550382834744865,-6.381131320206675,-0.03838940207682221,-5.511876770297772,3.05280182124757,-2.237713472773658,-2.9013250707374394,-4.280185564793202,1.01629977100763,3.763603425501357,6.021718735016342,0.9879183903465161,3.4367978319230628,-3.1175230344120943,-0.15916841158605657,-3.602778735097404,-1.921833126285494,-4.885138236821068,-1.7434175098169549,0.6946457548198383,0.3495088176819681,3.2406063107404957,2.2718163846167934,1.9095410451302066,3.3474473371389735,-0.6741281400501166,4.677139281983843,0.5046627725104795,2.4260473050083875,-0.26479162887712054,-2.110019708225127,2.0784295389785443,0.7851351864451538,2.946624715910319,1.4488736681825616,-0.5240714105427251,1.8271244252761998,-2.153564465251688,-1.259449926669783,-3.1198735236010955,-2.9813069011074878,0.5077290727318327,-3.270364904836793,-2.4831236635135467,1.0307384535373154,3.7787584219030226,2.8262169121510405,0.7944925388740257,1.6275597604955778,-2.4899859602702548,-0.6539971841158189,4.971808271096966,-6.817538973339403,-6.952349478649619,-7.756082726071175,-0.38524862394771486,0.6491489880625406,0.9134791716743313,1.0737632839817648,0.9065007591297615,-0.32056401984988153,-1.6891997157047747,0.19479991280998496,0.1761168803492882,-1.4166064631347075,0.2618897242800573,-1.5568608030624678,-2.8686112914504798,1.0429882337896585,1.8661392048649124,3.075408302433766,-0.7673126973317248,0.7811290451253307,-0.24844691976281827,-2.705534109238241,0.6942689196117435,-5.985076596104861,0.9272517592484375,-0.3939915839559508,0.34864290892072713,0.9611813761381239,1.9463938548002524,1.488796068358547,-0.038560270343854196,2.393369810778872,2.638941016829081,-1.5451830185144846,-2.651630760317774,-0.10076011217084109,-3.300146420355392,0.6201958587113302,0.3842060575059137,1.6933406158279245,2.00002030555799,0.48255357283176215,-0.6596407697646696,1.3599267140455957,1.9702017813411243,0.9706567829635308,4.312368730926393,2.8459933050203965,-1.593983752060698,1.0012192523960364,-0.9374281077276163,1.7664584473235674,1.2922101431591666,1.7670890230702636,0.11812867451087608,-1.7291477448065482,1.6453436004620965,1.9486420920190541,4.981697491332366,-0.3898937817600709,0.5302255895660857,2.8110872232487023,-5.561986499752251,1.6145214082896837,1.2335327197294523,0.048615044682366236,-0.8878784961468129,-1.4914045886460243,-1.5932141078544435,-2.9610025843233485,1.1749526256232612,3.3188779504241266,0.5954392555432264,-1.7570027140839122,2.2982996317063695,1.5832685478278468,1.5949619081852742,3.0184752388196685,0.9039261179011336,2.0075101415454797,2.528177075450654,-1.801523477152258,-4.862228346119811,-3.3796639246124016,-0.23468237683701199,-1.4706769136709485,4.262531660903956,1.5243003212336304,1.1225089459250266,4.0034444869862,4.859846034258962,-1.6474250029960449,2.586339225954555,0.02347577996006254,0.34415617064466203,-4.120056705135461,-1.7465644033613184,0.30512056531959186,-4.5395946248084496,1.730951562007591,2.3668854391882346,1.7730569004050618,-3.1281409716988016,0.7146893671243962,4.122533270334431,-2.0160530136111667,-1.8467113776896225,-3.867390147695172,-0.9469121770343559,2.4706526167588514,-0.805041680384982,1.0218409282554877,1.6184561412882714,-0.7098715875129517,-1.4990634611419387,2.2385253107825793,1.8415005453434252,-3.237243969069493,0.5689714553272894,1.5834398788360158,2.8831334502035464,-2.3586420588880865,-1.3733764775164359,1.4033616574841972,1.6380043734291398,4.788710616303393,0.26203046093691623,-2.7771011613384666,0.44317602278934337,-1.4156166797923109,-0.8662780079328587,0.5967986542080181,2.812451198214949,2.0684315012266605,1.2158326632012253,1.4046969817664814,1.306044217810254,2.3299483907891796,1.5760180005960058,-0.5666500668812067,-4.590642585166553,-2.1025719948001838,-3.394803657803992,-2.748845631907315,0.2653323829420849,0.8483466347846297,-1.8902011689966898,1.0081059386449607,1.518981969671612,2.7236426110984926,1.4456515381647541,-1.538425180529846,-1.3958455353390493,-5.431497454936757,-5.063290049993128,-1.5288420939449041,-0.17345117326860648,-1.7549970448561565,-3.1199667768547346,1.310163539118991,1.2921577024258024,2.0342750470296442,-0.4391686484623655,0.9717782471830817,0.27557988488271007,-3.3676333285177047,-4.666517398470373,2.610000302802245,-1.1840235356771736,2.6801121584448078,0.6545506347043111,1.0301341282204621,4.140712970831443,1.1771908009419036,0.6195777103574892,-0.16031053142878723,-0.3009866806593575,-3.1635956493138893,-0.021792207624569935,-1.186259620098162,-2.4499267900868182,2.621080019780089,-1.0713726293841872,0.7510660894512821,2.562836032504395,0.07296817705322985,2.827701706724318,0.4919800469026254,2.999843409884831,0.31835264472304614,-1.5282986844887714,-6.908472039526321,-3.27615892612976,-0.9120282715363449,-2.034980822116137,1.1717772922073526,4.293519300516088,-0.5485730748251616,5.738413431308145,-0.7163789351492795,3.417244347899798,1.6208803224591735,3.697167645135857,3.367981152659407,3.2076375011749017,-0.0744304178982286,-1.669600056880148,1.4374989033208627,4.335119555245938,4.426540500697346,4.150745409314396,-0.4827591494120104,6.246805970349243,-0.23306379587601936,3.812637328669981,3.479243437261793,-2.205580092894535,4.648158018143226,4.4297526221837025,1.7201977372762642,2.9018556226578274,4.689603598551862,1.3827147623038336,1.4764333964070708,8.181517204902143,-0.03957755234616707,5.192158787310114,3.380378326289558,1.9854237641761379,6.647945354644114,7.664985873088067,1.7938208972215346,3.5970969210787413,4.687235591943158,4.118295973577383,-0.4542190632144547,5.233331891684614,-4.413549177093038,4.222285464105626,8.039100253537683,0.3145082131503748,4.493666134162517,4.768250772026619,2.2488004835303923,3.1557714564030177,6.237473358008051,3.7184524800062957,-4.225727679731605,2.9448571601330698,-8.1060101842037,4.615464073247167,8.280175997453313,1.5592465749161737,6.791872312016651,6.191978323913088,2.047595397594466,3.60166142311976,4.628539197174886,1.5140385086245287,-2.113758645322612,2.8072620082514605,-5.341605374379442,5.496877966987289,8.97856321580616,1.6384788619282546,5.532636150144736,7.251769790268259,1.9793892409396967,3.541632403363319,5.083246010310803,0.09988720967668456,0.44578659786033376,2.5921536972458403,0.1618075546778305,1.3853301867816026,6.294401350680728,3.415811698724453,6.209215282219993,6.611130572209721,1.7663330018172811,3.7942141597011956,7.207046159521728,-0.9032287054032238,3.182480309039988,-5.8664918126457595,-1.8676089369722326,4.619339268399941,6.439241195760822,5.420936098787715,2.4618157483013086,3.5834464494621745,2.173327450233226,5.186037661473219,4.261068465988067,-5.29653889924524,2.523379644887849,-3.4963549398264386,-2.8083364380361377,2.2714859504808684,4.655259050560855,4.262744193193303,4.011708775199996,5.031774408038407,2.204612578992388,3.698432121963746,3.4626624281833607,-3.8363222233191094,3.75176166976649,-4.333124564810961,-2.5794777633433514,1.7031837580538145,4.747224099775441,3.023671303053812,7.860288938419266,9.032244434139695,1.5241824064359366,4.875647448489259,5.210331127722146,-1.508228992833251,4.292883182080926,-4.984278138556216,3.4442019350230937,-3.0792955071581924,6.425626146853579,5.5709594275846595,2.3729682452993197,5.06487852517401,2.8294471685182834,4.52813048094848,3.1564013669716036,-4.9529561230393675,2.0556035656682514,-5.384048299736852,4.942210181380014,1.587134922152421,-2.9562718204662204,2.319723920864842,1.6357966279067433,0.5423715208130255,2.7835610043861827,3.3431132731780955,1.6689484483862993,-6.089008137086351,0.9810227031432349,-6.762554915049911,1.184219390906147,-2.087869328707927,0.1698697474049967,-4.166084501187782,-5.558672611132878,0.40549787074815197,3.3146556770505713,2.2843181318849934,5.573167812456333,-7.96341559443452,-3.772611396509575,-3.497539401567673,-5.67377476057352,-4.044188973258635,-1.9722741998491045,-4.839103993148643,-4.468070699468579,-2.833797917286807,2.5165548790671273,2.263123646123966,5.4272161410661495,-3.9291496978687883,-0.14107607507685987,-6.319367564793346,-4.230979168213599,-2.5093194021700125,-8.873091306762282,-7.219242621888438,-2.109163453114738,3.1608738840982498,2.4657482557847072,2.3218800795776477,3.206365924434217,-3.0083616106319435,2.654207789310648,-0.45230640048750226,-1.6830977976272201,1.4555721799707408,3.6098721258354383,2.102993224411976,2.29954722742586,-0.163361219982955,1.8682538217928444,0.649762411920163,2.602696017629383,-0.033197872114355424,-0.12408814037655046,1.8142005179589866,6.938108634630716,1.8866459903593027,1.327293372864057,-0.5148412002181156,-1.5355516123502069,-1.5066654474507009,1.922895124407313,1.9822222880402254,2.1436285561608224,-2.331947923529801,1.032982622568411,2.559757972495971,2.067174733252991,1.2058954157472543,2.8854473791055266,3.981147512789012,-0.5726417725368796,1.0646839141801347,2.275757045995353,2.3317421606645032,0.6755680738843087,-3.2306139804073646,-2.543143555611436,0.02797791955334794,-1.2540879665234133,-9.295978628365802,-1.8229079991168997,-2.0279650584284847,-0.4835562012932405,2.380224103840928,2.5631862243058054,1.5717631117484718,1.0138381132973573,-3.8045365426204873,-0.2473197663411974,0.1634296887681299,-1.4159026471659848,-4.149560878698879,-1.6779579376006744,-5.155197821414729,-0.8836396179715847,-0.9445273489395511,2.592484367863548,1.657703040701485,3.7577055903690413,0.6034528086471477,3.1566691517103385,2.628584691142501,-3.733767383568313,-0.7148240795355295,-3.314958273631765,-3.5139947172962116,-0.844044793465927,2.639684260905823,1.96114451800005,-1.4293248710471655,0.28827598206314564,-1.037930663120967,-1.5844211469964071,-2.4087935093769737,-0.5071081640053541,1.0059092908585672,2.496740132881665,-0.8368418146666079,0.9122573506047926,2.481806148450135,2.049333424951268,-0.3113271979556138,3.4208392628507864,-1.0061393091942572,-1.0535749389470483,2.2490865334529233,-3.984160220780482,1.6677309820918573,2.32434661527484,-0.8005412583070974,-2.999185513972537,-4.271532445594278,1.5116397195469857,-1.0510720938348574,1.5880621407141713,1.1580686180728534,2.5688538834431065,-0.8739506991731179,-1.829610882412154,-3.0784601100738023,0.33941176104435333,0.6978159870239509,-0.5006272860853835,0.679532394269156,1.8518551970416999,0.45284185298612134,1.4991877919478038,0.06787116831666704,-0.7254908871239407,-2.6100544305742224,-0.16153080806569048,-2.7087183965704225,-3.5392223696299934,0.8460451417288557,-3.261421782139942,-0.04690403506910469,1.165520881479174,-0.04094457000875888,5.784215521625082,3.8102220562635702,-0.5694169829694752,-0.6205982250852081,-1.5247300401564203,-0.37622004510556795,4.606136899170834,-4.047014628615361,-0.2563551078601191,1.5866734838362753,1.6374036233614537,2.420400777371225,3.704706552494428,1.4651449660101732,0.7828975051623351,-1.4692690932283585,0.12855499585243352,5.094373470615492,-0.1856015081387057,-3.8443152886174556,-4.74879747890389,-0.3297681761679206,1.0092517115420234,2.4822771806683406,1.859671009084655,1.1241853939901434,0.599205110068674,-1.1822585567579036,0.650019317511059,-2.6095811769639816,-4.097695107642193,-0.7387589422664266,-0.7676675326210393,-0.49321073992759423,0.6801311383989267,3.480850144611523,1.1314299153184124,1.3500101164902083,-1.5013015570321278,-2.1082291194235787,-3.781551624081684,-3.6101139409608938,-5.621411784062504,-6.468512189186474,-0.9358605594397547,-1.3968335268978735,1.5029362052502624,1.801606961682043,0.7544011714959867,-0.8466823860688331,-3.0072666393489724,3.0160211344603347,1.4151664418180216,-0.5186722354573124,-1.3888706541128906,-4.655607823707345,-4.981026975200546,-1.5631934561932346,1.9883968105554897,3.695079240207677,4.171944902443685,0.47010069645317126,0.2975748695768284,-1.0285403853578101,-5.748188858783532,-4.742773197905275,-1.4300426874512182,-2.3618851785913693,-2.811790901295894,0.9975145107420617,1.7141460854290766,0.3763229622655539,3.058751837858401,2.325751973678902,1.5700313959021326,0.3933472645629949,-1.5124482114630011,-4.18861967682713,1.9669446898997145,2.975531864432622,-1.6767469083066382,2.993664891337056,1.1044635906057791,-0.14199656333270128,2.734697840232081,1.6856153321110725,0.7490076179386874,1.1536881886563135,2.5330398741134292,1.1545526311170144,-0.5159471209532891,-0.15299574208964625,-2.1573315462371396,1.825772974531394,2.094420676859124,1.0996756906848804,3.605040858663087,2.595831419780604,0.5992876271285331,-2.0087342866726874,-3.0792148210447436,-4.2447216738578035,-2.882556385342454,1.5595598112301536,-3.963547210641012,-4.217235554038541,2.507508603555219,2.20947763121579,3.3615545755301453,2.0374675494926633,2.2872687894024675,-0.11376457720628422,0.007525441620586091,-3.576784847252512,-0.018306276844790675,-1.945389492714834,-2.152827090738209,1.192734235501426,2.2802660125640632,1.8923711753309826,4.169834494553851,0.1471525244774248,-3.893244710477073,-4.92116908205874,-0.6958971843875388,-2.8769787266835385,-3.128725220210521,-0.2171102543250075,-3.1399051386576375,1.2509599160453961,1.2358075022606367,1.4251668390557073,2.4843037576946427,0.4931932578883019,0.3569128397717048,-2.24571494041212,1.6252774821991256,-0.478576175108869,-2.007117452505928,-6.603421417969542,-3.6328538860987387,-0.12088455745374473,1.356726568452671,1.2532040572261978,1.4896228896366868,-0.250855690776544,2.7639188439830424,2.2707445508184985,-0.012397007223546285,4.588948586252976,7.746731160897239,-2.655871167683812,-3.279885278518679,2.7435697388806477,1.4096403888666604,1.4734970596207935,-0.10502431018440776,2.8302727149867413,-0.0639927017731222,-0.015768610376725847,-0.5272934099357627,-0.6320726592767285,-1.3032560712296364,-0.49673199991920686,-1.7368091722562509,0.23829158911119452,0.5819226990849031,1.0549201532623875,1.3824446701357858,2.5779476950156,6.018734405806041,1.445033215952349,4.358572017152015,-2.7613002318317026,3.0647246250817997,-1.653109412327311,-2.0222242522483524,-1.4648652485552458,1.626656034392126,2.953585493809017,2.5691077986732833,-1.3465473447874052,1.3604502967160144,-2.1783207557659856,3.3924359149358363,5.243413020234487,3.5581582487523704,0.391735828499255,3.8770238858971697,4.524948249876465,1.8439336127379033,3.2609050095697114,3.6951030238522296,-4.895466513478545,0.6006662914350746,-3.7926009147495416,-1.338182803147096,0.3655111461622792,6.59347075126741,-1.2373837556377079,0.6349988703197955,0.9999972202628808,2.0711269438178315,1.8185845243769387,1.3410347364038855,-5.365490948465337,-3.9985959859344913,-5.945546816601691,-1.1972185046653763,1.3274467121636395,1.4478117451787864,-0.23367606188972545,3.644886138685349,-2.5530424291041918,1.7701062225239925,2.4349183251526703,2.2969178657486538,-1.0362740121299516,2.081714858983717,-3.392520749969362,2.6568205560660805,2.2462421213031516,5.565025418711103,1.3719569549255501,2.3691911495809723,1.2572852718112757,2.04476454559343,1.673297936050515,2.967378842037609,-0.34922368643004903,-0.044456096009625405,-1.7319644356404809,1.1473342155616266,2.828688095407026,7.5016624456324354,0.1303695661217177,-1.5273388532295318,1.0479929775305368,1.561500360355189,1.7042238705537325,5.243320949095655,-3.058706096015775,-1.1439163981444702,0.6728230263852731,2.3863419132556265,-2.5284601638566166,0.041555097375078405,-3.858440667458559,-0.6940885483699412,-5.304332481697786,2.3151227540602894,1.5035623828312101,3.551176714564816,-0.6931383077789541,-0.4170853810712697,-0.2449807135557208,3.577568278371121,2.253549278664918,-2.4401230746652134,1.280161710836375,2.0590580913857193,0.395395673670503,1.1417103377942683,0.7487553711112992,1.8860438248689535,-4.34525991940189,3.4278667773221225,-0.30074026494955475,-1.4326541590035815,3.441192541253411,-2.1293545134288783,-3.3778748635384104,4.205577323894975,0.6956396318197685,1.07758741291549,0.9011862062846151,4.443806414412978,-5.8228122507062965,0.7475899982831247,-3.111116666925409,-2.219879030347688,7.830041291653413,2.3612533627747823,-1.6978138277519927,0.34856988752707657,-2.779880654211361,1.0930786863215007,0.1300561225919604,2.6462440092770256,-3.605416889921944,0.3649768399595247,0.14796917181540076,-0.9952430544701224,4.193309265195453,1.1633237521427933,-5.768130194460012,1.4819922600162443,-1.9714763554535026,1.5424238694921795,1.0015581904418034,2.2724478815320386,-3.4814931184235514,-0.9749910432575248,-2.4577928127624413,1.5564325164570454,2.467571775178279,-1.9095825822729116,-0.043597096490133096,6.80368892688962,2.5243232579602863,1.4387252510727275,-0.09270001530243757,1.7065984062725044,-5.052224270785394,2.3119212212348628,1.852102380244702,1.406367254310806,2.024732329117737,1.661941284966148,0.07102584302414036,6.797542375580637,2.740358027664106,1.5158135608229064,0.5855180655542521,2.9279316657231433,-2.227267149134634,-0.16241846663489093,2.3069395192106046,1.9075988787882996,5.055942370338676,-2.631201070878456,-3.0426408699450755,2.790367960459434,0.9351753750995033,2.4716020821680598,1.9871676967480434,1.766021952100859,-1.9430722136272243,0.28199121898193164,2.2386772129394874,6.04585654288177,-1.5411265847905615,-1.8591320555591426,1.545591188634158,3.604808297491483,2.6715303335446836,2.5996336577302412,1.5621359408187399,2.853927120871978,-4.885422668126215,0.033714025585856615,3.273302602376482,2.055825460970841,-1.501167649587721,-4.451120578301611,2.420486612154989,3.250459351732564,0.12673581649356772,2.482398617136245,1.0166179480478874,2.2421139013873455,-2.1291477316615235,1.7574235529110451,-0.02180131217020924,2.309063442308379,-0.43042402146914827,-2.0141451895404923,2.25806249238109,5.975392626160773,-0.47719703081556497,2.8934415114243976,2.6908800757358993,1.7555272403485516,-3.590398179077832,-0.5982246962222231,-1.812733724979142,0.7243500129970463,-0.2989093768693414,2.1501162239054956,1.0434939142451047,2.067431346634853,2.79937455906633,2.8077946973117927,1.0428058525614854,1.7519653495709375,-2.9198021250153654,4.469262378346453,-0.6083826294356192,1.6261344409306997,3.512533237327617,4.594859073780322,-2.1204071920405076,-0.5843010701614738,3.1323841833109376,2.6684380077851464,1.8147439944364663,3.8958578452460375,0.6301776726173213,3.736083762310413,-1.1346713596012588,-1.0710351595259309,0.7191105721432117,0.06658390992853347,-2.087300839193097,-1.0230250107155578,-0.1879513095102548,2.547312632764015,1.5663115225861883,3.1475932531352497,1.688116797969181,0.5732849385456568,-1.1631948097404643,-1.1574491416335897,5.737290356492928,2.263362455475638,1.9698538825125869,0.9780392691783586,4.208690633049549,1.9334978379853416,0.825183444766034,2.9007443381118287,1.796794001019734,5.257962493472763,1.631229346431225,1.3080950576179904,1.3659593634206493,-1.1763444637536906,1.872238523026824,-0.7792332113372076,1.165161062220265,2.3367978870891277,1.6008421576414664,3.60750340402607,1.601827223805031,-0.09333079334441052,2.7579587326444965,3.6633801945906734,0.5838723050973549,2.6674807219323853,1.545855124730504,-0.6790753822963176,2.8002102576200176,1.4442581625908792,1.0348649934482015,2.909597662995147,1.6366428031782658,0.695765659284488,2.2212845205260634,2.3536822933806447,1.0133099403263002,2.0171533050180113,-0.43793443408999777,-3.436445985073811,-3.279052963065375,1.5405175847814423,1.4288187657463396,1.244467870291283,-1.172555874752487,0.2724980578849776,0.7377956981026083,-0.43689290791503227,1.7949104948260706,-0.4590171223856567,-2.5658628180999687,-1.2291039606553988,1.0186656441172919,1.8854340248082089,0.9074412530858132,0.7570224712585112,1.4151673971086949,0.9841888109817538,-0.5164431933780892,2.0518112418619285,2.942861961769974,0.44262511562562723,2.027137006076493,-1.5704111482701177,-0.8967575751109557,2.1440223509896277,1.1289450134901353,1.6185885375453666,2.3206742106069647,0.1925898049785407,1.6969066412191012,-1.8248327663666557,-1.6466924723562157,-1.7865343179379396,3.034535644563865,-2.1118590713637593,1.8692047922699224,1.7896849624800417,2.07915679225941,3.4610727475545686,3.248413364135722,-2.0196863825962117,1.748331151290838,-0.8125082563972031,-3.4552588136702225,4.969468425096918,3.5446860632209907,-1.9239038899664387,-1.643552156350962,1.6925408649903875,0.4781257024143072,2.3995401550383484,0.8613348381564752,-0.964106204143866,2.317850672118915,2.490308955182527,2.4238850533754497,2.9330840710125945,2.629254548099176,-2.171919200852104,-2.4336979661146074,1.2971198543614804,2.174569745353754,2.23190287183234,-1.177684223212499,-1.303813010458659,2.8487580549880143,-1.5040181681335156,5.638156686249968,2.1013764073187695,-3.3419649316546005,2.12316734612657,-0.006356531294261857,1.743630019522812,1.398392216354047,2.303976648727417,-4.3264399825838025,-0.5940536118268139,2.8151143312078313,-2.618054129056447,2.2821153567762065,-1.5662348653728317,-1.9243175861626785,2.1235610590304703,1.5671032859063878,1.2037921195617596,1.2220596494732687,3.238506757870359,-1.3403740555205481,-2.5913340731005294,-1.0482811718197347,0.054407034142718635,4.7556534367275916,-1.9252394572571465,5.523853284777286,1.7130670269744832,4.740639850594103,0.9374043652132918,0.7137189576472984,3.2365250625130773,1.9933719904507214,-2.034203691947607,1.7240623990709132,0.5706231330040303,3.8219395011585213,3.0332545449086057,-0.9064728030658855,-7.139155446586821,-0.7415851552555411,1.7781709776944332,0.44851235008585505,0.7235823928895447,2.143533776754501,2.4946398648071684,3.242276663783796,2.2899431407858857,-2.5232776024800327,-1.8173994096842565,-1.486414463199411,-1.797132526627679,-3.178303039352129,1.6705497092284742,1.071773481795416,4.8968178111209415,3.089113458138406,2.4444137360564366,1.0336317850630288,1.9447331942388641,-0.2868107850239801,-2.164746299513661,-1.2634245128024653,-2.42596619008036,2.7025823372776405,1.8515590376869386,0.7740330537341426,4.3038502189044685,-2.4390655257531306,-2.164429707865512,0.5214566299496918,2.2392203490588902,-1.3754916128901107,-1.8660334841168456,-1.0871066968104304,1.661036402770488,5.949401480899825,1.5236064289042361,-1.443809982900432,0.09965513243991546,1.0442456255646142,-0.5205206660797463,2.332967585101177,0.7011832504398772,-5.288365583747883,-3.3991283707168787,1.1019901275208666,0.17346145362362705,4.365541355234718,2.2158351610906286,0.0036905042487424917,3.897506438313726,0.6006479339439748,-1.1406266964875997,-1.6565487333088555,0.03030061157408709,0.8202251364653385,-0.36094318269165937,-4.428883229072453,-3.0461596036377334,2.2758958756276635,1.1472026678282026,0.7332989397446522,3.861282677409073,-0.41097609238862093,1.3938860358050769,2.5035019089127815,7.199502747475195,6.438640908723705,6.747101188648589,6.777666365253227,-1.3298001038168756,-3.648218635152864,1.3124806436904723,0.5645848613978884,3.327570064997621,1.2230548854233512,-0.47714328468898937,1.057579520196541,0.5190584087172437,-0.41361476156092164,5.676282901725286,3.0413685581450163,-0.7024021313232317,-3.378205788039966,1.34072723811841,-0.11303979177026437,3.269236119883388,1.0444081068600122,-0.8816214024922295,-1.7136735223880435,4.65754738723242,5.27493128867051,2.1821542653167074,-2.452083132157778,-5.052685897072675,1.2760054962243506,2.7885774075632317,-0.39895156627889583,2.313643849425026,0.9600911065960451,-5.562229529907654,-8.35666984019656,-1.777110237507221,6.110566044833751,5.4619148958436705,-2.5492192903533546,-5.9749183367355885,-1.636081138498417,3.6125926362206746,-1.6129446083128587,1.3129328632420016,1.673015985090761,-8.532304822740185,-8.988083078902052,3.7904893741087826,10.665756349886182,5.056640187619457,-1.0893079971938135,2.4302687137552823,1.1958050117937675,3.3359950554285853,-3.2539019880577866,1.9470821561351457,0.1718619243828788,-9.240879403143918,-10.43094209213406,3.517032281878084,7.145029716994686,2.2172097200013003,-1.5161883199481485,1.1886743227802803,1.6277512153166203,3.117314687136869,-2.7202573958561973,2.074223807826358,-1.5693879087650198,-7.956237272470738,-4.501106701652645,4.937078563129444,7.326037229095672,4.4396026172270275,4.811619230441436,1.030105178178051,0.7537431997274171,3.0530729986156024,-2.541155914787513,1.2788823504097242,-3.1341557060144623,-6.760601956969308,1.343538531226684,-0.3822067118106729,1.4431581584351065,0.460307263144965,3.5806164256194637,-3.92489060176404,-1.3098151498295107,3.019544798916088,-3.053003977916823,3.0141031664121973,-3.92831989268813,-6.233739972122447,2.584939882916195,-0.8363459355881727,1.0506551909566848,-0.4285932914250075,2.440034293601735,-5.245221504914474,1.3770906623058277,1.9433252099861271,-4.626238698848473,2.931353786950672,-5.856311450735422,-2.297279341355818,4.343198475786019,0.0909270981769453,0.5681175648954303,-1.6293397894528443,-1.2982430214706557,-0.3347607996650336,0.5018640111647429,1.5004524853767005,-2.9908950064049638,2.6678113388252744,-10.054033418325758,-4.571129254609115,2.7914559590174757,-0.19988862751407224,2.628859456841148,-0.45841583886187,-2.1450961042320524,4.541468182759417,3.7371061088062465,1.868663514681828,-1.9348024671762707,3.2104437842137923,-6.686935120146132,0.5741188816110102,4.400736467755952,-1.1852283657362925,3.9661760241624817,-2.4038861876981676,-1.285409520442479,1.6504438633146876,-0.4365083047656634,1.5374068418918099,-1.0577413350398863,2.6247270465836507,-4.7068684720410054,2.627883848673981,1.5712477186447829,1.4724418053588522,0.673159318179648,-3.6154581304871387,1.9277046913132139,-0.6997656327386264,-3.0313099844605156,1.1416976357967905,0.9964914351973764,1.101548504888994,-3.7484194674567237,7.193036581492113,-2.5750419260705,1.6318765143126652,-1.3212756635760743,-4.128944747457988,1.1657586550253467,0.06063829922387305,0.04480465475550822,0.9590254724211676,2.781978430477155,4.871620858490615,-3.6229479891607537,1.1874755012015892,-8.471417081256005,-0.6390504437751747,8.227725939533054,1.4874882394945685,2.7800662052813854,-4.144540681485189,-7.032748806387593,1.8264611301206997,3.5352846978648595,-0.2902170675278986,-6.928080177799214,2.8224830242392565,-3.18599308487828,3.012280696031973,2.557903692599737,2.242924762970099,2.082693514342342,0.9190740044380379,-1.7848205020640453,1.698457202540205,3.3756844616321566,-0.143642606287847,-3.4402623249387956,1.6265077498496372,-3.520908285261131,7.633515906458347,5.438517559021393,6.741125511107616,4.805511301560861,-0.9422950041229206,-3.2872943851378857,2.600445093314156,3.5165566545835514,-0.17316517062873463,-0.669230807695973,5.093715720902104,-0.9383454928052977,2.58577530663473,1.825208126504029,0.9551161810755913,-3.2004087616476253,2.2503422708407377,0.37358194401149486,2.3350412530712807,4.417083525675126,-0.5723108258636448,-1.220802316568745,4.319621383955807,-4.661028480632967,4.396140066056622,3.490552868747452,0.8686456156748485,-2.221439843599201,1.482198060881727,-1.5269193371695944,2.5976358611401595,6.221724001319148,-0.3403839325976098,-2.671972460220154,2.7965345785881808,-1.0296297190480004,6.595904813983325,-4.26080808215699,7.037094739096958,2.5575157771918775,-2.0212916348146055,-3.9258695178201446,2.1078622299563214,3.6801063630337345,-2.474009158512041,2.334370770899135,5.861129308380195,-5.189174223084135,10.8095127012217,-3.8811300728533458,5.168729713417201,-0.34336260661566853,0.08784788724331465,-3.001942833915339,1.999376647016651,6.765498537707441,0.8150111598598041,-0.5476760820565246,-2.834571796936133,-4.04541740169144,9.816362749893115,-0.8511449336152014,10.893961858767918,-9.160325781346739,-1.4505097099118305,2.775530296617263,2.457826410489127,5.027085578273496,0.946681848290365,0.7805845924987149,-1.023806677555615,-4.79557258843332,13.907055773264284,-4.734519819703917,7.046015383376375,-4.587218397012731,1.8934160005896123,-0.6737404362466238,2.722246207015595,5.247092948189714,2.3210528666908057,-1.9390656712769287,1.4236792239799283,-2.971962939528471,9.477312290221539,-0.2544111791132314,5.221563156330188,-2.285520634336322,-1.9552221730754398,-1.1019949465864851,2.8925127880232098,3.519146513013971,2.035414322386623,-0.2517250459373476,1.4862551865597051,-0.005073412155985193,3.527033972557148,-2.425802734848671,4.252055871291609,-1.4750957670662308,-2.315183480139548,-3.0253039850755354,2.881596236032316,3.1584124651206165,5.474022610554147,4.072516876345653,3.2876003414496218,-3.165488334649157,3.521662154287447,-6.676913241689623,1.4134187727494507,-0.7438260322406473,-3.127867613314943,2.980432660993216,3.377238430620358,3.2206043963161886,3.737755640438623,2.854960376600169,0.1597417773297374,-0.796183881835628,1.0305720074043745,0.37022558652785714,0.7381371569039001,-1.2777918501100392,0.8638446222722489,0.5994059007895218,3.154816466288742,3.645787078337289,3.4564829493460953,0.4494139388141068,0.9832339774606871,-1.407894714657337,2.4447559438058755,3.9906671974883405,4.014888496461515,-2.1707717795299564,-2.65611967249216,1.2179381099723658,3.1323236327308113,2.8498238028764455,2.989116226123887,1.4154807883175458,0.25838928433040853,1.5073995722197058,2.814582984993343,0.040847746990273326,3.887061121407144,-4.263754566176962,1.1582192448685567,4.227748943751859,2.250114601161586,4.287292656761832,4.3517546325871646,2.2799012555540377,1.5432911652507912,-0.27962155779484466,3.6060976493637336,0.5362287572139832,2.67482581219123,1.4199602343497408,-3.0775378324876055,1.830158642599328,1.7768706413705924,3.899443263247863,2.6257510415457626,1.5272334097847007,-1.1776982989219724,-0.6451768276810976,0.2296731211730675,-2.191127877985743,-4.6792265798203365,0.4486801223667484,-2.7976596537309977,3.760676519569121,1.0038536913275973,2.1038170011098023,1.6931213120981985,3.2572124039004393,-1.0596190212322179,0.7264352118971739,-1.4227229687751384,0.07035573867925159,-5.333224876512544,1.9109895925454388,-4.264209360126297,-0.09960150228222918,0.5589090789001602,1.0635512454190688,2.694102304048344,-0.7891711884681053,-1.2405483226937963,-0.2664796355273378,1.9976821997629497,-0.3194503174712038,2.5317654098912916,-1.7797011684736657,0.17317441832020386,1.5313824861246346,1.1901724537478329,3.7350933999281173,1.841592740381187,-2.3812108972685677,1.535770019379736,-2.320857502162616,2.2900237579405203,-0.7052177634815717,2.5428649083940353,-0.006800978177222259,1.5228686066132244,0.8066755665775489,0.09594298978083447,1.3145946227657033,2.26000334698976,-4.486000159543618,3.512744657309557,2.9247997674308035,2.595213768716956,-0.49732979436286734,4.676147167864343,6.81537922615562,6.133686259530025,-2.427053397853901,0.7773319590084525,1.753060452479187,3.3114632777398003,2.989077513017716,5.249794977604238,-0.7160484431016015,3.1505207958237023,-5.868929070050077,-3.5573305888947058,-2.763441007242384,0.807707314438829,0.29304835522067857,,,,,,,,,,,,,,,,,,,,,,,,,,,,,,,,,,,,,,,,,,,,,,,,,,,,,,,,,,,,,,,,,,,,,,,,,,,,,,,,,,,,,,,,,,,,,,,,,,,,,,,,,,,,,,,,,,,,,,,,,,,,,,,,,,,,,,,,,,,,,,,,,,,,,,,,,,,,,,,,,,,,,,,,,,,,,,,,,,,,,,,,,,,,,,,,,,,,,,,,,,,,,,,,,,,,,,,,,,,,,,,,,,,,,,,,,,,,,,,,,,,,,,,,,,,,,,,,,,,,,,,,,,,,,,,,,,,,,,,,,,,,,,,,,,,,,,,,,,,,,,,,,,,,,,,,,,,,,,,,,,,,,,,,,,,,,,,,,,,,,,,,,,,,,,,,,,,,,,,,,,,,,,,,,,,,,,,,,,,,,,,,,,,,,,,,,,,,,,,,,,,,,,,,,,,,,,,,,,,,,,,,,,,,,,,,,,,,,,,,,,,,,,,,,,,,,,,,,,,,,,,,,,,,,,,,,,,,,,,,,,,,,,,,,,,,,,,,,,,,,,,,,,,,,,,,,,,,,,,,,,,,,,,,,,,,,,,,,,,,,,,,,,,,,,,,,,,,,,,,,,,,,,,,,,,,,,,,,,,,,,,,,,,,,,,,,,,,,,,,,,,,,,,,,,,,,,,,,,,,,,,,,,,,,,,,,,,,,,,,,,,,,,,,,,,,,,,,,,,,,,,,,,,,,,,,,,,,,,,,,,,,,,,,,,,,,,,,,,,,,,,,,,,,,,,,,,,,,,,,,,,,,,,,,,,,,,,,,,,,,,,,,,,,,,,,,,,,,,,,,,,,,,,,,,,,,,,,,,,,,,,,,,,,,,,,,,,,,,,,,,,,,,,,,,,,,,,,,,,,,,,,,,,,,,,,,,,,,,,,,,,,,,,,,,,,,,,,,,,,,,,,,,,,,,,,,,,,,,,,,,,,,,,,,,,,,,,,,,,,,,,,,,,,,,,,,,,,,,,,,,,,,,,,,,,,,,,,,,,,,,,,,,,,,,,,,,,,,,,,,,,,,,,,,,,,,,,,,,,,,,,,,,,,,,,,,,,,,,,,,,,,,,,,,,,,,,,,,,,,,,,,,,,,,,,,,,,,,,,,,,,,,,,,,,,,,,,,,,,,,,,,,,,,,,,,,,,,,,,,,,,,,,,,,,,,,,,,,,,,,,,,,,,,,,,,,,,,,,,,,,,,,,,,,,,,,,,,,,,,,,,,,,,,,,,,,,,,,,,,,,,,,,,,,,,,,,,,,,,,,,,,,,,,,,,,,,,,,,,,,,,,,,,,,,,,,,,,,,,,,,,,,,,,,,,,,,,,,,,,,,,,,,,,,,,,,,,,,,,,,,,,,,,,,,,,,,,,,,,,,,,,,,,,,,,,,,,,,,,,,,,,,,,,,,,,,,,,,,,,,,,,,,,,,,,,,,,,,,,,,,,,,,,,,,,,,,,,,,,,,,,,,,,,,,,,,,,,,,,,,,,,,,,,,,,,,,,,,,,,,,,,,,,,,,,,,,,,,,,,,,,,,,,,,,,,,,,,,,,,,,,,,,,,,,,,,,,,,,,,,,,,,,,,,,,,,,,,,,,,,,,,,,,,,,,,,,,,,,,,,,,,,,,,,,,,,,,,,,,,,,,,,,,,,,,,,,,,,,,,,,,,,,,,,,,,,,,,,,,,,,,,,,,,,,,,,,,,,,,,,,,,,,,,,,,,,,,,,,,,,,,,,,,,,,,,,,,,,,,,,,,,,,,,,,,,,,,,,,,,,,,,,,,,,,,,,,,,,,,,,,,,,,,,,,,,,,,,,,,,,,,,,,,,,,,,,,,,,,,,,,,,,,,,,,,,,,,,,,,,,,,,,,,,,,,,,,,,,,,,,,,,,,,,,,,,,,,,,,,,,,,,,,,,,,,,,,,,,,,,,,,,,,,,,,,,,,,,,,,,,,,,,,,,,,,,,,,,,,,,,,,,,,,,,,,,,,,,,,,,,,,,,,,,,,,,,,,,,,,,,,,,,,,,,,,,,,,,,,,,,,,,,,,,,,,,,,,,,,,,,,,,,,,,,,,,,,,,,,,,,,,,,,,,,,,,,,,,,,,,,,,,
25,1.0,1.9742148173402199,2.149919398275014,2.539293076914342,-1.0147200745057858,1.790295043264705,5.566785498602825,1.2518595598903335,-3.311844044655305,-7.4026541339390555,-5.149581653427098,-0.5599894756141502,-2.9657605000109992,1.6987816102696007,2.1167403640860516,2.5235557754267064,-2.2257780836777203,-1.4627263020242616,0.9753974390655714,3.996035784289388,1.3598825217868857,-2.4274139556337397,-2.396819965897005,-1.375214127552863,-1.4384966864521822,2.305859678113334,0.5602133780656422,4.7314606754031034,-1.4808123289082358,2.3387976157584855,1.6180231137927712,5.517921554359559,-0.07154083136145589,-2.737146695380147,-1.8558137925775484,-0.08274936591335154,-1.416037587988133,1.40381443953921,0.26512061136696363,1.7192013818352045,1.8822241047364685,2.7402218559836764,-0.14400075529333273,-2.5208339300616043,-4.834662845897085,-6.799904307837191,-2.1457438054836517,0.5211967402294764,0.21342354691918108,1.7238549086095438,-0.12763539616873185,4.618494934250859,3.8348665350996636,3.6052185943364963,-1.1221945540202887,-1.276126540423189,-6.5610400585143935,-2.448412566896647,-1.1505462996773788,1.1649181560508493,-1.4003903670371718,2.282852477463605,1.816570196125101,4.20894804536218,-0.18131607788014828,-2.8566076240658753,-2.562703269172531,1.5068703890842226,-2.955078080821486,4.255691590010712,0.9308277018779719,-2.2480733537148003,-5.38466648638337,2.115603298771131,1.0540723316969622,1.33875795722737,-1.8344445952443418,0.898092801859882,0.9139282774239001,-4.601037761729583,-4.202492797651639,-1.2322197656381015,3.778154065658951,1.3880434705152376,-2.657173206405418,2.1977373453293074,-0.29192673394746266,3.423111686396796,-0.41640677286822636,-0.5538228369366555,2.3863336825779946,1.223267327376153,1.8556563264656465,3.8360616800193537,-0.4633615174727558,3.6905968970559213,4.744796472493372,1.277037786582314,0.7505330910869003,4.715283809609906,-0.5340098146726334,-1.0719014795975468,-2.7050857895979794,-0.7093700450984107,2.9719966454616547,-3.1144238103966932,-4.248260137151246,3.2907779034516866,-2.651660045602404,1.9077497296492134,1.3748646053758011,3.755217645682784,0.6327588755564443,0.7725071667796685,-0.052272683708341934,-0.5770206339275697,0.17927989818098222,2.7827892279633075,-0.6448696878210561,-2.5146902904454893,0.28890463600502264,1.5669956453696334,0.7146522126344084,2.361946871479028,-1.8858027007367657,-2.627623528382405,-3.32164119053432,-5.909342448827479,-9.325497723592546,-2.5681903221379,1.3082477733543818,-1.9026147413696974,-1.5328565082104135,1.6186313252143794,0.9222567753763732,3.314810361246217,2.6451504966507855,-1.8410228926740384,-2.1834832051812127,2.349808314727291,2.920913041119671,-1.4591396935816197,-0.9385911262647841,-3.6220774875315858,-1.5444654571574568,2.6285697392929706,1.686789863903777,2.5941534012934437,-0.08546053218118989,-3.569814474133847,1.9016810521020344,2.8667751248446236,-1.1691254940815408,2.0091336195207643,-1.906759740015251,-2.611973161546866,-0.3132060793460485,1.8930586963954565,1.5703805720003947,3.5800058709797886,-0.8697049125444747,-2.291143448519929,-1.4202553994757647,-0.02461682718756536,4.870781115030698,6.347734682574134,-3.4562444217152386,-0.5751590929672877,-0.7730624513378069,1.5278851452389088,-0.42728466021069805,-0.8588742948286112,2.4891999987988553,2.9714205767902944,0.36045665227562573,2.1461911973667167,-0.028667950523530755,-2.046301175690279,0.60334904492661,2.3857191617621343,-0.4011052967057723,2.1099582500069105,0.5076627762982724,2.814131265964854,0.2298263567375742,2.6354052432268076,-2.3141135073249806,0.53747089902395,0.07131310448590267,-1.946614341563835,-0.08312571536523851,-2.20412485967915,-7.289412655750375,1.5620588807075706,0.4076923186778584,2.5419858250535614,1.7750879238775246,2.7042631892477385,-0.6017788635096856,-2.1471161952399127,-5.418444509730291,-1.866809242019774,0.42106226892432824,-1.2533364445412503,0.6231393895653343,1.8587335764311688,0.21573148979063947,4.025965998028195,1.4456743388181132,-4.608110179594719,-5.218091484076848,-1.5198463509032818,0.03937029253419575,-0.9129509459003442,-1.234725793956759,-1.816688891270499,-3.539233557323204,1.8656592468958364,0.8269842082930455,0.09751321990961344,-2.816668920168841,-1.0537074513656761,-2.152764354837166,-0.4053115007783173,-1.043529089066854,-0.6493354415067908,0.8870724896508655,-3.493595515360418,-1.2490435726708673,1.724428484796186,0.7883680379394624,4.22115562304376,3.049084354721511,0.29556852576397113,0.29514998614684534,1.015374795841582,-0.9809444406573251,0.06738786397290066,2.042804350077251,-5.9247361696555885,-3.162352457507791,2.041402787971944,1.3388318500943643,4.831540812481658,1.961755658577748,2.440373487452676,-1.4009987036363507,2.390544760335115,-2.280533656596419,0.45889198991510094,-3.252708436253444,-1.5306352951721145,0.7541326724615448,1.964991579230647,0.6516967586834107,6.304812667120472,5.465441637242339,1.4629036447683528,0.0725704554672655,-1.84087511521394,-2.774152966361025,-1.6473238900041878,3.253707439536931,1.6199185815656114,-4.658624712077848,1.8388288766391976,1.507395088037018,4.84373044290435,0.8511840267129354,-1.5639488435628834,1.0415156479319923,-2.6099654555492564,-4.3961831281392705,3.015640478784681,0.04932353290082821,-2.8285378006093027,-4.699157254469188,2.115160917318782,2.0983439873652303,3.091807056943049,-0.5402593799842802,0.998312843784147,1.581588474357731,-2.151160270756658,-3.329099202187921,0.4951578340004724,0.4294644851068539,-4.668475509379618,-5.3861122732428015,1.9769928892229105,1.5086248889523244,4.308248264259292,0.7524055992504101,5.579516239161187,3.1957587693902485,-1.2661237855033702,-5.035298300404579,-0.5065684019586169,2.001877604672424,5.408518802016641,1.2614485270371316,1.9266717890142475,2.33717880213578,5.503217772836346,0.4380620208677514,-1.7477508723021575,1.4091070764938136,-1.1755993234544582,-2.9995733090044565,2.7713070899485994,-3.941463446822134,-1.3371113978756335,-0.25208718062096136,2.0216516626874332,0.09127535976723247,2.8151336771768083,-0.5121970968629683,-0.3055167574825565,-0.45586964667128427,-3.113938057113793,0.07297147909952471,5.34321330371597,3.762118471413807,3.289867769325897,-2.7972862542663615,1.975604309571662,0.892424820219506,3.540435816014027,-0.6766886973558451,-3.7930997828370887,2.985491510406741,5.355418481498255,5.243785865283324,1.7620753640316806,4.451026350975773,-2.57926394296894,-1.059645530494452,1.9003999249177341,1.60774666146451,4.202070468432698,-0.3954561961690483,1.093638240699949,0.07909785362629478,0.4595207237667685,-1.7288307283934745,2.4542257124431353,-1.8270827751534202,2.6131981388932672,1.0326114596615863,1.495758795905573,1.4619903242470926,4.456681810442028,-0.16685438470328126,1.198639362816516,0.5639005488411372,-5.624372921079015,-5.168676874252172,-3.5343863932104336,-4.451180062381248,0.36249762474067543,-0.3292747043452126,1.6125486487654754,1.0373998884876847,4.84189105152566,-1.0067202741534629,-3.1717885393340675,0.09826878202366639,-3.177420039567072,-3.7909371450795764,0.8275726062299467,2.8911901691425537,-0.7627693956834348,-1.9401239282026204,2.008516128416586,0.2918550572341536,1.7692480525161356,-0.9140000641755334,2.1110822595443954,-1.4170434729568102,0.5505248468074939,-1.5112395037675412,5.971440106260362,2.294464736147685,-0.6624276471652965,-5.049095718564122,2.2185995229944977,1.4546695069384448,2.4400259540440077,1.7543886267907733,3.5875981003409407,2.6688373924197792,0.7829871596580082,-5.39115285275284,-0.31422464639633796,-0.4129825336716939,-0.38676608213177205,0.9786121073403327,1.8253166046301657,1.934272008477575,2.5949304888586795,1.176902377032059,4.016771042038474,-1.4694390909751873,1.5738163110761125,0.06419777272607807,0.7797212048487022,-3.9194628557652345,-6.05509761283649,0.5023625878508269,2.004934597208644,1.4982282860545637,0.6866333399650721,-4.4503254565281685,0.6609550681052779,2.462419755020691,-1.3758618219242822,0.8793546508319457,3.6873463316559993,-0.41775744662713965,0.2651425897041134,0.6621150580121962,1.6113007815304714,-0.05968232475123901,1.37885133887265,0.3471084988153172,0.883987570236142,2.5305238309022773,3.423145718789249,2.9854359090727316,1.007882668758067,-0.9767067234947142,-0.061940418601526055,-4.048605126804736,1.7158753811181413,1.379533026082511,3.5184050339470887,1.1757882178428143,-0.5156218069350608,2.776438423526946,1.828422309972713,-2.626718952693798,1.1264973757205836,0.43374560814280944,2.6866695827860396,-1.4356316757137488,1.4161844581057168,1.4266491462250983,4.453942389247747,-1.3671765857104548,-1.18149522483663,0.1527548360928082,3.2200999307622573,-0.4439509113571226,1.3811142647473258,3.694117115783085,0.4660716495761583,-3.7779152056615066,2.1542714971833377,1.5021278593877847,5.87828124812277,-0.44751261145191346,-0.14005728022472305,-1.0867948219296826,-0.24748450745766984,-2.337856925919828,1.1958707529288446,1.3184856702551397,-3.0747407822490875,-5.474079715665115,1.9227076294112557,0.5913693221136199,5.586660024332313,2.206202930990022,2.101445883034001,1.3878395244559618,-1.870796371200619,-1.991993005780809,0.27529025352005376,4.443822190633686,0.03273088298541589,-1.745358099775032,1.804704974036571,0.7922018259381162,2.922349281167662,2.582358065766652,5.361729227808794,-1.072629976016814,-5.55224473634105,-2.0685372810001015,1.0319719474599878,2.6620447421542406,-0.850028833187815,-6.6177387437756785,1.3338254839866919,-0.2848856061027169,1.5443462634340344,0.5763300004029284,-0.9353890664703076,1.587511687721799,0.6969219175391302,-4.336756264188876,0.016297554239326665,-0.6077079946391556,-1.0047881565195886,-1.5046183079729825,1.8410443900602491,1.722573066486235,5.077203483327616,-1.3608561719240349,-2.525783637940118,1.2376909786483365,2.8279701532803396,-2.9482215994097825,0.3010722450344224,2.2761131694760666,1.4064551311271374,-0.3571634673213535,1.1499134753180262,0.7200721538724819,4.92300803806827,2.7548842184336517,5.857031927381729,3.134940047652645,3.902657869425704,1.283373091096098,-4.747666193561988,-2.147850476226878,4.160756762509176,1.269837716408388,1.9732130265284786,0.8763167590730682,4.744227752755588,2.9594259335186828,3.6067526212215917,-1.5673924726892148,-3.2207091617762087,-4.67920402543779,-3.667299524383019,-3.871443606097655,0.2383958527655508,-1.0404623800659387,2.0104989217350093,3.125391368512614,4.238039646424967,-0.5027736490776848,2.041200943207385,1.397782458928237,-3.7302048737621654,-2.7098148239720676,-4.853229663196062,-4.38772408923631,4.467468656518134,-0.2815524573580112,1.9319890746810495,1.9341426882417279,5.652095623430094,1.06016575498417,-2.3074479246240585,-0.24352096018828065,-0.9073983353349141,-2.5022793478725602,-1.0250135172909303,-2.495828028892272,-0.04097409508971503,0.591947466584315,2.180924979465729,0.3902056487469939,3.1612209552409882,1.5267442191902965,1.9041418798970684,-1.4457940002968415,-2.733902712161661,-6.694881331081178,-3.1044939288000677,-1.5424192876689062,-0.6431916169046699,-1.6357888442498334,2.0758755756898277,1.0266559258296213,0.9866104931440807,1.3851341304507605,1.2267739305261496,-3.756642784290434,0.5251761885230681,1.3851647967092298,-1.2848950625639062,-3.4248517983222047,1.71662345468279,-1.5404704575368862,2.1158466261671047,1.854513794724434,4.683186241163496,0.11261698524920206,1.5740942007054242,0.08760372949850251,-0.19219554687357274,0.6385510128261955,-2.0656418503392695,2.134898144035751,2.3316259718680494,-1.9640403750873163,1.858459824860013,-0.302081639171545,0.9279835544138928,-1.6641402946700068,1.4264762052312583,1.3729922758590647,-0.7493336762619499,-2.6270205191852627,0.5475098151477963,3.7649377341745764,0.132496747282168,-0.4290001682854201,1.8557452204693652,0.30353737797070934,1.3499029826454647,-1.4021746734572493,-1.7869255052188435,-1.2247246555683275,1.2210516883733729,1.9636702095069238,3.315321501903416,-1.0250822549735772,0.11081304345443214,2.3118290589152926,1.5363877015021543,-0.05527082103898243,3.6402608801398637,0.5590999898300241,-0.21290164306334217,3.076683011560998,-3.4899076642858233,2.2573221325523645,7.778997548667739,-0.43326888226665616,1.3611492699823913,-3.3808714792194747,1.5557073101293422,0.9477708559052304,4.126578042673024,2.2136892095550618,1.2782384595358531,0.6012936548428739,1.5940142733444331,0.09293603755281112,-2.1840522473120947,-0.7760086980555111,-3.0684970986241944,-3.282418228865059,1.4369259393006266,0.10347971940469197,3.8664801648696723,-1.1459169280078858,-3.2452557958785686,1.0685880592964505,0.25508412873368064,-0.33671541919943304,4.931291417608693,-2.6073945580426723,-1.5426962605718857,0.5103148680426904,1.9840559677546155,1.26974344787359,6.389852713063693,-2.344416704264526,-0.1874287354275473,3.7372018159494322,-2.3184501074515182,0.5883839425287611,6.2810360764835345,-0.5510163822688131,2.0322676040109733,3.900926359162966,2.2986574623046767,-0.2910544441776325,7.136099105782341,-2.4902175667677495,0.6212436543061579,6.613294418298688,2.012745308023365,3.5652388770341377,3.8048547401839223,-6.497626547554459,-2.435157350424477,3.2246060101858953,2.1375540464139844,0.011899643066068841,4.861498311398831,-4.618815482648085,-4.049338817792944,4.430700624753061,7.400724581470304,5.80711301130306,8.889990702018835,-6.555207657764099,-3.9195482964830917,5.189324535053314,1.668162915909622,-2.2237872191166965,4.194463353321106,-3.8689396057635994,-2.9580151048533336,-0.16948742755275234,-0.8421687132509729,0.053053761345976135,5.820240154241109,-8.8810587208494,-0.3307328880191393,0.15572289375175738,2.4189543630107972,-2.2317810279552694,5.568828636961846,0.009063580544787144,-3.8990875633820705,2.7564500958976823,2.4778213414701247,-1.6800644511793086,3.862594561464932,-6.137477136019661,-1.9361367032086751,1.712327855257382,2.1274749196183778,-0.9878328482445698,8.349228676765538,0.44166071604012713,-6.20716918927464,2.9794798063304366,3.119172490692243,-4.836987500986865,4.9481285101531025,-7.631497164312507,-4.0405828367217245,6.983757347699396,2.1347019142706443,-0.09651899344119216,5.864672661322619,-1.0218948689932648,-4.268420818982021,-0.7738603728752773,3.761619103849747,-1.8461543785902714,2.8520556546560307,-6.5504237601670035,-5.2594857087006295,4.628444502031049,2.6168149021935516,-1.179622994851034,5.3239534185648205,0.2810021878843947,-9.926295558016976,-2.8214796849275436,3.698190969707568,-0.8885220640184025,1.5308811196016132,-7.483395109241764,-4.5359597679712875,-0.1216083896808765,2.6365443984480468,-0.3592965448419573,5.276026190251447,-0.9299961095343007,-7.696292114094898,-4.197553796809225,4.460609768167582,-0.24828405790906125,-3.519304195855366,-7.984936223349218,-2.9145780283057254,0.054110641348973365,2.4553666474681903,0.13906954179677897,3.923895502985734,4.158523988966824,-3.199278332874262,-8.59059019382143,3.559062944266667,-0.44343227320959155,-0.4226764968314408,-8.028356027283321,-6.080978928321545,3.841098778940428,2.762941861750646,-0.6939121525741125,4.394858592269238,5.581610826678465,-3.4862857524638624,-6.5715174842819035,-1.3914101531552683,3.634191924527822,5.147356493709781,-7.471420590858477,-7.401308152941159,3.734026307158574,2.7906711376083844,0.6394114272818224,3.290281887749857,2.700526072169171,-4.7501042594790395,-6.04332225895343,2.735409495497922,-4.244263623184883,1.9295896122640768,-6.6943926564225915,-6.895651975541468,4.873098735520303,3.4508927463910823,0.3095957165879349,1.1753220726830227,1.0159344263201036,-4.978645507408815,-2.513039600143344,5.9910058475249315,1.572271834558148,-3.95532315858624,-1.0067305847674601,-0.7189860310836284,-0.6896727937710249,3.2861464310067547,1.0019266585391853,1.8662699646322778,-0.7062971455626995,-2.729054775646188,-3.5621297287294063,-0.8950941384469975,4.736724248557617,-2.2866745682282366,-10.907469570551724,-1.3575165305547696,-0.6717360934345974,3.4164815809689073,2.1149907571964772,1.6468395999576955,-1.9492297181942397,-3.7899315907748865,-1.2867766260793585,1.9763982003733056,-1.0205776337720252,-2.983936016368568,-6.95270767912742,-1.434620238861267,-2.1497649622189927,2.9333663277729296,0.8619083400391755,1.640274252608237,0.7013960926967322,-1.8484098170389751,0.07626400310041191,4.625716712718374,-1.7179834763324222,-2.0412919684162607,-3.828327880943516,-3.1466701089596705,-2.0358047903154484,3.1404395779684653,1.6243631093451305,2.836503051368198,-0.4037473250512307,0.07591410289376697,-2.0678239534705845,-3.972549141480926,-1.4315212480626547,0.14583317784416716,-1.9567625703998521,-3.0588013153008182,-3.3007400806659835,2.523967732144256,0.3762483197786205,2.9675972958485795,1.9919595822311984,0.20435838779580376,-0.7174288934152796,-3.7073221474279956,-2.7076454189982373,-2.7936854899633152,1.4826811933686486,1.781568262052988,0.013499783479842316,3.024103919869712,3.323410620381276,3.317711263560372,3.072497609304328,-3.9543897091428155,-1.3016535425769913,-1.937589474232292,-1.228988174140885,-0.4806668092794096,-3.456458989865686,1.1877465251601729,2.5524559624570866,3.2936004364461,4.384202622963287,2.9915580547108798,0.01897698030266625,-3.0405350756977385,-1.489552755526416,1.3838869646845282,-4.635660827024006,-3.675072247426868,-2.4707426742651104,-0.5184866338206838,-0.43464694558656736,3.417407390780714,2.27905759269559,2.1012165603565753,2.642226072406733,0.48130812184902316,-3.5321199771959315,-4.935030738427626,-4.25883892892628,-0.19043058785696415,0.2580977531732106,0.03878147687368747,1.4533775551127852,3.545400031222116,2.2291494524581847,1.0602375911773148,1.7243052799785545,0.2923279676623254,-2.4665698854091285,-4.054782743972832,-0.6230022261829101,4.417434975032976,6.870216817121609,-2.3440492633782757,5.31406797838238,3.9618480125751194,3.553578465259209,1.988627789227794,1.9392325776132457,-6.761784452950274,-3.946534237950828,-4.9722780503390975,-0.23968842032010515,-2.56318345045124,1.8384394315554515,1.2577201749080755,2.5918455830412483,3.8725972421901824,3.1953958191515337,1.6596155781330801,-0.44250627984332075,-5.962696946322875,-5.214861531629569,-6.702083111387613,-2.641743545832165,-0.20175379999068851,2.397564594969138,0.8828764745211669,5.664439385796896,3.6719771151367495,2.110761004108276,1.3448842952951354,2.995096603148055,-2.9180505446658085,-5.748144305038882,-10.980089724833965,5.098667299464145,6.915539370473144,-1.466041125421533,6.0193289348892165,7.161349555776665,3.5591405615798504,2.245906628211536,0.6374885892916591,6.532212545096979,-0.08431442364386475,-11.519254595946565,-7.42625857936272,4.830413443910132,7.421464899190079,1.1315433429497481,0.832260766298071,9.637938999777159,3.947275590845829,0.8280150039135997,-1.1368476168434032,7.757019058663517,-4.539405507160811,-13.01712537843142,-9.759013212839601,4.329482955380115,10.928088293714033,3.014744060451031,3.4011042935535,14.410685134982613,3.8749739707373836,0.3195415094758576,-1.310034935334188,6.793223862842941,-8.429341962828198,-17.11753150576349,-6.503143588599375,6.795754543363555,9.049327490543115,-0.2018556327064977,5.9179345217379495,11.15151613950529,3.2614432787867664,-0.49249983767732003,-0.8527570822933759,6.634312175219965,-12.527956257211132,-22.799411991629402,0.9531269663068322,6.848573605000286,11.963718104814085,0.5363870084900896,3.598745607001398,8.443770532493783,2.8530288410361875,0.01230962347956642,1.5832059877953684,3.317938736619618,-15.789970734745866,-20.45624571352329,-0.6448626263593751,7.620770625613861,15.483834313979825,5.079347529855795,2.554830202768276,6.310541774312311,2.8342722433917675,-0.22123852400141186,3.9744800762955914,1.3538496083271976,-16.70469951952518,-14.138190725008869,3.2287276933283957,5.585829918329459,8.649268258244074,11.65281293362371,-2.0017664403239874,8.658826740705848,2.5337201407602357,1.74471334921956,5.4729707022970855,-1.0981691826777025,-15.587626805355448,-8.733698451763619,2.938005950797998,4.296613289973402,8.898937289345339,9.001699180768725,3.321938526201841,4.264704847680484,2.8094226462492338,1.8432596474394785,4.601128921752454,0.09717389300898077,-9.13498997056868,-4.075943115447646,-5.037869725388552,6.115294183619157,10.944902890730118,1.2967059748482208,4.593426135880257,5.927758482745935,2.8663870031462717,3.905040108260036,3.9723833892704805,0.37648357813841793,-5.969267384803782,-4.771097802060526,-2.2457461827668683,5.1171943774793505,9.560361937946656,5.6565783238664,5.893191437515578,2.636943196147914,3.135768252748278,2.570693624344075,2.7366168196287703,-0.7618181396129686,-7.6378011592421515,-7.443693733323246,-1.3268861116533273,7.163636068311618,12.53848062111656,5.558409497852564,4.003559026995654,2.602654403685468,2.6035164300217666,2.0581157561750207,4.145564058387161,-1.9687128096843929,-8.16752326384968,-5.23918421673213,-0.7457246362303266,0.4209481429406748,7.807026675626641,2.9727938296363177,1.3749534611526644,0.8765809172475554,2.0665891165536743,1.4954073588399455,2.8464072979952224,-0.04457471819910876,-9.55087272450406,-4.968629000350941,5.13871607788013,5.8898248118875465,12.035251217356821,7.120575408965809,6.9828663734096255,9.023924279193663,1.7305919339939309,2.5835054032746383,2.625703857864338,0.45547659265015056,-2.853241324439951,-2.111177409638132,-1.1172947058178386,-0.17115962018843267,11.18177770101234,6.507477868524279,6.977463114481317,5.8969355686888045,1.8851578617105298,3.292260809811145,4.476220861060169,3.9790158088596432,-6.592937993020852,-3.0627155492038467,1.0898724779306856,-3.1970323746277036,8.541952498589495,5.7301345590601205,6.431172110736948,3.7649547840600013,1.5430636751945994,3.7719601484357095,4.890832006344631,0.7805980977588584,-2.6523634585556874,4.811704066052437,-1.797339260750938,-1.285917585474907,1.5970636506756233,-5.624624160537361,0.1405800316159653,5.9340305673463,1.208290415968317,2.0444143632818967,8.968935720636878,-2.4309049434431884,-2.9309303699323532,-2.483659883256832,-5.174041460754781,0.5894624791164133,9.793058442159763,-4.236060543380065,5.020087588780221,4.183717119299381,1.7084773655600087,1.7631464090840607,5.944803306974316,-1.2137346179661441,-8.273001513495135,-5.652899394491175,-6.449020915552323,1.8458201459405423,11.948769637981624,5.475169947088083,6.882545871882731,6.029801218776073,2.073880696057643,3.1363309078084662,6.646253605554415,-2.674294832498568,-14.11975839554725,-7.427898702414994,-7.287280876933287,4.838521199786044,14.030391733874128,7.033135986166275,2.6287074685415828,7.168156084623504,1.7618835918632154,0.9938884175845257,4.506099182704243,-4.8406225052013685,-14.142513312592234,-5.937475822756429,-9.176781973489385,2.8764580299327687,11.515208858418294,5.821091777979804,4.151990155613104,6.948771759625798,1.3422882281203312,0.6314401721794297,4.14823162249745,-4.978709547444255,-10.152612573127152,-7.474887682615142,-10.940722121943583,2.20676627782276,8.811729639067593,2.5505694509754924,3.7471171989737173,7.447431766016095,0.9421591302901188,0.05086702606818691,5.844472154705306,-2.4651548737852838,-4.042121011039743,-0.6163639425877393,-6.4236953761354405,-0.25822537403478596,11.13640466610977,-0.7648208725692051,1.7479106995932332,7.924956869151574,0.6409995926578976,0.1625195533985368,6.650852258171052,-3.460071244259373,-6.01249137113004,-1.7074841901668545,-11.292248164687141,-0.5288042639012575,10.095821248934799,-0.628810520567902,1.6158733483862515,8.48477745769229,-0.23517464800361296,0.4112757356086276,12.175021686828694,-0.7552705485911549,-5.22240195826059,0.9989743335515848,-10.077594872121884,1.4269105214164626,9.625597874075323,-0.3477342622324435,1.8272954284682643,2.012276855957224,0.11609744936602508,1.9369332111526314,9.965730073169766,-3.2443665893503066,-5.965092218464867,7.1563940472524585,-8.111376449714102,0.5757160542995798,5.9860979007189,-5.822394634660228,3.894328840135172,5.513954302470998,1.600325505304214,2.5378438539310184,7.674870499710496,-4.587249633982825,-8.172919796700757,-0.006928933059223934,-10.12400480585209,0.612718542050935,3.59362574364189,-3.2297415054336067,2.7540759471821707,9.801795821952926,2.2213971929196106,2.5678803194136153,8.020141893082474,-1.76959557298828,-5.994536958659088,-2.1007371526196255,-8.375913351476083,-2.194544766000972,3.4783603851193106,1.7320454510822412,0.2080906548154281,8.496135888902906,2.2539544779551304,4.215357614500389,8.16409720063821,-2.434613597036957,-5.6079375612113935,-3.754320280230554,-8.553607095515934,-2.075398635038439,4.287783515031425,1.10440929740904,4.788366058008344,9.531611081300337,2.5728353885698527,4.487463960739107,5.386638846387002,-3.8824241888737614,-2.3156374200790295,-8.36053378620226,-10.12409100342093,-2.090287715168752,1.5469145539071487,0.40603123064374014,5.399890072553814,7.5157338895685175,2.2675505160715166,2.5339505484117497,8.980180587676513,-1.0620032596523272,-1.8178184593162783,-5.33038344760659,-11.229713471563894,-4.2144496062611045,3.511330511917973,0.11894273527178119,6.381798173129637,3.7946236637940984,1.613531460391014,2.27405015425185,7.219061718041925,1.05169622890481,2.580822980537359,1.0427539486180237,-6.261272024810407,-2.5655309746784076,0.042016011197747206,2.0781320135316426,4.116319234732321,5.26629885910586,2.0116270259963125,2.9383715971635747,7.235378763682438,-2.298807022062026,-2.893937751439132,-1.3414052531560858,-4.135285263274328,0.47070514952965553,6.750627457221042,2.985509011919314,2.4540839487895854,4.2679752642712785,1.9471088350885937,2.6019991342168303,5.075976898548271,-1.5168629403856049,-1.7563150971331114,-1.9801101176552456,-2.5621391689042516,-1.836382589908812,0.6839611557089101,4.507714940845191,3.039141707957987,-1.7157963252614237,1.9992652073459956,2.5785139016318452,4.809916643756242,-4.861082023563453,-2.5675657495160977,-0.6628157971452898,-3.9067076091679613,-3.6375036224374204,2.6769548355231314,1.4046040867803613,2.7433554774608795,4.001908135386522,2.151938631220754,0.6012913444083056,2.7023805629989788,-1.2633098406537857,-1.6697147082869082,0.46401019235357993,-4.258340819082597,-1.260877316494905,0.4049323776695757,1.2360448541534421,-0.13356843086790293,3.0910976815741478,1.7409205524402578,1.2002685474104091,5.2050941155907955,1.8988053500503455,3.8366393947907653,-1.1696539109598707,-0.4452566043155145,0.2702560858033153,-0.6527603298763468,1.7640403768250041,1.0159165559206191,-2.9923134324774048,0.5743388170068813,1.158731047278229,1.9182209356177442,0.5152189283513772,5.9839264939192045,-0.29629135405912704,2.021620148897294,3.6283783388923356,-0.5262490896103238,-6.979935484633168,-1.7998251476444809,1.5486009814996433,1.0016553936167079,0.16037345537770561,2.1435596317501595,-1.4503454113435827,0.6469142204334071,-2.782030423460135,1.3155961386942743,2.0845765903171904,6.038075198398691,0.7219111426641083,2.1906923394492743,3.8320070804997735,1.7843165667537868,1.1294315335686007,-0.8610387731311016,-4.945120017761724,-3.8145487430993685,-2.801479862519296,-0.8652432521890818,-3.6579667768356514,2.669541760510672,-1.7289459541857368,-2.3832189227537137,-0.866677343259165,1.2520727277579442,2.241191559050971,3.136282624767912,0.5655458389156683,-0.7995232868904016,-4.378600184737954,-4.45290395233798,-0.4957820841800417,-1.2355203443057377,-7.119111570618224,-3.733143322397156,-2.0732961173907585,2.1159219456707747,3.0755849096568055,4.583494311339138,0.7806306267930996,3.0261699197964638,0.7213530157351433,0.7915314202787058,-1.4123990721098596,3.8493499410125307,0.8282088969355007,2.9343886479219723,6.566746571281011,3.230087963988442,3.636619471120705,4.9312389888724395,1.8816281964751358,0.9345634417991898,1.6628788833742227,-0.5921180244751183,-0.3501330402765829,2.0403247567322227,2.4488848672074575,1.4371499329007567,2.528082064653425,2.589000929942459,2.6966477859346534,6.015957509992794,2.204888450271214,3.025093995478483,0.6951158227840919,-2.904804292357808,-0.8934647666380803,3.191619829672891,3.0720611735183896,4.189897603532999,-0.0438196022553736,2.9591067893574245,2.3022149176501214,3.029291927509601,1.7527330536796637,3.545303911225812,2.5498831395782973,-0.3345342477678276,-0.5090190106460715,2.1799297580858434,-1.7103943286218926,4.0612874801188745,1.053111372288777,2.7880017377156956,3.204432150012758,4.862802904389258,-0.3328354273899259,-4.816755836277393,-4.102725551299572,-0.9820516763721497,0.6885862419591359,-0.45268500427215375,-4.3245048933926675,2.511895641975124,0.07679749794594622,2.534335499374345,3.677307538945926,6.1475995007292585,2.26681705613719,1.3368243438977272,1.7856744022274251,-4.0408518130646724,-6.049966574576328,-0.42966232317395425,0.6866116183617296,-0.41728794060041685,0.6665652022778472,2.921505922168044,3.4171599002827717,6.480040259753433,-2.317054887339496,-2.321059208118863,3.058934289506288,-1.7809731796408375,-2.2691700964732586,0.45028686823080616,-1.9691912594384633,-1.014320416618205,0.21739882229110555,2.9553573015314125,2.208684605162738,7.1781274488270395,-1.6740213026899424,-1.4809946993659866,-0.21949464197858526,-1.2926652372231584,-1.739977532836395,-1.124350383534436,-5.439415361751005,-2.009412452675929,1.43839717636067,3.114384503915961,2.5509368780567327,5.696522642303454,-1.5396342598560222,-2.219124119080901,-2.5173610573596465,0.8151818800363546,-1.9423813686841533,-2.8711194656782486,-1.631819969776811,-2.6488065941847525,1.389289430782203,2.848209540902682,0.6407723197799622,4.6664034198529105,-1.5773835712721198,-1.181250521344446,0.5306989013858089,-6.061530479861147,-5.825303967307891,-0.8301174727285908,-0.6150246152369274,-6.637887726567712,-0.16849966071856268,2.6956572212995207,1.3760515744240682,2.731807234065023,1.5732214516312468,1.2374392615156748,-0.2809077665712261,-0.5203097643224044,-4.2741814883292415,1.7376260194472566,-2.9296384943759706,-7.158898300122756,-0.8191816013423836,1.971012330715989,1.558408531991017,1.2848913668148607,1.0023801093096465,0.2752821769398674,1.2811834130808224,-0.7090760834842637,-3.6176204750407606,-0.4107916618061528,-4.2501944127741496,-1.7708955360356438,1.3567850098964995,1.5127946391707678,-0.31447990759688166,2.35110394247203,-1.308149071774807,-1.8852698613460195,-0.7886863557755891,0.96547573928321,-3.4421732629371826,-0.7099008162635484,0.9325268182504842,0.6445341373814109,5.035866837242354,1.5202045899516035,-0.2390545343190687,2.467878662064931,-0.6587020281260454,0.2882525369131693,0.8958071850808085,4.522290492846411,-1.0875087860519765,1.410762090902289,1.000674143533216,2.9610466028484375,0.13914357800785954,1.691138534692679,1.3405394775176989,2.1410751499621163,-0.26038979181001615,-1.4514076998457528,-2.3300246575133787,-3.506611593932087,3.334817699670515,3.7232630834384466,-6.05903903653451,-1.6030261736927833,-0.560634411489854,1.08306495439227,0.7529850598113539,2.183601645505423,0.11867864352031217,2.460096921312978,2.9723261227461872,2.1530056613612167,-1.9075651394259963,-2.082857016712906,3.754288483842346,0.47453199743258595,1.4261814668316883,1.6970069699069337,2.3970170905995087,2.14484997566884,-0.6727316921385254,2.2072005332162807,1.6423978465234694,4.5380967622659805,1.2936008271020285,-2.6185450973807014,0.1731165784549628,1.2161728795272604,-1.3033699677406951,2.161604754480894,2.4942389572494483,6.24772256679629,1.4071371123256784,-1.1311743557743674,-4.164486268527218,-0.3592727240869234,-1.0362989297049496,-2.814524864921682,1.8802096833564852,5.171065325655175,-1.7607892470011048,2.0611722622183697,1.1440165485517235,1.47418678486854,-0.7535380584521031,-2.1552208548294933,-1.3549213055577476,0.27427891732246573,-1.5817166101538274,-0.5588260752605253,1.203591263186663,-3.249928009669851,-1.4071183726465222,1.3028811169259231,2.3930886534221747,2.893251555210421,-0.09724542332258598,-1.3879936446843737,-0.6376656003215282,1.3788469880146839,3.0980079203854824,-3.860722164545108,-3.8185224387218706,-1.999822000537574,-0.6357730293141682,1.4718942704989544,2.586667231297247,2.945058097341215,-1.5686233535114635,0.3198651310568097,1.0162935760250782,-0.9015273961777661,-6.9677050639922955,-3.6637928762059024,-6.704108711816308,-3.031013004086937,-4.7449395172106605,1.8021447919206015,1.7351617737494658,2.597056865985728,1.6384117792245017,0.9434072313796594,3.120693169243364,0.4589018800606227,-4.607395238978157,-1.109821771390088,-2.618211215039347,5.199547418897507,0.2189542277857079,1.87995323416907,1.6104580392086822,3.166147998739462,-0.9878643809555754,-3.1695361330423717,5.249868209232441,2.094734309443372,-1.3118521155009761,-1.5676806650622441,-1.776651982984945,0.6440509938117888,-2.3280998618812947,2.0897217929425453,2.741261909077321,4.651000853136554,0.5294931218315755,1.768407261855179,-2.297764563264445,1.0639495491747666,-1.442261063726632,0.3422507247117789,-3.097740179432047,1.9494268261895775,1.6227799464080843,1.3132309814197036,2.850142409331687,2.1487523434747504,-5.8334258998008455,-2.251257474398556,-1.4228478907726207,-0.4225985518112387,-6.009975212327541,7.034283270525181,0.8067835105895302,0.016455593061590078,-4.831045923659691,1.8772870416735992,4.02113842819496,3.3150320718153377,-3.4101726317008474,-0.6104908241991408,-7.843080591953337,-0.80704402721063,-1.7698507470034195,5.461110378542254,-4.773824719218163,0.3526230525899007,-4.456958495242639,1.2561086400516592,3.6933050578501296,3.6167914445027423,-5.194690266622725,-4.411687373468008,-11.585429732563684,-3.9432209668651073,-1.282998025981018,6.697678467326856,1.0420137479901035,4.570153297515958,-0.25734652252968865,1.3556133170556695,3.3139831299418474,4.997181670769668,-4.248023440532273,-5.294871230523067,-7.397543665670881,-0.4762456167639387,-5.838095493274694,3.699862063971909,2.6999106728037052,7.76889937276997,-4.2072111458290244,2.3634112874506035,3.8400144588023606,4.169203678306339,-0.6595999752851024,0.11432532755760154,-4.232487637266544,-2.760353007671486,-3.1351369380394667,4.6940417109830435,-1.6080760745727507,4.463874637357831,-1.2472159455068015,2.492732229672571,2.1656702305584137,3.775227410285351,0.14330312773124168,1.10562913914295,-3.296927581356736,-2.7324257299667973,-3.0953394196521833,-0.6021351550411885,-0.8527385101132516,6.4313619090686425,0.7335013304033728,1.65183719532541,0.7616390697183245,3.0383644778465406,-0.089902558685048,2.6132289225711847,0.8819371081241207,-1.8205449009573282,-6.8337051962005795,1.1952922210434132,-2.5670312477282176,4.226693917646538,-0.7510601561102339,1.0956521008305597,0.7478365701412943,1.9793368559121385,0.7964610379659758,1.2501360108267683,-2.7823474831052555,-0.9001673144070006,-3.3969361418453152,2.85427372034156,1.6913197349553093,-1.9168656167413913,-5.001976386155107,1.5991377665072772,1.8388607158915056,4.878770747652719,1.4564167287740806,5.232819910038393,5.153972008031869,-0.1350882208706454,-4.704183101853199,0.2921705240051804,-3.6968339615672114,-3.797714896478571,-2.0452831476723303,1.3438011753857335,2.2890964650580896,3.3214960863320924,1.0254315345924254,1.3034254836983241,-3.141088165798678,-3.396188225358086,-3.6168457759734456,-0.027262356138145996,1.4689554074444031,4.023934944327929,0.2608245539598038,1.7855913212374468,0.47837743793043397,3.8657551267472448,-1.2717097942226925,1.3287681157980198,-0.47456690617138175,-5.026489329222609,-2.2292369942977897,-2.0289392258629233,4.20216450220014,-0.12243595344551088,5.227067233775614,1.8090788858655218,2.128007468855837,3.487267627855491,3.580352789265661,-0.7316161231404393,-4.881929084859964,0.7696260964264009,1.6787583521415066,-1.0099485648727025,1.196946356179095,1.1195776578011505,1.519075254589795,1.7188458365326997,1.3016148102121996,2.2034362202059095,2.0053083287810662,1.3518255405462591,0.42942901718294585,1.5992782386971058,-3.8908975361468996,-1.6251129647238518,-1.7930237747509514,0.7712222158713268,-1.7220362472602964,1.6078038960461003,0.8351884173057672,3.015586888409599,-0.33325793620524363,-3.437778659915738,-1.6235045749472576,-1.852496624420791,0.5945977107329025,1.8163743694021623,2.4026116590968325,-0.31857973100467474,-4.691447198092803,1.3229192867213235,1.3443090071740982,2.1158299636744933,0.17245422377063443,3.860578829549897,1.2484680648548554,1.5795534343929145,-4.968551220920101,-0.39063140038876193,-3.7307848115861404,-2.3702533399685564,-5.668729782965813,1.8172212596420414,1.0828364744547867,5.172083653395273,0.6830649931541162,1.5802891866805246,0.9209542684059416,-1.7014361991062865,-6.750363662601976,-3.2678257971277747,3.4100457190586604,-1.9878672090915648,-4.108328788569407,0.7993483978705888,0.7528604416027773,4.538653989908654,0.671915532100734,2.9262201484038863,3.931711933031042,7.126199627498215,1.0291987195356838,2.866356897221388,2.791571138815261,-1.1249693687426,0.735741472358575,2.200540467317394,3.339858226028192,3.1388084122762954,2.2010758054143817,-0.24328624698839535,2.080180454281791,-1.920397382861869,-5.2801047432095505,6.722843339469867,2.197757397332184,-1.6473627056755533,2.2585190821073966,1.5605105677101474,1.8539803952888654,2.3134578835034767,-1.8049293632884806,-5.462858041469254,-1.2104565118888784,1.157447272134004,0.8915404349235858,-0.33737218263919405,1.1810149683814057,-2.0728184854397846,-0.8769639436613885,1.2962817910020885,0.702510340455175,1.957754181135171,0.8978810252942535,-1.7650408907056196,-6.728307972972664,-1.915571467694665,-0.808964194638547,4.385927091545547,0.3168319032579371,1.4656400485960115,-3.391493292169656,1.8531982612452609,1.223089797164654,3.7500995233517487,1.0118494217929173,0.765598745660747,-1.7517162398085337,0.6247828912726617,0.28313065149378536,0.16749616066389963,1.86896589846475,0.44042405654662425,-5.647784230491164,2.672344952475302,1.8195250676544157,2.2611166625415753,0.25846751005941804,-4.9958672727847215,-3.262460365651437,-2.4011589089865915,-0.11023410378724945,2.254297260478123,-2.5593040771150988,-2.4839193011509773,-1.9207281783618644,1.588888661988018,0.9869364050400884,1.1631794004320617,-1.7275075209776147,-1.6816912945288276,-2.6926071070166757,-0.941766626353552,2.3519249153006516,4.875679921294151,1.4101357161516161,-0.10594030577513408,-3.0824448206615864,1.6710264874266973,0.87225505278378,3.56750925892215,1.0669851677578044,0.25702890976878945,3.1118832104726404,-0.3751966806685889,-0.8622308589971458,6.7255792062044595,-1.4394834004274883,-3.426677533267615,-2.0334862375541825,1.9153446238669234,0.8808495323344467,2.323326077794127,-1.0833762389752126,0.9181657696335395,2.579971701577561,3.343162446733282,1.266191544752796,-1.9726825344841243,-1.876810952632463,-4.4898836866094936,2.316229755955977,2.00922054504917,2.2871994061748353,2.3110153574778236,-1.6147997091317423,-2.680863962625097,0.6084044557795951,-0.8280063839585364,2.317728811900421,5.767099520505068,1.2417929475653093,4.1375339166906935,-1.4415462567148154,1.9674447448262344,1.3612565897986062,3.1283735762767164,-1.8005279201911606,-4.84587997791974,1.2182789484092946,-2.3924466717064496,-4.206907373525785,8.138014911180145,-1.5406678287203273,3.1610312616176564,1.8863885766521937,2.279923646910736,-0.0026611132464080837,3.8688538355294675,-1.6197165727461802,-7.8220072063580215,-0.4840856967059892,2.304755653823664,0.6734220976753216,11.468883550679365,2.69787561309559,2.500330341036736,-0.7117518540359815,1.4775119365756249,0.6030248385641098,3.336237557689114,-1.2028457622256203,-7.047579670020965,-0.2557986578798616,3.0334295063695182,-1.073500641912814,9.581051718121385,-4.524256232346338,-0.7500822184364108,-0.5654351870212886,2.420527934365178,0.2109476892875726,4.1672410345939355,-0.0956040025007665,-9.501276382630277,-3.4555091292024116,1.1066834936097063,-8.713693624445618,10.222697086253817,-4.486290979477416,-3.1269109433888347,-0.2048911586865183,1.983441803293091,0.1437273108085952,3.9872793852447104,-2.670395134359704,-11.164174455320813,-2.813219658231411,2.403831724676795,-1.9107313755972317,10.508182974063605,-3.602026795257272,-3.5407189649481072,-2.3341451260302417,2.8657314518559396,-0.016782096283050194,2.4041984164306314,-2.5256694475649213,-5.957759285438831,-3.1633842451101972,-1.0497000081693673,-0.9957353415441793,6.270327630233683,1.7916811769593006,-2.5838266394066265,2.3705762412510585,2.5225500896282615,-0.8139973393706597,2.8772919476359875,0.3874954158770481,-6.820162793325057,-2.4831523063122183,1.5545035814069001,-1.3414500391708324,7.125337414885016,2.5000263001044716,-2.4141896747830214,-0.2922625353065236,2.4722660237876246,1.3101778663697372,4.083140349488404,-2.1540378696260767,-3.4758291599494733,3.0748960782400383,3.494641931211421,-2.628715846642154,-0.13096206383157158,-1.8071213073519417,1.677680263375614,0.5056987497166996,2.7176785391121454,1.5099733113251108,2.6636522120388224,-1.5967872404486403,-5.751098753225918,-1.3434000578371976,3.8036151962366427,-0.6321548549176862,1.3197883613251173,-1.9287134414826559,0.29489220807271743,2.905202024140848,2.4506596803777154,1.0121488380018668,3.0380382100028793,-0.577814788409626,-1.3516406903914842,1.2953130836826332,-0.20157143335420774,1.2148304194338324,1.5909338342813202,1.2959937527009788,-3.2060225325047416,1.0365697424711293,2.2775759592265286,1.5824706825857004,1.4624448953785283,1.1357658536016144,3.1069601292628652,-2.2402465384521726,-1.9908942935533782,-1.3605380037559958,2.4978139426141444,-1.3821281650775008,5.285946226913189,2.0387306480380776,2.1724634852391556,1.3191255246481772,4.766396516433865,3.8580641666362925,1.7226813458954013,1.7535182871138766,1.1245201867797785,4.258114438102385,1.3506599855431736,-6.307742593549465,-0.44157934223269363,-1.97031992715418,1.8127982910817828,-0.3369182723760383,3.143161731443031,1.144063683781975,0.5267728966033705,-2.3796118222077145,1.9677629379956783,3.206196745010197,0.9456630243189945,-0.34901748570644464,1.3670039172803794,1.4134222221245476,2.2931906268781654,0.06937498125973911,3.048461565704926,-1.2601804796431724,-5.1531332495348785,-0.5680773928826253,1.865728391009845,-1.06879037234794,2.263393447026367,1.1523109236737976,-2.178404148145986,-0.3863006864999605,2.1430832814389666,-1.316673361098239,2.8084766882024166,-0.4963555377094656,-5.867090592835523,-1.1200214151800216,3.223483874662252,-2.9321434157081376,5.12808325101705,-2.6583747792400745,-2.291429693686085,-2.183390039025264,1.601439085367392,-2.007102408870876,2.0412727627135836,-1.2183199211944058,-7.047345882476598,-2.9454822662789866,-0.7402940781162276,-5.628124803427098,3.811604299241836,0.8014434459945787,0.8696280663949809,1.9100858242951269,2.0714156806725272,-1.0586321755993144,0.902728698541261,-0.9407910831620886,-4.651074357024806,-1.5003267651706884,-0.731156143917321,-3.5527147202483595,4.575354180857527,-3.051238001893056,-1.9970816922629275,2.1210956370471616,1.4621472307473566,-2.243572840607019,-1.9387727805439483,-1.9838221784453625,-5.334617739661366,-2.6143908846083486,-1.140662631344169,-1.141235163082451,7.609471873066476,-0.8853298584393379,1.315500130208718,6.769013233002244,1.7246446962356214,-2.036020972585407,1.252670080283224,-1.7952206902576573,-6.339919423227897,-3.6370805155952652,0.1681374941515196,-4.387419979296872,3.6109512476738814,-2.6628499482399213,0.37755226552508975,-0.574245433840588,1.7989190209103418,-2.723787129485357,0.344774160759365,-2.765724014915566,-7.940093991429672,-1.8842580986229724,1.8371135517346848,-2.8821085741078334,1.9705097392461055,-2.321886720303467,-0.14866465860490197,1.5470720936247417,1.460662710701344,-3.534563863196343,0.7485328406763158,-3.687471563165196,-6.222019220842831,-1.7421504871195521,-0.7863977557445343,-2.011253581588962,1.8643492607585346,-2.661081515269786,-0.004970220395167676,1.172901227120846,1.9825274496659802,-1.3870520179455081,2.881662495163319,-4.82277945480457,-6.022847908127505,-1.065194698129007,0.277037083330162,-3.4492447086500806,3.1630964952606955,0.8458679093465201,2.1711868060729675,1.738536031160855,1.6809595048634196,0.4227938252992769,2.486759112755724,-3.2452509527028006,-4.80101071955091,-0.22111128659861848,6.607305947891878,0.18455143958881942,3.924471965684334,-1.6357519554845679,-1.0461855586375468,0.14359848627103156,1.498732989987195,0.4115835865747813,2.39198285193734,-4.750621694955147,-7.518004629609327,-6.33505036005545,3.2058851932666848,-4.062702954884013,4.761903397784958,1.2973027770865717,0.71250686004389,2.1948744374437092,1.8375262603141151,3.0539307034798022,2.076546475190632,-3.1117906233463124,-4.685368711695765,-6.46051688638809,0.6222813209554555,-6.150966025700177,2.8404821855427627,1.1614827374072518,4.0012906371284345,5.931986458188128,,,,,,,,,,,,,,,,,,,,,,,,,,,,,,,,,,,,,,,,,,,,,,,,,,,,,,,,,,,,,,,,,,,,,,,,,,,,,,,,,,,,,,,,,,,,,,,,,,,,,,,,,,,,,,,,,,,,,,,,,,,,,,,,,,,,,,,,,,,,,,,,,,,,,,,,,,,,,,,,,,,,,,,,,,,,,,,,,,,,,,,,,,,,,,,,,,,,,,,,,,,,,,,,,,,,,,,,,,,,,,,,,,,,,,,,,,,,,,,,,,,,,,,,,,,,,,,,,,,,,,,,,,,,,,,,,,,,,,,,,,,,,,,,,,,,,,,,,,,,,,,,,,,,,,,,,,,,,,,,,,,,,,,,,,,,,,,,,,,,,,,,,,,,,,,,,,,,,,,,,,,,,,,,,,,,,,,,,,,,,,,,,,,,,,,,,,,,,,,,,,,,,,,,,,,,,,,,,,,,,,,,,,,,,,,,,,,,,,,,,,,,,,,,,,,,,,,,,,,,,,,,,,,,,,,,,,,,,,,,,,,,,,,,,,,,,,,,,,,,,,,,,,,,,,,,,,,,,,,,,,,,,,,,,,,,,,,,,,,,,,,,,,,,,,,,,,,,,,,,,,,,,,,,,,,,,,,,,,,,,,,,,,,,,,,,,,,,,,,,,,,,,,,,,,,,,,,,,,,,,,,,,,,,,,,,,,,,,,,,,,,,,,,,,,,,,,,,,,,,,,,,,,,,,,,,,,,,,,,,,,,,,,,,,,,,,,,,,,,,,,,,,,,,,,,,,,,,,,,,,,,,,,,,,,,,,,,,,,,,,,,,,,,,,,,,,,,,,,,,,,,,,,,,,,,,,,,,,,,,,,,,,,,,,,,,,,,,,,,,,,,,,,,,,,,,,,,,,,,,,,,,,,,,,,,,,,,,,,,,,,,,,,,,,,,,,,,,,,,,,,,,,,,,,,,,,,,,,,,,,,,,,,,,,,,,,,,,,,,,,,,,,,,,,,,,,,,,,,,,,,,,,,,,,,,,,,,,,,,,,,,,,,,,,,,,,,,,,,,,,,,,,,,,,,,,,,,,,,,,,,,,,,,,,,,,,,,,,,,,,,,,,,,,,,,,,,,,,,,,,,,,,,,,,,,,,,,,,,,,,,,,,,,,,,,,,,,,,,,,,,,,,,,,,,,,,,,,,,,,,,,,,,,,,,,,,,,,,,,,,,,,,,,,,,,,,,,,,,,,,,,,,,,,,,,,,,,,,,,,,,,,,,,,,,,,,,,,,,,,,,,,,,,,,,,,,,,,,,,,,,,,,,,,,,,,,,,,,,,,,,,,,,,,,,,,,,,,,,,,,,,,,,,,,,,,,,,,,,,,,,,,,,,,,,,,,,,,,,,,,,,,,,,,,,,,,,,,,,,,,,,,,,,,,,,,,,,,,,,,,,,,,,,,,,,,,,,,,,,,,,,,,,,,,,,,,,,,,,,,,,,,,,,,,,,,,,,,,,,,,,,,,,,,,,,,,,,,,,,,,,,,,,,,,,,,,,,,,,,,,,,,,,,,,,,,,,,,,,,,,,,,,,,,,,,,,,,,,,,,,,,,,,,,,,,,,,,,,,,,,,,,,,,,,,,,,,,,,,,,,,,,,,,,,,,,,,,,,,,,,,,,,,,,,,,,,,,,,,,,,,,,,,,,,,,,,,,,,,,,,,,,,,,,,,,,,,,,,,,,,,,,,,,,,,,,,,,,,,,,,,,,,,,,,,,,,,,,,,,,,,,,,,,,,,,,,,,,,,,,,,,,,,,,,,,,,,,,,,,,,,,,,,,,,,,,,,,,,,,,,,,,,,,,,,,,,,,,,,,,,,,,,,,,,,,,,,,,,,,,,,,,,,,,,,,,,,,,,,,,,,,,,,,,,,,,,,,,,,,,,,,,,,,,,,,,,,,,,,,,,,,,,,,,,,,,,,,,,,,,,,,,,,,,,,,,,,,,,,,,,,,,,,,,,,,,,,,,,,,,,,,,,,,,,,,,,,,,,,,,,,,,,,,,,,,,,,,,,,,,,,,,,,,,,,,,,,,,,,,,,,,,,,,,,,,,,,,,,,,,,,,,,,,,,,,,,,,,,,,,,,,,,,,,,,,,,,,,,,,,,,,,,,,,,,,,,,,,,,,,,,,,,,,,,,,,,,,,,,,,,,,,,,,,,,,,,,,,,,,,,,,,,,,,,,,,,,,,,,,,,,,,,,,,,,,,,,,,,,,,,,,,,,,,,,,,,,,,,,,,,,,,,,,,,,,,,,,,,,,,,,,,,,,,,,,,,,,,,,,,,,,,,,,,,,,,,,,,,,,,,,,,,,,,,,,,,,,,,,,,,,,,,,,,,,,,,,,,,,,,,,,,,,,,,,,,,,,,,,,,,,,,,,,,,,,,,,,,,,,,,,,,,,,,,,,,,,,,,,,,,,,,,,,,,,,,,,,,,,,,,,,,,,,,,,,,,,,,,,,,,,,,,,,,,,,,,,,,,,,,,,,,,,,,,,,,,,,,,,,,,,,,,,,,,,,,,,,,,,,,,,,,,,,,,,,,,,,,,,,,,,,,,,,,,,,,,,,,,,,,,,,,,,,,,,,,,,,,,,,,,,,,,,,,,,,,,,,,,,,,,,,,,,,,,,,,,,,,,,,,,,,,,,,,,,,,,,,,,,,,,,,,,,,,,,,,,,,,,,,,,,,,,,,,,,,,,,,,,,,,,,,,,,,,,,,,,,,,,,,,,,,,,,,,,,,,,,,,,,,,,,,,,,,,,,,,,,,,,,,,,,,,,,,,,,,,,,,,,,,,,,,,,,,,,,,,,,,,,,,,,,,,,,,,,,,,,,,,,,,,,,,,,,,,,,,,,,,,,,,,,,,,,,,,,,,,,,,,,,,,,,,,,,,,,,,,,,,,,,,,,,,,,,,,,,,,,,,,,,,,,,,,,,,,,,,,,,,,,,,,,,,,,,,,,,,,,,,,,,,,,,,,,,,,,,,,,,,,,,,,,,,,,,,,,,,,,,,,,,,,,,,,,,,,,,,,,,,,,,,,,,,,,,,,,,,,,,,,,,,,,,,,,,,,,,,,,,,,,,,,,,,,,,,,,,,,,,,,,,,,,,,,,,,,,,,,,,,,
26,2.0,2.1231485988436334,0.7684292472203738,3.469372384266409,0.005746658273319354,-0.23268108431436466,-2.094815675200487,-3.2947860988819,-3.3317355030772657,-3.1548640512005517,-1.5613365605906053,1.303259404686449,2.4261446235723487,2.159812378196092,1.938807161185634,3.433305869365133,-0.2716759308625924,0.637226102144222,0.9148577439901738,-0.1840384794055625,-1.7264802294967538,3.426768013622002,-2.3131950627989766,-3.1896800002574177,-4.125015435845046,1.8755083641982306,0.7021376424447932,3.086775011252351,0.1879898988313702,1.4982428645748787,3.4705768699029544,2.5959776610547176,-6.65995830489813,-3.3936914482778224,0.8994299319849821,0.6749152898127381,1.5298483278920063,1.573228730435952,1.3885924699283705,5.179129276230238,1.9568582024801975,3.3155616075260776,-2.505647611591439,-3.520896597422903,-3.4154616958230215,-4.880759645767808,-0.19408514784673492,-1.945210579410566,-1.9418267343745157,1.4340929993105493,0.37369455883231534,1.1859309952187504,-0.9224292352052391,1.2059613984040018,-0.8515262248157964,-6.720084455604066,-5.527852571251046,0.9389411844320258,2.782310290608838,-1.4178741546669709,1.4662488125147384,1.473907107981865,0.5751317126703427,2.085618292527472,-2.0818274728498247,3.449393002603534,4.319853913650662,2.2359187446062996,-5.508486417538365,-0.07361449345510686,-1.086939629830852,1.4771713899758803,-3.1492233605381394,1.738900547085426,0.07689144854643487,1.2901996759464844,1.0777472856705297,1.493122801603585,1.9662847643796724,-1.039557176304996,-2.131238346358393,2.1796169864558164,3.161232336240488,-0.6825796743335354,-0.2106414986659097,1.7750595648751892,0.6216004063744301,1.6693014130546893,1.1940540193857614,4.352189548578362,1.8958232061368472,-0.9521643554823985,-3.748953121731875,2.685892072371326,4.1589076350050815,-3.9990245079308653,-3.507534726612583,1.6487034537709475,0.482449779826952,2.571145194272541,3.021250966214768,4.308588874865264,3.043093953354007,2.791949487973241,-0.8419742607164088,1.2754196974958787,-0.2874751978413689,-3.4595931534247324,-0.4156755985806284,1.5455304598526716,-0.3804533930938199,0.8147592118135115,-2.3856879932551784,0.14192766114284971,0.6449741999941804,1.8201404924258295,1.5500352197570242,4.034187896409592,0.402552355537276,-1.8022038780021346,-0.7402867651471163,2.0324741890281675,1.45220735377605,2.127035523140509,-1.631113954122442,-0.7345848467399397,3.7069398723899294,-1.1046542894072893,-3.0920636919345013,3.019323739465311,4.44968134350085,-0.6179945108401431,-0.48793070715692344,1.724432631612882,2.129858845253928,1.8972855010636105,0.0773458907254387,-2.023340876778017,-1.3021853898292997,3.5216790348455858,-0.15092571214055212,-6.061019911497527,-1.15756183987114,-4.747518180194123,-0.8690361199046168,1.5689339944015743,2.288943897510366,2.427376744766718,2.022901578502151,-0.48281863869360414,-2.3886888363427503,-1.7706471337638217,-6.249349081923751,-6.065220953186319,-4.119813902570747,-0.9143107319000884,3.2611248005642803,1.977460585989143,1.746019451135596,2.5475260329470144,1.1685297337840708,-1.4018956839187662,-3.158255893235541,-4.77199851979887,-3.416518783070187,-0.1278071140873474,0.5593966320209307,-2.8937687328909445,-2.857349516343242,1.4471151509225284,0.5254676649728924,1.802929935696915,0.9174597404965065,0.6708387674283411,-0.4154348052370341,1.677574287582825,2.9212618820594747,5.637823960581074,1.8308642581819674,-3.765217672615272,-2.366665563349035,1.5238476566856072,2.927010782268839,3.6913834583913667,-0.7542788291584582,-7.738392375426076,-4.823908809937326,2.7919725392184107,4.546441063407082,3.1185915918386398,-3.222982925437976,-5.019272532533089,-4.939746296064456,1.9469951317462975,0.864798789453623,1.5788275608948317,3.211726344162745,4.271200105515579,2.8453120261543114,0.4498450711810644,-0.6825545949835694,0.7228336606618366,4.360730638926097,0.8248382500559934,0.5825069509513601,1.5428703913502468,-1.2880109108843365,-0.7249505737165208,-0.3876988286098712,0.5723640089888608,4.862722212333126,-0.9024243736800848,-1.05173411676612,3.168324179177169,2.091455610266321,-0.3698845691976074,-0.1590095861222521,1.524219078019127,0.9691349942405054,2.6500609440426706,0.5062832014145928,1.5428588193317707,3.5195069795177765,-0.507634042055099,-3.4365501608841584,2.3725075485165084,4.186739402399389,-2.3104666055122576,-4.4210996973583985,1.942796335678215,0.881138539894991,0.5955683622727618,-1.8381353997559824,-2.454109854202294,1.1968689668742627,0.973425061734435,-1.7894319851336222,3.754941066883055,1.1770242593246758,-0.9224122922546353,2.702562003933078,1.1095076734776679,0.9113507341976653,2.9176823652971264,2.7751107002956474,-1.5813993209588693,-2.4794487379068872,-0.7708310231329686,-1.1545241338641241,0.6927529081834118,4.170786822622882,0.7692256651480037,-0.9960524003059747,1.35750642638526,1.1293026524011507,2.6478314934825935,-1.160046865453751,4.327540844033936,2.912394359178765,3.9463525683354015,-1.1657671317297984,-1.8287156276259413,1.9333139274138644,0.8199119003469663,-2.824725292268841,2.079485724839512,0.4906666233368113,2.5188043902306414,-2.6095379676322237,0.4369182459818189,4.117621953473802,1.4099277669364054,-5.235467925252579,4.930306088008466,1.401254660262803,1.4089393949309457,-0.7019675324994556,2.441977233361051,-0.026169086821181544,1.1334243095438252,-0.29752441145441993,-1.5423114142870686,-1.0468656098858622,-2.1200419981852736,-3.8156188287478647,3.3019857866945554,-2.8600922073312844,-3.7224541591231697,0.2872398302373975,1.467693776784344,0.5551605947713709,2.0610329907157867,-1.015578387259453,0.2500807365241151,-6.137394720793609,-2.4895540564298773,-4.650543593459157,-0.5644764560579966,-4.965394854218246,-3.8350099834053015,-1.8477003159294307,1.5717018846769653,-0.25665415048745316,3.4704449467007334,1.1258432094981206,1.7943088917014096,-1.4331743040988212,0.29669490951233846,-4.843385071451607,-1.0802536813017831,-5.524129758443388,-4.321015120860756,-6.08491031967444,2.252015076237259,1.4149628505231968,1.602143700197781,1.130648851852227,0.5987615538271548,-1.204789541495143,-2.9510651277186017,-0.3537573133036585,5.486295769550814,-1.39809247338475,0.9298959129747395,-2.3442143738405905,1.8022000339775492,1.2827922641557041,3.535293284346457,0.6346870961555215,-0.5590801560526105,-0.7336795142820952,-2.4093245690017393,-0.06429829938150056,1.8764687537928126,-0.9365383446156899,-3.3903900168107617,-1.367585956536084,1.651597140090774,0.2940123506035058,1.6613366174477222,0.48055629402550265,0.40389339886559356,-1.3080027828508243,1.7591738768742824,-0.5588912307734852,1.0729507503950044,1.0821966942718024,1.2959498935490144,1.5898805626603565,1.9809430427472818,1.3958941292607596,4.687787151327864,0.23462866499049018,-3.3191248110482303,-2.953566742177373,3.0265830992925684,4.6575513753820825,2.8543690333673952,-4.958861500533122,0.0034536162317934495,-3.609879796469059,1.7869824429068348,1.453689968080966,2.349686762679257,-1.220102397698549,-1.1662338712767748,-1.3166218549992972,1.294422440492917,2.939715957444001,3.29941114489423,-3.155676572191908,-1.093107763226056,-0.5252345200753414,1.5100445599203618,2.657634201457933,4.865979882972778,-1.6049622356031912,-5.023694098645205,-0.8998982275911575,4.36636593863823,-2.0631244475982258,-0.628053772599721,0.9936929367026082,-0.5410042855570844,0.24781415876108032,1.2846570508756145,0.8330788741153516,3.970917838111413,0.8180956360086832,-2.6832904557621244,-0.19638395702851844,-0.468996575351131,-1.4890148866569928,-1.608984421822352,-0.8592861946592383,-2.954274169581038,-0.16955347168627424,1.4756198234939635,1.2478269347289903,6.272413585856251,1.6505087627501829,2.7271301159611654,0.9876487196194534,1.4034119194963306,-2.1159011464294157,2.052222880102109,-0.08266893083882516,-3.5807720204858975,1.0824296645840654,1.6411991767727467,2.0184339915533074,4.174555396979716,-1.7405435567212941,-0.2144060712526916,-2.3454594032679443,-6.176786983714351,-2.3139696563269725,1.8916266003616031,2.097770240096953,-5.755386752347006,-7.509318548574535,1.7786367670690013,0.7461271984161991,3.136256684917416,0.4533767075790288,-1.0065935947661582,0.6608423502325476,2.3464479272526364,-1.611370631666382,6.477716260232909,-2.9230241119627767,-3.492040461654022,0.7905629082003178,1.3535091386625542,1.4516565001961927,3.0301298559619005,-1.899436257397918,0.1114868588769385,0.4446504245856473,0.7044816376735566,-2.861561458799815,-1.0303582544523926,1.5783311912439972,-3.5648728151368356,0.5895917346184723,1.7351212657791202,0.6941060393809102,4.899205834816366,0.28739076444079614,-2.895844051963226,-0.044069460243490136,0.9899275664423463,-1.3943521939467038,2.665262687649134,-4.464017352529359,-2.846616863112467,1.996745167866985,0.8550958626963399,0.5795060777368624,3.753049181853892,2.793140730208365,1.877214755665866,1.375915338022043,-1.937482251710814,-0.19303832705936602,-0.7280510469870619,-0.07423411662185497,-3.7958980612004862,0.16170395492260414,1.6950508752375728,0.5903135327669494,3.162854977450407,4.193569298063542,4.325501930972893,0.1387349027641854,-4.116716147486513,-5.038891588821195,-0.867132872005007,-6.994130836114427,-2.678771495696536,-0.8651865267771244,1.6706408635417473,0.8474859970338338,2.2071267031960002,0.928321474468294,6.08450693946982,1.2253151897163275,-4.9471367889408,-4.053010540367552,-0.5210494125149974,1.752721068617136,-3.218498485903097,0.24963078004565942,1.730260678100243,1.160700824674334,5.789806930951558,1.6176520880055199,-2.1640946335193214,-0.5160612953906244,1.0746197223721476,2.9941237346332934,2.568008060031667,-3.3247600248306837,-0.7145727733298196,0.07340362299062433,1.6277252054045848,2.6540141799117367,3.827969386365606,-3.198238260768511,-1.6680901199460252,-1.8812396056435068,1.7085094998719335,-1.1115381685448704,-4.730583744073765,-2.091480601952313,-0.23209004497045463,-1.752868784129527,1.8064438582311604,1.7264812230751514,2.9199354696418705,-0.19704168319072524,1.6359834637825375,-3.737675787006905,-3.489194024818613,1.4842430681623509,-0.24530988651799082,-1.3751183255147295,-6.539361291504599,-3.671150695285868,1.5219338967384637,1.2258983667007621,4.78717973975902,-0.8431060958329648,1.1108744023345272,0.9861314544067414,-2.2842545993711325,-2.135233850664442,-2.042503136454352,-1.3862128002382124,-1.1986333464030399,-3.584094998450494,1.4587318993886738,0.08115013747127144,2.654026223531169,-1.1263177459018723,2.1628929453767625,-2.2295123749370216,2.629349207018029,2.229779764093248,0.2246472903970159,-3.7358923245678106,1.6399015604421672,-2.178228398608108,1.1052421448276941,-0.6771968642857984,2.962295689641504,0.010662558561578276,2.7538014674284774,0.5844318051952454,1.3947449855345972,-1.9630106121677646,7.781588262620632,0.14528468583564108,2.5505558981992897,-0.23740639426462806,1.3197887044229664,-0.35627199041753993,1.886602932810192,-0.5913404402492337,1.6519565364432667,-0.9848350395762063,0.46939920276594055,3.19483516673965,4.220014353941949,1.7561454429446943,-1.3307101774796772,-2.344323829782483,1.5678444084464924,-0.000667100104427932,2.1728676772737696,-1.1512256213385927,-0.43396742344074707,1.8526905098482727,4.002908573529122,1.9736125198481882,3.67170229345356,-0.8638433754764709,0.22740412921460473,2.313686917589627,1.4406033229449602,0.578098142503609,-0.36399310855019285,-1.7384772200008793,-0.2534067996650096,-0.9788346460726258,3.151492712621383,-1.954595776823236,1.3882238338046287,0.8642269806920067,0.14311454414431926,4.924816042023425,1.4852000137481491,1.9484945214668472,3.178592875339683,0.3113582695903208,-1.436183153393603,-2.1173854373207184,-0.34472072618837307,-1.0474297443410556,0.6297326882894284,3.26293979638272,-1.5528710127243983,-0.8719176728002568,1.899676393954041,2.4908002109424103,3.0366141675442253,1.158552368739932,-1.1297933609250037,1.1316338787931939,-4.050505899909907,2.283492742129167,-1.0939509172723987,-6.153827432161157,-2.727000126928918,2.0693063280717823,1.0713575809928328,1.204090433279374,2.3468864343994214,0.86393419121823,1.1267211349385626,-0.21586095535639013,6.2433075405838165,3.627851666661919,4.47864455144984,0.6083983168031999,-1.5272826960658274,-1.6780783782603925,1.866144947878532,1.0121015003532523,4.531214627657661,2.4083401284020627,-0.2688709804380764,2.4882300818531027,3.4652573926809316,0.328035160061364,1.0731634043280622,-5.102069177603708,-2.1731497516173195,-2.6090590683616615,1.515628013554513,0.8714582558787655,4.446488555457913,0.773563261236716,-0.2550913362452756,6.443249333407361,-2.7839472156173914,-3.7727028636049442,-1.4382593999839264,-2.2689981708668903,2.295186746402764,1.9965631852383174,1.6089981983290074,-0.6001125525108492,1.322357801488552,-0.733061894687567,-0.7586655304549307,-2.3913721074419403,-2.1493120456689314,-1.7240603743756664,1.4660059764320907,4.316212415057293,-1.2951028923895347,-0.33323732350802493,1.852258795239986,0.04919652156737446,2.966959641087183,-0.3723625896589348,2.4375780420647057,0.5630593981054112,0.7917035360915565,2.0632813362041724,-1.7238980149600747,2.9028456530852615,0.07224349956292792,0.7332907481987783,1.7855419715946084,0.6404340262909826,3.401057896251801,-0.9971399457480914,-2.3078460525968834,1.9043284558045677,-0.19907227843817452,2.626682607145345,5.737195637962798,1.1158028284530077,-4.095000198033994,-0.4063668692727278,1.7935468424504892,2.42590317905612,3.295150449770145,2.071385305323009,-0.27435219788177173,-2.387657880142696,-4.1208069205060065,-4.189557179629797,-4.264901280214896,0.42773804158695305,-0.7297886516101194,2.5029394383939056,2.003045710754979,1.5100303664826344,1.677580688467608,-1.2130209705470447,0.5092646683230728,4.106345270846088,3.3446293240820832,-4.171528216279358,-7.50686640546327,-5.324842597478415,1.2038257650689765,-1.45004463790166,1.4474558680895375,-0.07096005544985559,2.0110522194541263,1.7241133508494875,2.6246129463692833,0.6651822564748201,-1.6130529188036378,0.08203047901166079,-2.309534560342238,1.163099178090934,-0.2209039430339632,-1.2408377484375697,2.1819005413991945,1.8103694428459303,-0.41022317239069206,1.562375159610965,3.081953164745652,-2.033195089664638,-2.171069498737436,0.9627238772626245,-5.7386620151298136,-3.584520139480635,-1.4129430100125666,-0.39449818612190013,2.007829805902359,1.2924603723045944,1.8781393995954716,-1.1269174404367965,2.090384765024483,1.7956481029287312,-0.4720892557835018,-0.40961432374631745,0.359298344995056,-0.49241904762583505,-2.5342539785878473,0.7162107967452109,2.0089707018063216,0.9329041052255697,2.4185753342038026,0.025838336436074465,2.7535196326276834,2.81297220419013,0.7519042329620046,-5.798432244026896,-3.730899305025733,3.4981372925976486,1.0960733726919965,-1.562113128309122,1.0482776385286134,0.9616675681659747,0.2624017307062347,1.0947785084211346,3.114064503115246,-2.6653700965727,1.3125589090101601,2.1887810400114893,0.928827038140916,-1.5513558651839714,1.5250807919171958,-2.4685801109783405,2.079033062849604,0.5204836354711748,2.0052923466489863,0.2830860964470189,3.7493507108752153,-3.0351148620639306,-5.042978679155179,0.065813487628214,0.5120704160533991,-3.6969769543888393,-2.8549765107801406,0.8298896755485683,1.3524114187158693,-0.5401946496106622,2.6735878719499095,0.7919325675863008,-0.48088862876314165,-0.40725280072589554,-1.0847374784026884,0.7353989570321589,1.8202392456754883,1.5445143948916396,-0.6822728892562236,-2.0297434319982686,1.6970600755131762,0.08838476397756091,2.373495955525563,0.8280079714757089,0.1737923857904204,1.878762799493848,-0.9899279384344609,3.334945337493114,4.630080057388259,2.981502893828793,-1.7645918631512674,-0.09819584547423418,1.629130344121124,-0.5142047076184961,2.517540828956199,-0.04058445294807734,2.6507675992590856,-4.191558847308399,2.5293970981626344,1.1015277574079243,-1.5341129923166237,-5.462505710759403,0.0768961402278071,-1.0858238752982392,1.681009303437815,1.6571462966459052,3.2950697998039566,2.8202215619190105,0.976034446058666,-5.709807157431666,0.8093084509213789,0.1622592476599784,-1.792485793551908,-2.274367985287124,-4.307636086582714,-6.010863989485301,1.1939210746901854,0.7697470351308408,3.553597357007305,0.012617545886063428,1.3194839824343314,0.9467670462662924,-1.8668088297073615,0.7996134412454243,-4.972017961123933,-1.7148942494132808,-2.7120632392897606,-0.18499906350446862,1.1932343624608255,-0.016561540179628013,3.871513925065869,2.8572248584192876,3.3585150634673635,0.9029886348435877,2.1211946992174284,-2.6699346206335495,-0.5399620800736489,-0.6726075243230459,0.003769927384070059,1.0551507763754508,2.0256354338039206,1.1261165450969213,2.585493701360279,0.24628699636362344,1.1611564572863609,1.8110387551614966,-1.2847168640067685,-0.8710993399538257,2.2965867312077792,0.8056884880680713,0.3751782723053343,-4.161533290256586,1.53181283260424,1.1940736737498023,2.502950673761572,0.8983755849694842,0.20999454811763332,-2.2699462200931912,1.7720473498655087,3.326531348816113,3.093793958924341,-4.797473407511112,-3.423573921497471,-1.5243702199959626,1.6177719974845368,1.3014937395420927,3.967844237103279,3.6307740579301653,1.057278629716954,-4.458097862153566,-2.5258490292960865,-2.4050655725362646,0.5843765609715952,0.2558776641726708,-5.46407173104858,-0.7217163004431285,1.7257999953093341,0.5374629057836231,1.7634860165489168,0.5105202353213445,-0.20842611489985258,-0.14525363038894146,-0.35369625595622695,-3.893899546500096,0.35365131523538584,0.15695854644948573,-4.600988661543881,-1.752941870491028,1.7940968635515933,0.8858742840549468,2.2925827300587995,-1.0215553318055235,4.519516383875757,1.564968546634871,1.7474028524122713,2.151943775131837,-2.500491203963947,0.21202747797042526,-0.4955502298155414,-2.8569441219454426,0.7758936805876426,-0.7600077569666799,3.6191699384234517,2.2248027116903413,3.365341531647186,1.437579429424069,-0.12850846984815978,-1.8412647334545138,1.191874611134095,0.8826487335613729,0.7940904103732767,-0.2792160977887501,1.7200180755327172,1.2387009880434974,2.775967177217899,-2.743392139184459,0.3411115634350425,1.8949889930559052,-0.614074505793733,0.16755095970898137,3.17612867903382,-1.5247451580558522,0.43767588224121795,1.2044840526455662,1.731017619015639,0.7579052523538587,4.443639342221405,3.880690988871365,2.186853907509884,-3.3641157980346343,-5.115648134989449,1.0122797363193656,4.912747318754401,-4.099199037399018,-6.79533500799381,1.1591776494413382,1.802914482583648,0.04977628615667929,2.818406428951667,-0.6275394452468827,0.8099092497647525,-1.078005038268996,-3.3513237002427396,3.6274461043084796,2.794695704770143,0.9334300205176183,0.47413783514638774,-0.8168307813675686,1.7378707595480996,-0.6432826469248958,3.2833034427536054,0.42648172388772976,1.5508378448036204,-2.9833238042278114,-0.8991213309853624,0.17443988887044062,0.5044158296779025,1.7284682502665858,-5.7692457206294625,-0.5875263799937729,1.9184122074913912,2.223496326721332,3.5197946715064603,-0.3927242602242798,-0.45737705213309465,-3.008524583677771,-6.764685675411602,-3.110030835386462,0.8441652273614026,-4.573413452151047,2.2375263899912654,-3.2825952505997544,1.594293973521503,1.1857464404872928,6.595838525172033,2.870909973079598,-1.0691403186342443,-1.768833240385835,-1.3332251588994177,-2.922901772090819,-1.8624275063663094,-4.161900507859342,-3.0107537239721127,-0.42247342825659673,1.5958230979471029,1.0161289236591153,3.1938462082763293,-0.6236091581295867,0.6412365181106102,0.7999483713386853,-4.572976214876489,-2.779966596821102,-0.5550867597180331,4.775848900248392,-0.8419623340843977,-0.9256952024318605,0.9283456514888885,-0.23530850068636666,1.6656616658911738,-0.15274216531452978,-1.571777597407912,-2.407847787599287,-3.800416462349734,2.6459850540482743,0.7260216359186351,-2.3527824202843606,-1.6205924560893672,-0.6033199285233075,1.3727193197149077,-0.061382967300787315,1.1373925392177657,-1.0833865276367496,0.29791434357046354,1.5346769711470334,1.7654084711681548,-2.161750708383804,4.061988982633531,5.77198521588068,-1.3144523373966412,1.032090596401604,1.3037086599292835,-0.25102292745825294,1.8613354315469122,-3.185959437368079,-0.8683407739047252,1.5015291018644858,2.1754176911532217,-0.29458628372756607,0.2855803306657117,-1.5661236226002102,-0.8935972257229847,2.8229354995252445,2.216809722378308,0.2266788348685728,2.969334695805326,-2.0168892208346927,1.3052726117703604,0.036384432433503325,0.2728874272462864,2.17305089653044,-0.293241111619796,-0.9430387048363474,-2.598568533992025,3.5320573626649074,1.659125946580169,0.434298995154005,1.6320974858253379,-0.08922542919670942,-0.2414786831922087,-0.5306014004151722,-0.16086337251443017,0.790205266352244,2.4624755798756808,-0.8602582468636,-1.1829611759123861,-0.9649102719454122,1.5384096154881464,0.20556474710445374,2.7661417039477536,-2.6872053263966382,-3.47798218456286,-0.9331877136615254,3.6187517419838846,-0.8784141244646884,-0.27678127030689453,-5.726401924304878,-6.023285302827595,-0.5580289666263145,1.652975901473981,0.5484468020860072,1.8061036709549636,0.02708800374287578,-0.5510300041841512,-1.8836696792435843,-4.090291634906073,-4.369235300600114,-3.0575964477818443,-3.5658192732812717,0.9861041196129668,-2.139429234645765,1.7703120732849742,1.9360208060657953,2.8183384922454193,0.898875941752796,2.735713436899474,-0.8243553122480844,-2.1116766945927696,-4.332805596905431,-1.548708541411496,-4.790340668735871,-2.7024067284910442,3.2914574266394436,1.7465699628503912,0.9026067097533772,1.515826654299424,-0.5644195095580818,3.974278781271257,-0.5073513905214749,-2.3019568251285687,-4.415834460031029,0.8501181058793345,-3.287640620111842,-3.7297227383988805,1.6208317413953939,1.9623414577091258,1.4139433808317543,1.3199701689141632,4.858715967403718,4.537664645925558,-2.4755288427912294,-2.6563464583777994,-3.8626499614051495,-4.383665121062542,-1.8140903146243843,-0.8288241264791149,0.42164262314557555,1.7929060677567663,2.136323592019638,4.10082878400685,1.9729137113067987,-0.8403981626427025,-2.634554336876523,1.8101007476665418,-0.9726805137427269,-5.334772656038104,-2.4461245969817798,-0.7953135086158454,-3.1935709606150615,1.6152199623545036,0.4242938237112904,2.520797190694526,0.560146046416955,1.544140025350342,1.8325974224832227,1.9760400112804997,-0.01652802263395783,-2.092395174718654,1.967200175207592,-1.4168012142562805,-3.027253182331406,2.0235371841489873,-0.5868709021171215,0.4003587033997015,-1.9446144567548203,1.6829195824853147,-1.1209511314812912,-4.617012068023449,3.0888055387322226,1.1832322373265103,-0.5601404259484754,-2.220172538626061,-2.849131881159486,1.7894985928706175,1.1361526042926873,3.804337027400968,0.664471262759526,2.8251199850621354,-0.11290016882276405,2.811908403938807,4.465347477020883,-1.387040415880639,-1.9985140425509291,0.2477504164402733,-2.543372019947624,1.4445138225742915,1.3940171449858914,1.3248804361456852,1.1029810314935848,1.473503232896686,-2.4195175221160308,-4.732309071451661,-4.526387030456741,1.5544578670461568,-5.023964460761719,-2.03888379100882,-3.1385753985084586,1.2720000623651166,0.8267098788084931,4.845903496716369,2.585677872590026,3.2366822591411535,-3.6781144457335784,-4.671518110554483,-5.095668959010801,-0.6340957095774283,-3.150099650204222,-0.47459718922701527,-0.39542577776653365,1.3808260979581024,-0.05315723203954469,4.109652518023621,-0.4551265967096823,-2.9649190172016207,-3.0119291903314496,-2.176559988597995,2.192753730199092,4.171902039032382,0.3017237540769821,-2.1406737004740193,-1.2892782393818334,1.6506163004402994,0.6397940233142098,2.5248240920490765,-2.242130219642021,0.012916451387646945,0.39344908228211056,-0.4311563496311231,-6.036038258545814,-1.7919183409225143,0.13299665945444455,-2.160452740286254,-3.768572600599522,1.9824955416817138,1.3807513033377408,2.9893739594178284,1.102931126452035,-1.527315134629187,-3.943554544739202,-1.039997509097584,-1.9802217646804217,-0.6882134681799987,-2.400517445851647,-1.6692583996501296,-3.1299186267387804,1.8658881779526344,3.2247623086079362,4.449862079766067,0.05794001786619551,-4.088849212981857,-3.079675511838019,3.6131281372258215,1.2015296156317516,2.1671259903522193,1.039622490944247,-4.926356882308883,-0.23631081577325802,1.551493914092031,0.25410719030280593,4.199826616665811,0.7654064000870352,0.051301300561321504,-3.3147639068171966,-1.7161021285913767,-0.9125247194274695,0.5377125072397928,-0.23609867490580436,-6.979706136391726,0.4513610646966277,1.6041484320535988,0.8545609726151898,3.043547181932963,-3.4120462800385583,0.2372348283250371,3.1208880146649087,-0.8937637223873941,2.2538056386328322,-0.29536822585401856,-0.6705215117428527,-2.034462876728575,1.8831419608253137,1.1640901504104912,-0.15775302368334077,2.3555233315053834,1.8594524401971568,-2.3837523832019483,0.15866553334847516,-3.4835205067347212,2.067349130633506,7.390623137981194,-2.688107815025126,-5.533496204730869,2.1353711511079876,1.8663204230975727,0.6511179013053842,3.4733077491244257,-1.0824478925795382,1.5771453506571251,-1.4246070622553528,1.2324055928980613,0.7374312105644605,-3.776307961418453,-3.570270687410324,-2.857450082813379,-0.8791384219709077,1.9237000968573872,2.4812930564900175,4.430036767399008,0.13688676938790356,-0.25155375115974804,-2.9198621710864057,-2.274486700929718,-2.1380175494380955,0.631272073739304,1.7324811024100393,-5.840964631146238,-1.7809128903667497,1.579654842209667,0.6795162051423788,4.883081098372321,3.0155772090087765,3.003449915144007,-2.750065553014585,-2.8494076061283233,-5.43253776974799,0.11740562593259571,0.12238140374070279,-0.5016536865975569,-3.3677113292065997,1.7689545460186515,0.3999634261419753,3.633127309613151,-1.2443999160265564,1.5364852022663182,-4.918053492592273,-7.011609056372386,-1.5797390339914033,-4.389983544948129,-3.6133187708425334,-1.7572335210753567,-2.0337934074618964,1.8886904726714426,1.3280462821154628,1.4472275128414103,-0.3089243694532839,0.9460361569281446,1.1949673977578268,0.3277992854984183,0.63181311507903,-3.8041080629927637,-0.025079977749135444,3.6042288210143596,-0.8576104416253202,-0.1439710421364709,1.7250460026244598,2.6331117061324005,3.178593822686101,0.2628674054770704,1.6773010015720795,-4.3984184256917045,-1.2591097053377125,-1.3619366802922002,0.7782667879456528,-0.7625190546937595,-0.6832243336253121,-0.5225770462300265,1.5639255569002224,1.1642949561870022,0.4315766940102594,0.6097504356187458,3.60661050905356,0.5509439609586444,-7.8989771609877675,-6.552020955872821,2.106230282667391,1.3239586198269087,-2.221243528905187,1.2819217491225998,1.8412558540384176,1.9909197500644313,1.5721596886959435,-0.9825450814308363,0.23711238330753132,-1.4524785388457764,-9.70985565735399,-6.938981612543679,5.345896014079014,2.232979374625496,0.44265435865063196,1.8928998576503633,0.6621664993634436,0.7177400840556903,3.1829545695749246,-6.420752558627648,-8.523303878564095,7.023211072436448,-7.9071157997045844,-3.8605412734736975,8.332937867937916,0.6843345668179377,0.5399958248681767,1.7370417129867795,1.5868087220140492,2.322203719936635,0.19016177613634053,-5.862070018798735,-10.876352162044654,5.811832476248847,-5.611083573141616,-2.9679674804572262,9.436121997374615,4.154848193581667,5.7172298811163715,2.010146776266488,0.028473572098074697,1.5921168698671873,1.325826050598771,-9.422779496146282,-7.682141723730805,7.689878336953236,-3.479555055210527,0.1827840216465563,8.562781898316773,0.2741802136507217,1.2027251823881298,1.7752325506817306,-1.2801049557149917,3.2584766654877773,0.20467687840197682,-3.120779225125903,-1.580012721856999,8.598002128374127,-3.3249733197784135,-2.0438954515752124,12.076065315925689,-0.8424862293712521,-2.9545004898345715,1.9318021472066438,-1.1152555432197526,-0.1277764714771158,3.1364701570300486,-6.397622990641026,1.376811207292244,9.634882828926777,-3.6219488644003763,-4.419508860172472,10.248499186731625,-0.04505722747291427,-6.549719589882686,1.427795998165511,-1.7893239143329718,2.239029011803045,1.4481351020595532,-5.3733154385417805,-2.154514737737245,4.972995156194646,-5.140008828643884,1.0628792379977392,11.484276488019866,4.666993269891585,2.560768734540823,1.3977370104402675,-1.6654088557302102,2.6273083319367614,1.8039590329015422,-3.853954116191566,-0.8367818598688167,3.494878402802198,-4.967842395965038,-1.0079967201855295,10.695169314346174,4.972096723160122,0.13587726681213963,0.5845252259736057,-1.357088085417411,2.6274694252007604,1.2435155001766993,-4.918380704019277,-1.749956167722042,1.1767075282942658,-0.6977632235053302,0.5684609167615492,7.22154008880749,3.2870214015950783,7.280887611246143,1.1355428645022008,-0.5497512268624779,2.1804811317026833,-0.7168462915107522,-4.958037354974058,-2.011181721781239,3.18212671647108,-1.1428820912151654,-1.2496546988167287,4.818728057750472,1.1733737022747588,6.294337414865615,1.2582050996367131,-0.15038587416168592,2.198406662655127,0.13395827389869333,-3.3080578762223873,0.4621723681444941,1.5653831374123004,-2.4861440079236634,1.8310900686565097,6.367170376451213,-0.3539984888235743,3.542670967762156,1.0632537555705404,1.1753777413272353,4.196388417624857,-0.15036253508195802,-0.013364262859396911,-1.1723123862399265,0.8259670184915214,-1.8915638962018904,1.656318011166517,3.141572962570857,-0.5365519011865034,7.2257392538137655,0.578947656951738,1.695532752268184,6.959498446164709,-2.5311699963452403,-0.06994303692121145,-3.0833199254997785,3.089027260367492,-1.1782678962188071,4.268107980641304,1.9141568089471928,-2.9054155714011967,1.4029560097962162,1.5348780427663238,2.8326119623227046,5.735214224849835,-3.1216065400530204,0.6981289217764223,4.967612922580322,6.1930719213280305,1.3670308030472367,2.737769270507451,-0.041406681767553924,-6.835505627373832,2.283728244680306,0.8634109252076533,0.9844079037076735,5.49914653976152,0.6414985709198467,3.2072380534478917,1.511884662727395,5.532723124887322,-1.471250679018756,2.5461574045167703,4.973763546672539,2.1187748380589024,4.148167928304801,1.4918261468337484,0.6924526140010052,3.0883563001820455,-1.7145186658709723,0.36912528444329745,-0.9994283385946906,4.224060530151536,-2.261171948462905,2.4319976943635067,5.813052616975215,-1.9148253385443992,1.0214233897416303,1.166565441538694,1.46680621616145,4.2226721822576625,-2.1151084623973206,-1.8592519446110347,1.9201094482591587,0.815036285457266,-3.838140802938476,-0.801491733213208,3.02697943129224,-1.6784491935497015,1.006789825237237,-1.535302074062688,2.2214780522312907,3.221735011429122,1.0505168919121528,-1.0286544736964096,0.8953641542574302,0.604686763120158,-3.86813242370436,6.468748970784267,0.8798304613080707,-2.204178656785471,6.1549913618798175,0.22156717943670678,3.5586916533432573,5.740097970307031,0.6608372646660001,0.0023591615010942883,1.7216818028305811,3.112980476971967,-7.1176594838900975,2.541354880376792,2.646651151720995,0.5058125991780552,6.593212881373024,1.3413705215249017,2.409954239592698,3.976501511657488,0.3523926552564225,-1.7705266982171664,0.4290630663431591,-0.20519202131350653,-1.7957565628692367,0.49869076126098216,-6.009499665556194,-1.048575462219165,3.9767000598819444,1.2180281218830875,1.346911611726794,2.2221682008500747,2.3886763672247344,1.1692695821646573,-0.995122239881396,4.000553972826083,-3.7740183106692466,1.258089461879445,3.400214532166846,0.27592643405726164,0.29006106572060325,1.8974292758719835,2.1370203402154857,3.7930765140322986,-0.4749390320114009,0.7299665115228511,-1.018308492526472,1.0434817051097334,-4.352390216295595,-4.2818817372539035,-1.3612545207980393,-5.174142810134797,-0.4492062710303738,1.4098354779016264,0.11234973940815969,3.22009183990564,-1.7137141187491327,-4.031483818576627,2.1546331313548053,-2.2954416208684014,-1.9973835578650208,4.124117528292044,0.583394936972191,-3.986919807036509,1.6276347444824204,1.4370766913080992,0.147357323943387,1.0202859005359741,0.8603704846351894,0.18785470516846262,2.3974459261516174,-1.2788254207531848,-1.894951283364006,5.786579333483954,5.258875838022285,-4.00265442876426,-0.8375100658444756,1.6433007660827228,1.6406452956374766,2.0047557521219446,-1.032883046991461,0.9497663917449816,-0.31891821944516746,-0.02243254656734391,-3.764654386196806,-1.1870725320397466,0.7926158599441729,-0.2349579479488127,5.965162646133427,2.072188632862982,3.8082698826547126,3.432696565422872,-1.915110585424227,3.008454966537019,0.6328553239245096,-0.24987378609255256,-1.2395400550267262,-0.3544999624017551,-1.0946223134577986,-4.330505098632404,-2.996521270228702,1.5136835397346018,1.4715801469638894,0.9080034063311968,1.5193305838856848,3.333643716351867,0.39926619029337496,2.3901989108056068,-3.9694730342562554,-2.794678027825633,-1.9949614846711874,0.84818798113245,-0.32377046500295525,2.1034883551095436,-2.705004470281579,2.7746741973149605,0.6992586776907214,1.1761165451426434,1.6059049171644662,6.441569136761475,-8.45832499617659,-7.402556046882591,5.284365130080849,0.8753738261898681,1.2202083009546603,1.6353722140146065,-1.7427441171438625,3.338033684780083,0.5834283057182156,-3.2912822683705842,-2.545698156977887,9.53785356203345,-7.2765894867849745,-7.001019432567919,7.7996432011398475,0.2755101948670309,-7.547626583456882,1.7754527964847104,-2.988821434737779,-0.3252978291059629,5.598235972149125,-0.6555106222545395,4.717552221412534,3.966584396733636,-1.4229165832643682,-4.497258988313419,-1.5854515329319743,0.29593463557790217,-1.3534361995420299,0.7631850552065056,-4.298274700835133,-4.685259064510311,2.04724017339146,-3.1660619875670744,-0.3010731611182093,5.122351147359176,-1.2437627888257894,-11.060393138275986,1.5856025300842047,-1.4417121818029663,1.4485189015960311,1.5134626164343539,-2.2417619866749505,-5.230410148358261,5.269835420117392,-1.0573578887157207,2.7284191953253996,8.645444028301029,0.23331403543711737,-10.369938761226813,4.492829282755859,1.0708110586126307,-0.28255153368754693,1.2240101520461113,-2.637015686134704,-4.867802363202267,4.757825381260145,-2.5154620709013265,1.9892288745178526,7.369826894662587,2.370129828520382,-7.305437602386604,1.759570301631331,-3.315984070018954,2.624659413292111,1.5315019928258493,-2.344783494744715,-5.583101945378372,2.4172926210028884,-0.48610715903200047,1.3572623935479675,6.117057097234359,4.853727124247745,-6.799780898694085,2.919892270137753,-2.5729791022494393,4.808451465134029,1.4155680939460482,-3.4687024645769147,-5.818828774085168,4.129096088890616,-2.695478655526901,-1.0299348808466722,10.893966029993518,0.25730516170391976,-14.158200524910603,1.292166119396854,-0.8760355819086039,3.251076971813783,2.259128634114278,-2.583322119682218,-4.16510841019367,1.9659586212148443,-3.256969267079518,-0.28584277195631813,11.764965707186247,-0.7667410372744973,-10.252295844186799,2.325272402215847,-0.361846865197681,7.145296008832034,1.8971063396303915,-4.020565962360062,-1.9149180048209102,2.812089797363075,-3.1025408983789613,-1.7905358945692331,8.851533660399687,1.8157210120438412,-12.472580526833669,0.9511660270058442,-3.72664563581292,5.596988820166204,1.747843652862092,-3.3842343522820153,-2.838464166483629,3.8982221459293953,-1.8344730147098116,-2.0957449475508607,7.153216374250822,-0.7731868660457005,-10.620555867996584,8.408256469267979,-0.37237159110249307,6.8199968984002926,1.332968930132326,-3.230633011077664,-2.0560331964430105,4.257794609912026,-2.5700522719884207,-1.7971486458014698,7.112834041494287,-0.22386018844924152,-5.5110550232302415,8.9300223695718,0.3981616259225513,2.1071516334814393,0.9697959432676595,-4.567266518540977,-0.21286932004609577,5.442732994473005,0.3864500097328972,2.5846188934196777,8.02739088962101,-0.027427198674556952,-10.902997564032116,3.1074359859727165,-0.7540959374111215,2.5884987066541134,1.1689482795573363,-2.5492035960495008,1.249463298041519,6.031253392313646,-2.454070338650309,-2.661964347196966,9.645018677293388,-4.055680998570037,-9.176780104912101,2.200015291643973,-3.2401538612423777,0.7109444732198754,1.9581820628559976,-2.3983733351765166,-3.2799154149553695,-0.8713166861570397,-1.9722846426535903,0.570739263867815,11.588697906776309,-1.2163409810095547,-8.242654647522537,3.3895071683806637,-4.123479883537179,1.2714123716322576,1.2720485171462843,-2.315020177881048,-3.0271618845000323,-1.9698041505369763,-4.3998348231338476,-3.67812035893294,14.840640074982677,2.850583305729833,-4.447089454062575,6.940480910111062,-1.0961042860557983,4.083930754513393,1.7107146109189126,-2.6798020425765388,-0.27163188603384136,-1.8906364884033693,-0.3182314666859267,-2.4439561375374828,9.875645024287284,0.4975487597320673,-5.671679776067346,3.1699357844189118,2.7526538404907566,5.302999110704046,2.2552029862149197,-1.6374045653628218,-2.724873889551502,-2.780879238022059,0.13669243227099703,0.7383193414984148,7.465743571730101,5.108537139076169,-2.934153347012304,0.4075456882771096,-2.2958295238696205,-0.15811391431119431,1.7334115181441394,-2.0448449380905616,-1.9509444923786945,-2.9880910732514927,-1.6031445135681301,5.592290503408922,7.599479336102018,-7.543078785161523,-5.630468421679228,1.8807177141113678,0.2936583241351493,1.6243921234180883,1.5838344538671518,1.844882202391919,0.06133839412040831,-1.9769446698726354,-5.924337971452784,2.0381773105018595,4.59422161616641,2.2669424440247448,1.3957430969167288,7.101277775837663,-3.3266737188361577,3.7686187463598304,1.8064423869143593,1.4688146917484473,0.6691585088386357,1.0227884984493598,-5.003118147202832,0.9963070426216849,-1.7806020639700522,0.6105466026148618,-0.35994800019178536,5.213210338797544,-4.357600525593599,3.0894035618327083,1.8342964845010283,1.3144453101500133,-1.5579732299602138,2.863166889319971,-2.781203145327107,5.052532784901481,-1.8115456769891638,-1.5722748765271266,-4.549366188838253,-2.1148848255558237,-0.8153650735633258,0.48900801588920895,0.7144829754643978,2.0042688875922217,0.14153382802198836,5.950088816871995,-0.7499469828764327,7.197771408975076,5.737787255762597,0.9285482902009315,-11.022378170280561,-2.4667780749010175,-7.801923197621075,2.3732849939401266,0.37506851222945875,3.111199430126928,-0.07086005983182168,2.5597784863792947,-1.3008150594631849,8.118217235179433,1.4879824927997374,0.8466149356660798,-4.908974171421663,-5.229396528131332,-1.7389618041062762,-0.7318881990104199,-0.25426108633906735,0.9550518737459815,1.1396859087377431,2.142599188045212,-2.4240955740996073,2.801706594378992,-3.461131039494382,1.4441196620934709,1.8700687726633871,-2.545143169897772,1.9788215577104524,-2.1801370427595246,0.676601332791661,1.8159802109998235,1.9073043405985837,2.869341116856115,-0.7588563691697017,5.451119731504308,-2.1276454135797778,2.138704768445296,-1.6728850153351296,0.6679563513215125,-2.6618983629707946,1.8249125565059385,1.3681310429673808,0.5896397310640006,2.6154368119405143,2.4239380803506143,-0.5581239864007074,7.733520501754813,-4.850077258713139,-2.6374289575229186,-0.5360323455239594,2.3963089712589065,-2.8957255171694705,1.2907267136534433,0.5290066335056761,0.46461888162424453,0.8351416693027394,-1.1263612369158804,-2.489012535496097,3.9414671491691227,2.9441680136071664,2.6681718094797273,1.1135425955537233,3.8681459570080325,-2.185808375568797,5.457121407249284,0.4777364583513908,-0.22166779760162636,0.9002315898351421,1.0828223664730652,-1.8948918249141593,-0.6216308859691694,-0.395215963703751,5.902661446256695,3.0631354204932126,0.9247051998786074,-1.0782932465180137,-1.1776075659590008,0.9226217662050463,0.5525005385426979,1.9666713762529757,0.5704820974886269,-2.6994029731809865,-1.0027128209657026,-1.6520132871801767,-3.009547741249841,-1.221785372235413,-3.667025954246565,-5.9176261689225615,-0.7982382877195848,1.7778230535247737,1.4049991988183033,4.890079364758935,2.5470467659076688,-1.6353371421522176,-0.2269467180337946,1.9044059960931126,-4.489173717183003,-2.831325994805996,3.4325091731578685,3.5741360076790727,2.9937147771628076,1.50106672584042,0.2716059154866197,2.5001750222081247,0.021004558074550143,2.2775186153192135,1.9706782981774662,-1.208774500046844,-2.2835454233147363,-1.9208389597051492,-0.3153508492021532,0.6498884095298352,-0.6354787482658717,1.3169416652615553,0.6231311837689472,3.9845686456089857,2.105212893025453,-0.8114608560169949,-0.2712895590770988,5.10907786697377,1.5660665809974517,-0.6384586249192212,1.806218458811739,-0.61353274004995,-0.27443613661525856,1.295185088570368,0.992682806875562,1.9762196717080915,-1.9536736374475683,2.4885640121779713,0.9510456709518011,0.19086846680836017,2.648330873944457,-0.17136178536125773,2.7652291259845105,-1.5254496887007223,-4.343239192174742,1.520489325985799,1.1734527794000165,1.701521884747827,1.6923184746578794,2.2453125130572373,-2.295429121180659,-0.2269950870729233,0.7700613653027947,-0.5848847859655016,-4.15125512098872,-7.869219211286277,-0.9902060414031364,2.2173116688946055,2.3100918361925578,1.976203349169043,0.2748600633101236,1.5443494984521895,-5.236483260608438,0.253616781659284,1.264739867835591,2.807947277734563,-1.2309942216843517,-4.352871082380953,-0.2364363559046791,1.723454167035805,0.8963614288244086,4.232059660573785,2.0659124059917358,0.18471921757233353,-0.8623283144944447,-3.8258671422091255,-3.439242562623767,-2.861150295912674,0.522005106837444,2.335683447084643,1.0242798030799223,1.7849559766689,1.8133214686167765,4.278337914399704,1.8652491355527159,3.210488084175734,-0.5937945186413698,-1.3459829750164902,1.1011685462432361,-0.8042282148041898,-4.3044676487143265,-2.0457953007393956,5.613001922975196,1.750069367357322,3.2735134956437344,5.489482195408795,-2.353221582769397,6.471744915756116,-5.337484793695296,-0.17202033036105566,1.2442988542239568,0.7385030563213177,-1.0747149827742428,-2.4774531407087896,2.534845425492534,0.934316041033481,5.786784393052486,5.781796792852262,-1.601601491241856,4.42757919830741,-3.6681963995660523,-3.286375987442557,-4.482159883857285,-3.269947939090012,0.2924376951611803,-6.949706417531227,-0.1406767319466459,0.6268642312652246,4.750158865459463,4.351895418702619,2.803456365166491,3.1307360488041147,-6.130247997395348,0.3731437475957336,0.28827372656642497,-5.959396416293012,1.447090470880683,-4.01379692003922,-1.866255344797945,0.5869755416548234,5.286839767358872,1.6388896159279545,1.2400837975789878,2.0477761749604295,-5.333443646088253,4.981431915682998,6.189406279865536,2.155647567177529,-0.7983886421552701,-7.5903714025861095,-1.6409563569629861,0.6154262461860455,3.9726587198311503,2.354130359328385,2.7701421790551635,-0.20182725513504776,-3.7124640746704776,0.7297250421475037,-1.335318617544125,3.819873165388832,0.5407921513161248,-8.601662908438147,0.9494942065500671,0.5955667852195531,4.40777415695659,1.287861775387638,0.011276803740368716,2.2133373466623536,-2.5027468368895045,0.16641038066253497,-1.8332912508002361,3.4437988737837784,4.094830429055661,-5.433430560134509,3.345358381007581,1.1066171263250324,3.7166699664382907,1.6888632333120863,0.7823838972777645,1.336985310933772,-3.0198489361063023,6.419550300600086,-1.1195497636129177,-3.5760839651346528,-2.8092025661926905,-4.508574148930349,-0.41966133680900386,1.4782312465028593,4.592056317111351,1.9034913187229745,-0.4534175258721522,2.984768388533694,-2.994343203979688,4.821497547217585,-7.692150717991886,-5.7217487340254545,2.151732941457254,-3.4982497942295048,6.672294270178263,0.7759830936721354,2.8385851957433768,4.326393396075325,0.14545637781908263,1.4894365488112074,-0.9203146837458825,1.6678508424653506,-0.5914794442057916,-0.7012912119634417,-1.9629397376088835,-2.126172535410266,0.5779234391841628,1.0086873840039616,2.3899860249774507,5.160647049474786,1.2314531584818227,0.6851308336150519,-2.6711547665776387,0.855941457585028,4.219700624016443,1.555747145513994,0.011168231545329272,-5.66015221923179,0.06109314266791635,1.4146331981082167,2.324899188155819,2.766785199864561,3.330716952817879,2.879969598050718,-3.065579254285689,1.941979944951165,4.188454036451695,0.2894839936110761,-3.2423450885429355,-4.828110483279481,2.4863508789052293,1.5291313193019849,2.973466220394075,1.2918800378025326,-2.4925991820602182,0.6219898605945651,1.2622889378959865,2.6823086192148,2.0533600112478676,2.2863095433798493,-2.023176388857062,-4.764587952903172,-1.863194638791096,1.5351586615966013,1.7199262565011793,1.463087239644163,0.5267467847382454,2.9118958923193703,2.733320895268857,-4.312579603209377,-9.457897871268575,-5.699564074256843,-2.0827363004764456,-1.2481763225191878,-0.09381656698234084,1.6157645153697269,1.9522698503880427,2.020073381947989,-0.4920635639674839,0.41952820768326315,-2.9898782439400997,-1.3280430328452386,2.0238041592047966,7.32471798766027,-0.37420096857541085,0.8646589966206292,0.893303282603798,1.1746665204842481,-0.6443281438406324,-0.212662686570522,-0.5682485748274925,0.3824144795055063,6.207926942004144,-3.90977922910135,0.35804588552844346,-1.992380889881897,0.19130675111269185,0.5033558087548003,4.916546282814535,1.312880024399789,0.6531266980593434,0.4532657063602814,1.0141889551929222,-2.5819632862665007,0.17959125369508938,-4.2028286241988075,-1.2165678562785234,-0.36702691068480253,0.747929703345787,-3.8789905628294346,-4.824067095455077,1.2381557447858302,3.459800365312339,3.3784699415387673,-0.41052503299414583,-0.9822071553810652,0.9829674594965773,3.249321681177956,6.783199425323684,0.7693141492587009,-4.786858650500685,0.1637926135300625,1.4294835465475226,0.9428501585839034,2.9174260407695685,4.6014836853412975,1.1256620620669704,2.562980017321912,1.7350735377400512,-0.7545800040917386,-2.606671025483278,-3.2836904094122885,-4.54615041144912,0.9887813098885855,-0.07604980123104593,1.6148178698000053,2.306914681478793,4.635132737869612,1.3775456418855205,1.1419794340555693,-1.1212539354740712,-1.1703569197838146,-3.4952112469202703,-0.5202907964944582,0.6501455650954568,-1.8403561892475504,-1.5750623256678937,1.6183672155696807,0.4970176317246797,4.03400474550061,3.7090078193925007,-1.3296067695998097,-3.1671401957714758,-2.3513560189285414,-3.6218425474302034,-2.9311426977747077,0.5955271735871985,-2.533352431035333,1.000588692104717,1.3776708495593952,0.28690987769478654,0.18075080624586073,-3.5694654798051437,-0.7089128008505334,-2.2534756030426126,-1.184523680397551,-2.0943734684696556,-0.7922638111670394,0.9122363354115469,0.39536579199837535,0.49115000363931993,1.2035247459340597,1.4527197704455401,2.9753369880243907,-0.1501841063551349,-2.6843368540927908,-2.383210841570913,2.4844844453937847,2.2240996308235514,-0.7094570752984969,-1.8328480069810333,-0.018335690932052905,-0.6761971090521085,2.099107475424881,1.6121988919705068,0.5971133620445657,-1.4796364243791043,0.28499197503445944,-0.37326631081741835,-4.878822047841243,-2.576589560422772,-0.06905886770908838,-1.395061015425749,-2.691055357227412,-1.7613086772467734,1.6826503210617392,1.5260766113224316,2.845877276366798,-0.7572001119166566,4.914256176009417,1.3496190295403876,-3.8571632176853354,-2.2603194638868693,0.08213598996996349,-0.066625303110099,-1.6418684052171677,2.4634362342546483,0.43369244129626766,2.374742536147966,4.05576752100089,0.17714222721202696,0.11578662562943895,0.8248156591670577,0.1517344122787067,4.897823396889449,-1.0600196688071502,-0.204111377038401,-3.470418204653091,-1.3788225117413708,0.5122831821571523,3.496478527150895,3.090187587526335,0.8413505371463375,2.581803194104653,-1.7639877284245944,0.08393239032808142,-1.8110060523366291,-6.498569767546371,-5.5206788376230715,0.14634846760242096,3.2744496352305568,1.1124559606747562,2.381435864266981,2.086899447969498,-3.0919294920767504,1.2165982841769356,-2.4961554467994973,-0.895677101056907,-1.506684487538587,-5.477347403129196,-1.2171865426142927,-0.22548796922630926,2.665447737524392,1.0154856913184531,3.0712923221710864,3.8704387951495844,-1.0715106952458067,2.7558934731738827,0.6326285177636102,-0.6823087687449575,-1.644419517378693,-2.6778286093862596,-2.3611638707463585,1.2221235467741134,-1.7979955594929264,1.1715501636757948,-0.029490611698406537,-2.757440665491224,-4.518313080780345,4.894075462755782,4.062483541408207,-3.1200613400750568,-4.436068340088438,-2.5701328734480473,3.939634480741707,3.870541674148587,1.601555985509641,0.5749455567958817,-0.23514967818215687,-0.8520787310092566,-3.2248036155365294,5.6485295825041835,5.924212505901245,-3.1826609647966966,-4.027121815207213,-0.257518850081766,7.335541854234416,-0.21352627371151323,-4.589679587001867,1.0931386796135576,0.07318121229152882,1.85246665833598,-0.26931507213569117,3.978367337989019,1.362243165789467,-3.296911402814753,-10.667421700084686,-3.91004682743173,7.379827133229424,-2.4458552126588162,-2.3711892607816,0.8466106343896994,-0.4540143191829223,0.5841877332629436,-1.992261227617551,4.52557989839463,4.160719127678729,4.779412650925731,-3.418120314792133,-1.0732598771736512,0.14392237425875973,-3.050619902595064,1.5380585701441138,0.24056889465186146,-1.6188052354775848,3.0266051530291227,-1.2031947471382414,2.253308411405357,3.9084140591439724,-1.5869904158410943,-2.9435047748080367,-0.024863768439744093,0.5798085075670067,-1.3205992684462713,6.889428282682845,0.8983939395830506,-2.705029405136676,3.5022968667091647,-1.1380141620882505,3.5956375292158382,5.958697728427408,2.9391042474871814,-3.7884822778194502,-3.245763999696266,2.9343737626584927,-4.280755597515873,0.7601241668251384,,,,,,,,,,,,,,,,,,,,,,,,,,,,,,,,,,,,,,,,,,,,,,,,,,,,,,,,,,,,,,,,,,,,,,,,,,,,,,,,,,,,,,,,,,,,,,,,,,,,,,,,,,,,,,,,,,,,,,,,,,,,,,,,,,,,,,,,,,,,,,,,,,,,,,,,,,,,,,,,,,,,,,,,,,,,,,,,,,,,,,,,,,,,,,,,,,,,,,,,,,,,,,,,,,,,,,,,,,,,,,,,,,,,,,,,,,,,,,,,,,,,,,,,,,,,,,,,,,,,,,,,,,,,,,,,,,,,,,,,,,,,,,,,,,,,,,,,,,,,,,,,,,,,,,,,,,,,,,,,,,,,,,,,,,,,,,,,,,,,,,,,,,,,,,,,,,,,,,,,,,,,,,,,,,,,,,,,,,,,,,,,,,,,,,,,,,,,,,,,,,,,,,,,,,,,,,,,,,,,,,,,,,,,,,,,,,,,,,,,,,,,,,,,,,,,,,,,,,,,,,,,,,,,,,,,,,,,,,,,,,,,,,,,,,,,,,,,,,,,,,,,,,,,,,,,,,,,,,,,,,,,,,,,,,,,,,,,,,,,,,,,,,,,,,,,,,,,,,,,,,,,,,,,,,,,,,,,,,,,,,,,,,,,,,,,,,,,,,,,,,,,,,,,,,,,,,,,,,,,,,,,,,,,,,,,,,,,,,,,,,,,,,,,,,,,,,,,,,,,,,,,,,,,,,,,,,,,,,,,,,,,,,,,,,,,,,,,,,,,,,,,,,,,,,,,,,,,,,,,,,,,,,,,,,,,,,,,,,,,,,,,,,,,,,,,,,,,,,,,,,,,,,,,,,,,,,,,,,,,,,,,,,,,,,,,,,,,,,,,,,,,,,,,,,,,,,,,,,,,,,,,,,,,,,,,,,,,,,,,,,,,,,,,,,,,,,,,,,,,,,,,,,,,,,,,,,,,,,,,,,,,,,,,,,,,,,,,,,,,,,,,,,,,,,,,,,,,,,,,,,,,,,,,,,,,,,,,,,,,,,,,,,,,,,,,,,,,,,,,,,,,,,,,,,,,,,,,,,,,,,,,,,,,,,,,,,,,,,,,,,,,,,,,,,,,,,,,,,,,,,,,,,,,,,,,,,,,,,,,,,,,,,,,,,,,,,,,,,,,,,,,,,,,,,,,,,,,,,,,,,,,,,,,,,,,,,,,,,,,,,,,,,,,,,,,,,,,,,,,,,,,,,,,,,,,,,,,,,,,,,,,,,,,,,,,,,,,,,,,,,,,,,,,,,,,,,,,,,,,,,,,,,,,,,,,,,,,,,,,,,,,,,,,,,,,,,,,,,,,,,,,,,,,,,,,,,,,,,,,,,,,,,,,,,,,,,,,,,,,,,,,,,,,,,,,,,,,,,,,,,,,,,,,,,,,,,,,,,,,,,,,,,,,,,,,,,,,,,,,,,,,,,,,,,,,,,,,,,,,,,,,,,,,,,,,,,,,,,,,,,,,,,,,,,,,,,,,,,,,,,,,,,,,,,,,,,,,,,,,,,,,,,,,,,,,,,,,,,,,,,,,,,,,,,,,,,,,,,,,,,,,,,,,,,,,,,,,,,,,,,,,,,,,,,,,,,,,,,,,,,,,,,,,,,,,,,,,,,,,,,,,,,,,,,,,,,,,,,,,,,,,,,,,,,,,,,,,,,,,,,,,,,,,,,,,,,,,,,,,,,,,,,,,,,,,,,,,,,,,,,,,,,,,,,,,,,,,,,,,,,,,,,,,,,,,,,,,,,,,,,,,,,,,,,,,,,,,,,,,,,,,,,,,,,,,,,,,,,,,,,,,,,,,,,,,,,,,,,,,,,,,,,,,,,,,,,,,,,,,,,,,,,,,,,,,,,,,,,,,,,,,,,,,,,,,,,,,,,,,,,,,,,,,,,,,,,,,,,,,,,,,,,,,,,,,,,,,,,,,,,,,,,,,,,,,,,,,,,,,,,,,,,,,,,,,,,,,,,,,,,,,,,,,,,,,,,,,,,,,,,,,,,,,,,,,,,,,,,,,,,,,,,,,,,,,,,,,,,,,,,,,,,,,,,,,,,,,,,,,,,,,,,,,,,,,,,,,,,,,,,,,,,,,,,,,,,,,,,,,,,,,,,,,,,,,,,,,,,,,,,,,,,,,,,,,,,,,,,,,,,,,,,,,,,,,,,,,,,,,,,,,,,,,,,,,,,,,,,,,,,,,,,,,,,,,,,,,,,,,,,,,,,,,,,,,,,,,,,,,,,,,,,,,,,,,,,,,,,,,,,,,,,,,,,,,,,,,,,,,,,,,,,,,,,,,,,,,,,,,,,,,,,,,,,,,,,,,,,,,,,,,,,,,,,,,,,,,,,,,,,,,,,,,,,,,,,,,,,,,,,,,,,,,,,,,,,,,,,,,,,,,,,,,,,,,,,,,,,,,,,,,,,,,,,,,,,,,,,,,,,,,,,,,,,,,,,,,,,,,,,,,,,,,,,,,,,,,,,,,,,,,,,,,,,,,,,,,,,,,,,,,,,,,,,,,,,,,,,,,,,,,,,,,,,,,,,,,,,,,,,,,,,,,,,,,,,,,,,,,,,,,,,,,,,,,,,,,,,,,,,,,,,,,,,,,,,,,,,,,,,,,,,,,,,,,,,,,,,,,,,,,,,,,,,,,,,,,,,,,,,,,,,,,,,,,,,,,,,,,,,,,,,,,,,,,,,,,,,,,,,,,,,,,,,,,,,,,,,,,,,,,,,,,,,,,,,,,,,,,,,,,,,,,,,,,,,,,,,,,,,,,,,,,,,,,,,,,,,,,,,,,,,,,,,,,,,,,,,,,,,,,,,,,,,,,,,,,,,,,,,,,,,,,,,,,,,,,
27,0.0,2.683628450958144,3.262811447335562,4.226643340068344,-1.9528378717709762,-4.388950696578235,3.548675652617004,1.518439775671524,-7.162241312082296,2.148572248075799,-1.6857675521447402,-5.35494152145185,-0.4757457957555452,2.3775006797102343,1.8637762265421898,2.551685069321543,1.1031717199638216,-0.26176549077570727,3.533806087625078,5.29064032950357,-5.937395557782462,-4.336965161009811,-1.6152629239782705,-7.21206636290525,0.15011002053949193,2.1060052391679616,1.3890982857028242,1.7711056933272558,0.34565152458140236,-1.205898058039379,0.6827776312159686,-4.2390453721324795,-3.17410624922433,-2.772033985156774,-0.6775045450007902,-0.8364195462885528,-0.024653423838640293,2.582750441454251,1.917502352341341,4.266444090190641,1.3829646043398018,0.1638922877290621,-0.09885378935480664,-1.0240952624701414,-3.144635756357737,-2.6114253206466365,-1.2989077450744455,-6.291555253908208,3.027173119286278,1.90215280057111,0.6137641376532205,0.9693836968656063,1.1894178831703581,-0.3078637975471541,-3.7733353551092597,0.2210987471915238,2.428013173575636,-4.215374860788752,1.2782350246533367,0.8129266751669106,-2.4181285017063434,1.8612029011456355,-0.1441552998815227,3.2831921812472973,3.7215469464514315,0.7826531244677409,0.5252813749609484,-2.238098464402608,-3.2927968494101614,1.0029205647031616,3.13073400989515,-1.0573287302267895,1.9572119751921306,2.6422625113086826,1.3844343628387359,1.4154003434354963,2.3787237289025294,0.010006885633539605,0.156527264726922,0.1419266591592489,-2.376900389319121,2.942408266509013,-0.5145206735234873,2.19396473132965,-0.28998612938878193,2.296133916445481,0.10470348239771142,1.6518450478220794,1.0752523219540828,0.6509155489724335,3.9412985823898685,0.07868229479144935,-2.5130039312633294,-3.0730913070776373,-4.98367504071972,-5.474405490782418,1.1096853113874803,2.376825947323585,0.6245985313484054,3.8803170637386004,0.2511437344979458,1.2606326175034095,2.0866151255034446,1.9215616137155767,-1.5797746871321983,-3.094965091417662,-3.4820806661888706,-7.015638544332781,2.33990143322818,1.7104775750653318,0.4163209419696813,1.2192013730684443,-1.8865863061343577,0.34947158596727196,2.2344620193034666,-0.218486945852918,-0.9066980539871875,-0.792216494173584,2.6179708025738417,0.1305265469919734,-1.2579283123468294,1.7972044499758764,0.46182266451761583,3.343161640501519,1.9716562689180053,-6.169951905487643,0.0957076450145807,-0.9495071013122413,-0.8334402105383166,-2.206011007201729,-3.7642551129772936,-3.1862267170263348,-1.9229220301690237,2.034504974407077,0.49149820456643695,2.671851240617848,0.11164674530127529,-1.628620343531355,0.7008995304009349,-0.13425058202560208,-3.6194922990591922,-1.121496475652648,-0.542257289073389,-6.132995674038995,-1.1744985537666404,2.159913206228248,0.14597121053888437,3.797559431996927,0.6147883372611617,2.7150503320833583,3.2901955344708265,1.5969236634420927,1.8926764057578584,1.2302413288225396,-0.3162808725834792,-4.1463815331748695,-3.389850191215439,2.0497594815626408,-0.09575628949874421,3.620165642417714,0.8434733545311609,-0.19489389516162867,-0.8987003095049371,-1.9840852399855038,-1.2913358738731089,-2.609138230704842,-3.6440961852678537,-4.131987119526222,1.1258959700275548,2.150273408848696,1.0675175861080177,2.6444688415387563,1.555257290859557,1.535198148804366,-4.313633453230006,-1.2292217284107765,2.5474507910769852,0.9172102874599853,-2.7901603766145393,-4.145023866396729,-1.5650815203599633,2.2752469144500522,0.8536677772786669,1.883479791507043,3.911369476724133,3.4722712813080934,-1.3043645390193106,0.0812585379631233,-3.698128254857706,-0.38565644431378804,0.15718632964288548,-5.028309910417716,0.8924705009038582,1.5233810144689228,-0.38091765424373764,4.605566895092276,0.2990297240669432,-2.473463309851102,0.5781526717215252,0.34576703168062844,-2.6553092431568257,1.190703453385726,2.679578538904387,-0.10104857806585553,0.9475594267727159,1.8676017677741918,1.3677839505964033,3.5987845173429687,0.20750136865437493,2.645156997911874,4.142092006628987,2.4197093318201612,4.823041280337977,5.0688195213775185,5.579342130027487,2.303728149021934,-0.8285820121671175,2.269303046883586,-0.5773771766172163,1.5604842638928014,1.5820706085193195,1.0093816876234265,1.791715553965587,-4.781479646590094,-3.3561043420110988,0.0700208224488331,0.2984309553551527,4.540621036562193,-0.2108650657508055,1.786859244567709,-0.1334261082233858,2.4339833399561415,0.8187383828946143,-3.792542591044822,-1.0865786141823528,2.489710042873588,-1.5352286273702234,-0.547354075092912,-1.673239115001933,-2.627118857678785,3.3904789899342767,2.0363157472502764,0.0629126090013373,2.5184818440337473,0.7021996592711549,-1.2270962697069825,-0.5518298539178284,2.895349138191406,1.4008654879281446,2.500726867025811,0.16639608063214925,-5.594615482370315,-1.9211527504407702,2.4231750233399776,1.1068392637111546,2.657218908139217,-0.02697782787027853,1.7417212636375192,1.1558220231446552,3.110933669623402,-3.105877343085693,-2.537161085309084,-1.7159368672661532,-1.0192238977726584,0.14178474101135374,2.059871907850102,-0.20639073543247374,2.3004569248459346,0.42044359213889,-1.4286048917816616,1.0421503859216392,1.844354978788304,-0.2914808180773656,3.8933473726725287,5.335638534004064,2.3592621751351515,1.090655363174878,1.9686245013476888,0.37375618880960854,1.7845733585158257,0.4598919558944289,-3.0114845003220942,1.3085835099870091,0.02924024401755196,-1.732148298284545,0.1935513025426999,1.9031411210296494,0.9693123531065932,-0.668563516648897,1.9910829691535374,0.6111517679562938,2.2918780670435477,0.681624391642337,4.8748561631919864,-3.7877828158993014,-2.205666295894114,0.7558901715228122,-0.3826736311589518,3.3428510333402746,-0.6069599484826028,-0.30903707058754143,1.8438972557209636,0.9442221952765538,3.418631391194778,0.709478127581357,1.2137583405596883,-3.422919023359425,0.6510539382725264,-0.8499077007730029,3.5477494758349657,0.7327839571131964,0.5922356382464189,-0.21847981088299945,1.7467832091516937,0.43309447857627464,1.7235619921855625,1.7423578315134376,5.163132287959998,1.5154326507552942,0.504472402578234,-7.340482320475164,1.9818196121517402,-3.229766949997249,0.6333539681118788,3.196706125520843,2.1211702178036753,-0.5811280658451926,1.4472072699616993,0.6812850837879896,-0.021550956659612423,-1.2009356370734543,-4.673902430386874,-4.2328874362602855,-1.988329181173162,0.1973598850742599,-0.09817611744391,2.640346915829821,1.9027919791670431,1.401909879937316,4.34581489294283,0.9750803858164697,1.4286819477498514,3.745988092500801,0.3542339742853292,-0.8056819076595023,1.488420905051469,-1.6541520788204436,-2.220667199366345,0.6044134041993663,1.8075254049588036,0.322732343963699,3.414880383840574,3.156794587917932,3.448406034485769,1.6552441153139659,-2.246066271143969,-3.698598472458133,1.411828679293946,-0.8503944070202711,1.1642301832383175,-0.7609788468097762,2.0087277217130395,1.5663582681025898,3.369750029264534,2.652336725315281,2.5346030917750055,-1.5382404464978816,-0.6455541401002448,-1.389172143594541,-1.7542893559657873,-6.485636609104014,-4.496966668354651,1.3223104353919681,2.170105700525447,1.2357715709196544,3.931515043248579,-1.514540367945896,-0.972892726609586,1.0754766100663817,1.5858957721114066,1.672000190892752,2.9587087611837943,-2.9030708878572504,-4.795159331729633,-0.4855518698788869,2.3686299857389708,-0.37853254087554056,2.320546099271572,0.546940246968026,0.7160189527863592,1.547303768708784,0.5312331480017629,-2.2459993646641037,0.8517939234615503,-5.048528661695022,-1.1931325421051127,-0.31353816447969074,2.137561117295767,2.0485641289353764,3.252966306837855,1.0182119819492057,-3.865129698843067,1.9287225352894786,5.950730259449221,1.9638616962521025,1.9082648587163462,-3.596936143339474,0.22685422684653417,3.669670953728173,1.9123107945842788,1.546240780066884,5.590921968438462,0.3625942436879348,-0.9679343477812817,-1.1631693497505724,-1.001661330976451,-1.6261467307753434,-0.8551200309139735,0.6745984575286672,0.2467304655578643,1.4535340556513312,2.2120201144352882,1.0959105513859,4.010746347390002,-1.1976645904733272,-0.025806120914053803,0.2931246939145116,1.8191379123882614,-2.3675896339080595,-1.3961265214396414,-5.82919287410791,-5.61433941129218,1.0070579165076228,2.017029227196233,1.0230103724001811,1.5003655243687841,0.2157173014726661,1.1465364601333055,-0.04768904954813098,0.31466743007170395,0.6075715669622967,5.848630030690427,-0.9237696706740747,-2.191261571515413,2.3079245028726407,2.3077007630043247,1.4502290302832164,2.228485966485345,1.2184218344236488,-1.3304128722480475,-2.086804089355217,-0.9591460793185226,-2.5899050207620613,1.1392400156281026,-5.625832105591343,-3.4951307763374064,2.673292043825108,2.3158983163556726,1.4483142668536324,2.7306243841831983,-0.5686457487364692,0.7667572815373033,2.7241293470241246,-0.4853234351275232,-1.0397033686189567,-0.53159809530199,0.725120193274424,2.254527857376332,1.8076132432435168,2.2667106375487296,2.28397427982786,4.8459160296603905,-0.939894455870796,-2.2754011004805363,-2.898404147854153,0.5914644848991352,3.5692211334150428,5.596969643348638,-5.463164833442433,-3.793189600643894,1.890569627686249,1.8977213425119854,1.4567425204004003,3.5313829966385613,3.0632052180971407,-1.1620846878925646,1.7646541469939225,-1.7226658080012283,-2.8169058301876166,1.4796294832796597,-2.171455843715077,0.5211345678195489,0.5059511617381387,1.857226746938028,0.12993030713946768,0.9095284014069869,-1.4357753481172468,-1.0662978180234104,-0.6628574703550341,1.5318357531172273,3.2444655588772138,3.9899435808654804,-3.5105802642110984,-6.1401089286743575,0.4134949013576158,1.7633097403584534,2.0082366387560038,4.463210257253174,0.1437533991425862,-1.3296611601637351,-1.057938646617066,2.375407758748746,6.056582345701628,5.041758354535141,-4.310455808193914,-4.0505095168497505,-0.6349048088545348,1.7465042740486763,1.7340435310939528,4.1869921978933435,0.5469636489206285,-1.800837528771737,-1.8987789948716751,0.14591543325851547,1.4092888434443183,4.7905337638473116,-2.153541350460756,-2.787458155103149,-0.17186844779237942,1.5614023679451687,-0.46697718383632375,1.0610178586202277,-1.3374668605126383,-2.704843536590244,-3.5875064105657994,1.1116471807317998,0.69833009398664,4.140359731243588,1.3066561108107828,-4.3855890088513885,2.0747612746384525,1.7768254191532367,0.9259861497646125,4.213129674439475,5.0119274040185635,2.6847766276948932,-1.5827813129933217,-0.3638604528129956,-0.6465647450426388,1.889616101764893,0.36241457906891195,-4.629564020082161,0.2141017166432468,1.71673484579689,-0.512972807866317,2.584507477428916,1.350827294084819,1.9552948625240607,0.5317661214289435,0.37902508394362555,-1.1156796181664594,-0.33265352948841787,1.4328476396190426,0.004899057314316914,1.680890786328158,1.8417957566081389,1.1614027266443767,2.7704356205069347,-0.4403184130744822,0.31541327888904447,-0.4634094505619238,-0.0905293705034414,1.9753263637083875,-0.5410839748425981,-0.907523397592943,-1.2750734898801122,-0.8739494616833877,1.9408297440944888,0.05450970124774374,3.124316547556909,1.1605514070495513,0.06156958425254101,-1.3395503618932332,0.702448580545943,0.0617859788584274,-2.6175708740585275,-6.1642984782327055,-1.3109963054614662,-0.6307257895900867,1.4698155997537206,0.9974751512161072,3.268246219044763,3.193497167731404,-2.3022060649117333,-0.029357158074166747,0.8844380912720898,1.14406372535111,3.66221442140655,-7.456106906544524,-6.773838908333929,-1.453923798656794,1.7686131079630785,0.7799303002575374,4.426063316084247,0.3935210727393876,-1.2486884479553566,-1.1590163572214478,-2.5207243821720473,-1.4655937641376768,4.187541904729268,-2.676116175976591,-2.350626121935393,-0.6752616524948587,1.618816818133633,-0.656626989907135,2.4185308392309204,3.5044596553410923,-1.0751472359789245,-1.1409660296671116,1.6308475169854544,-3.0247234480251075,-1.4089563194520698,2.5966454922628537,1.0662089930212242,-0.16869531803619656,1.4163604952109252,0.408675367100207,5.221970408904293,3.1084853886005783,1.51160363937571,2.1470355469943385,-1.3386868058921961,-3.4831297615141197,-4.9253856580479685,-2.000609376934331,-0.4638026335505791,0.7954141029591678,1.479589891227778,2.202994687286106,5.4392787888311185,2.1724251118508007,-0.7428050848168456,1.4136879609676336,3.0795729675294625,0.5714681661818131,0.03607983451567446,2.264915333922794,-3.223458868414477,-1.8992603682479547,1.9459880630882018,0.6244685575022334,2.263617011401373,1.9935520441163823,0.16198707780424068,0.9029285582570167,3.145523112059156,-2.8384485723798845,-0.8286920537360117,-0.4261686462111137,1.156390087224985,0.28706726318833176,1.9158295266838716,-0.03292301809684082,3.5460238203809893,2.977298194198412,-1.2682945448314626,-0.7457535231391085,-1.5848259692591375,-4.025759541948678,-1.6565319807829308,0.6136196662021847,-1.7418334428506625,3.268891373741866,1.8184973005686031,2.3384561452104333,2.658353871880389,-1.2794303966930003,-0.9673765253517302,-0.6040285908291341,0.21527548858258613,-5.0757551859577905,-5.8367489439099804,-2.604519685702615,-3.5656766324488247,0.3302733994421529,1.6529261247668567,1.0742534152393364,3.3593535095483995,-1.1364119509202975,0.8969709276099127,-1.231070773658651,-0.32509844943183236,2.737462405502896,3.103872065031923,3.740764552759826,1.3616678921265122,-0.9037856886758796,2.0430986011225976,0.5353032259996037,4.423938163936994,2.292198512442861,2.2889791285036285,-0.9619672395920619,-3.8887285368696154,-2.239533677671924,2.1200751955633836,2.742453296424243,-1.1890298627825096,1.7743163360753047,1.4900073849428275,0.5679917327663242,2.2274630044371797,0.441556281693883,1.6780518409311616,0.5761281114251898,2.071326448714001,-2.17329640286835,2.4213881973611726,-0.8686083948941989,-3.5162979617052654,-0.04486201088039847,1.428393900308741,0.4242197991086819,3.014497965294674,3.65816683356759,0.05161525698339547,-2.8440346219711743,-2.175900399202563,-5.541813697322901,3.885625328699304,1.3571554695386077,-3.322088591206195,-2.9343639911682207,1.8175107677993398,0.8735114502508923,4.223565307960562,2.0189821253569162,0.17550333005896193,-0.47307746836949727,-2.610626258810304,0.8481841903171675,-2.6259418439288793,-4.701181339845852,-4.3016349287933195,-1.2167775861832704,1.918103405825282,1.9510850383409992,2.871573364807389,-0.1544767963483361,-3.014778721069334,-0.8158048845562222,-3.522835060364676,-2.512891058703944,-1.69141559955944,1.967632400935915,2.4984785587981246,0.9459790205756103,2.1964161996269467,-0.31197039784063835,0.6983909513849783,0.24357040408947478,-1.3366741401589326,2.202794714463008,-0.3139030449157672,-2.1291231217408217,2.4445894029072486,0.2756058486011686,-3.604019259073645,-0.3730998207358579,1.4866479017024834,0.25520939881927546,0.8231858048770699,1.0723477713503329,1.8869417513307334,3.6120627384680666,-6.097023901442341,-1.2291087523322817,3.2610053048678713,-0.8279042547989144,0.3656500170405494,-1.4148594067595088,1.866874157806307,-0.1948589870294207,3.5354006966688267,4.565633889214376,0.26144726301898547,0.5157046208691539,6.035676780002624,2.444109846468592,5.3905488063328555,-1.34061756619778,-0.34101538361290434,0.5375181098466569,2.268303742917191,-0.05514790138570647,3.611519474533729,2.2697370347723367,-3.6980164829440643,-4.192728341808821,3.3908053555202216,3.163825946233372,1.429872411771359,-4.751507344670562,2.5213640359793312,3.531666539662747,3.572451325301681,0.5431004080238548,2.2406763047459197,3.248150994482082,-1.7574311551719621,-6.008245161481704,-0.45776514884134495,6.739148526183363,4.107143198043253,-0.30849446475753034,-6.490774703161743,-1.94452101785782,3.799570797574881,0.36529120406343685,3.166952467213148,3.497271692499555,-2.6751020935735967,-7.610694115802983,-0.233803349542096,2.103822690529104,1.70255109183615,-3.874251268500612,-4.973615591702715,-2.648065805840767,2.7775233491597673,2.1431396022309888,8.75773710869851,2.7301398162525827,-2.7288785914752802,-5.9763418786617235,4.871086278353448,-0.5399272833252573,-10.483256979624628,-4.04985337877381,-4.029082969888014,5.183573538783063,2.4005910628334486,0.29107120205226145,7.885477521331449,3.207063981089016,1.0794902832288897,-2.0662812115762965,1.3908952027468664,-3.3446386650588367,-5.821513629208129,1.8064932776823437,0.3838973316934333,3.840688765170019,0.7105245912318134,0.3244976802057796,7.210277137012195,-2.503886942509143,3.0162475115412617,4.5910057830714415,4.221244839819406,4.829445292503988,4.6887803631989975,2.4495177243518937,4.04288506339901,9.25007057961424,1.2343447341398335,3.56766355502851,6.147625425746798,-6.426114564416804,5.0299938305987375,-1.220344207766572,3.0081481467320765,3.325562253237829,3.267307146274304,-2.2206289912432897,-0.29998830037902274,6.876953290113088,0.8180661509581993,4.50602980187788,5.8967858371090385,-3.585382056803384,6.596466009454824,-4.2353745656106545,0.9175934342968889,-1.32349898499833,5.543312090452904,1.1953872969520443,-0.3483177672354527,6.9228497167423715,0.3907195501151493,6.146829323928532,5.772297556746001,-4.745600396211471,5.150572106391782,-6.040863261247675,6.371815140325914,0.3625203573435232,-4.1423078941934435,1.6752083329756842,3.3676987382421504,1.4543854391615574,0.6377127647278492,2.64579468571245,2.5895699338600555,-5.218136112187414,8.206928028905654,-3.2419429410748126,6.46175274311281,4.531612309167433,1.6195407356105063,1.1218309662077053,1.7115905296261318,1.6185239160890608,1.642719685032748,5.0093823995394935,2.105459759950518,-5.808227420536748,3.8156469233780044,-10.207669369832372,-2.1547243531145055,-5.335868751052882,-3.816029145205019,-1.0282924597893977,-2.0730959267121722,-4.271446825473932,1.9511412567947743,5.866343883621192,1.438123783293021,-3.345241139991431,0.8379674627665323,-9.721378709500526,0.6289593468882843,-3.983925702442114,-1.0562834516161563,0.16991529991596244,-3.3881638728650874,-2.182727759096501,1.526348034434145,5.938170866603564,3.4720853490790726,-1.174167027883449,1.1887901043654867,-12.82552732356636,-1.248719910514039,-4.579580524629108,0.3141140539318805,-0.255896070698846,-2.897870780836814,-0.5214750326105547,1.548341107997628,4.406555953650231,-0.09968889645471757,-6.315871785560667,0.35782476681917014,-7.865332078146846,0.18851151253071352,-5.086957721061592,0.4628504577568618,-1.3058335971305206,1.7835195467569924,1.897747939881993,1.8405472577968864,4.376939013039183,2.4393819079468604,-3.896410625054374,0.1579245153293907,-9.681087823339034,0.5225879968645074,-0.5447141497159637,2.08719772203994,0.5071308141716969,-0.059255162523955025,1.2355165975769071,2.3254608497757974,4.077482314859211,2.1084144951815533,-1.3414058789718692,2.518808813208595,-4.665281475994517,-1.093228191211481,-3.938210055129587,-0.4853520362459014,-2.8767119090717657,-1.8379695937269451,1.6578321093170514,1.7258271199030866,3.552410799918174,3.5531777426560494,-0.45468155430644963,0.9788817255810073,-8.244497754419045,-1.621705101522138,-5.95033544469778,1.9708975976838246,-4.472012312502234,-1.5097262168017076,4.143934341296168,2.1611858652287594,2.115842705167275,2.640660005521993,-0.2795328084148376,1.2276926837688187,-9.01766994389121,-0.3968106667778855,-1.9578183205540418,-0.35694000027695283,0.030547672201587318,-1.230184841310894,0.291274390652476,1.662840470343415,2.5532838009978014,5.694021756097633,2.9190610786867026,6.08058397113169,-0.854181610104595,4.521510098498662,-3.9062818013327245,1.0637055589691995,-2.1121320243117476,-6.138718558662343,1.1835385314465152,1.864193446235605,2.526458794230484,3.249212230883242,1.0182666354692391,5.574689970726785,-3.6790378279017832,0.286355136812028,0.48927612793309333,6.620785669355225,-0.29572110554668696,-0.5941527907761597,1.8971454352251698,1.7727412709790964,2.0696156357870525,4.849469341133789,1.3552423009409174,0.4316737102157477,0.3588919041888542,2.766061323637273,-4.387699347164746,-3.299933644202151,-3.787556501495569,-3.4253467277732104,2.317400001507073,1.6481424339916704,2.197336892119406,7.305407994085584,0.35553048031597756,-1.3416706326426977,4.354306217972373,6.181105249676191,-2.816422255647086,-5.038499199137498,-4.278147266561403,-5.399746420512859,0.3179077346389069,1.608427566546614,1.258687478314148,3.003604776531612,0.3978015724755884,-1.0573245704988699,-1.6684846298815432,-0.5140008499246542,1.8984179769132705,2.9071377456123253,1.079438971223229,-3.1468812035386327,1.4509887742980088,2.462435076096594,1.5358930692352077,1.2026001601844076,-0.17457634640912145,2.3138161090358107,2.058632904994381,1.8461914222044722,-1.8751807055980312,3.259249237636834,2.5051707064684643,-2.889274242146792,-2.8046164519090317,1.3466535364952232,1.454756795615544,3.3815671666578955,0.26726087790778014,2.1118152829528998,-1.5702513825911488,-1.9579662797471227,-1.3394398004773216,-1.8320671998050333,1.3228692752835698,-0.44583612995124006,-0.4320961553003404,2.0735904792880375,1.4100477392355648,3.0812138578048933,-3.903698056480579,-0.9913786926594874,4.235887502338164,4.106827715306597,1.6187904317745865,2.428652944080259,-0.09701257169077064,-2.994504863919269,2.432452383547467,2.3008885991326826,1.254337508423228,2.0508688438077782,-1.724744034367437,0.8270385238758563,-1.2968816821213474,-8.700000195028291,-0.03809364421419888,5.400064937944684,-0.814583315391911,-1.422660489102577,-1.9433193435770193,1.9848982209116648,0.13610140510423646,2.584449752042915,2.174548944549299,0.5518482927802687,1.6151613433267995,-0.5735068145842913,0.6464209688039786,3.057749276909679,-1.213911067851046,-5.144143286141469,-5.899397212077152,1.7947060338168095,-0.20916217910898238,1.7659145788561414,-1.6431933682249507,-2.777150966293258,0.48524562448571784,1.6086741601280063,-0.028693269492237335,-0.6577073434251953,1.401686320247567,0.9260600317831726,1.461206848104157,1.7109383897565777,0.41266235148587976,1.539318036143011,1.1818739155952516,-2.774586824884011,-2.0557600177613917,-2.794524839873058,-1.024137105432973,-0.03865530516733905,1.2300873701468689,3.430158452909838,0.02705568405806246,2.070954958509624,-0.7507063164531658,2.203641298719194,-0.5038935855571959,-3.543349563037004,-2.465549005148651,-2.142492540084081,1.0056091499592106,0.22485055394544634,-3.11897665656625,-6.3678215612942894,2.9892623057481473,1.1141736883637265,1.6014998537821843,5.894455038695761,-3.4509750595878965,3.5201208813824896,-0.06254520333693886,-0.6640944820139348,1.9587703599208999,-0.5489775524419763,0.25084447776377455,-3.322455483124785,-4.0311490779887045,1.63217469990207,-1.095534382180633,4.354359599895646,-3.189756685429502,0.07999071112908054,-0.4158528556297907,-4.064789498487229,2.5148258723620134,-2.105793247680437,2.0751376919953524,-1.3762607468924475,0.10474220257801994,0.809060441152868,-0.754624319009973,2.20659575531579,-4.430491187112853,0.4027986247248983,-3.497403019004379,-2.554754940219813,3.9203501534075778,-1.5058594363284532,-1.3907570300131205,-0.5693970910706421,-1.974476223549093,1.4297095614227522,3.499457051638713,4.107321472306565,1.0590003120844884,0.3740186826241332,0.6144452057605339,-5.304688653046789,-1.0597510373203092,-5.177044966496111,0.034674018191451855,2.419345311314176,-2.8546728795363165,1.2105869786769732,1.2904601227572998,1.20872868857969,0.6431243213413682,-0.08761897926732304,2.768098335801561,-2.9943697362690744,-3.0100540472842763,-0.17450903144443716,0.5601656395018333,4.065140943360803,1.3400044926931902,1.7441227051488666,2.0470411845615826,4.462393716895681,2.9932658851726175,0.8869986517395775,0.33277696693366227,-2.4675999522554113,1.1943584937905047,-0.32360149490859774,-0.44995021074709085,-2.3484872480754078,-1.923907737672633,1.3491859044084036,0.7009262490931002,1.7775644813847276,2.657961571475615,0.9850894853280057,0.08936845464604302,-1.5900270838338468,-2.4609789814189815,4.602681185095392,-1.9512365689565145,-1.1901533830321582,3.746444615426989,1.4375203892680992,-0.013851723785184242,1.498650458029226,5.167440710022844,3.8544944752190466,2.795432960093821,1.0932525963998947,-7.334524168553069,1.4256587051032559,-1.2999544254181479,-1.0170443028524434,-0.5356964553956955,1.810850176988584,0.8519218996230107,-0.3103155893412527,0.05510397816346878,-3.093747459288764,-1.149191364706323,-0.35365410096354666,0.9698002611284359,0.09259053545521168,0.9290144732595049,-2.7132129713090323,0.343908867805917,1.7318525783988235,0.8173208809894583,3.494366921543881,-1.5554401381130385,0.02264023191402134,2.5736469050070903,2.088387321022474,-3.59280405631774,-3.7630916394735845,-5.295875109891976,-0.9313505354472691,2.3903064012299766,2.289246024243953,1.0842495356497153,2.181466150787677,-3.349518292498511,-0.5126806499322061,-1.0272725196847212,-1.7261336102032292,-0.1791809294545418,-2.206034771630586,-1.2194547439988694,-5.613765993047799,-0.231959254108899,1.0688539419340393,-0.3704935419227986,2.0346825545524863,0.8180609491539392,3.7184289012271714,-0.4577559989776718,3.4019078378459535,6.646140304139768,3.767009625713408,3.461706621398509,-2.244200376873292,-0.43308167838919265,1.9343452814699578,0.20673200107768508,3.691136185681363,2.227366477666683,2.372922786010501,-0.34720094966616033,-4.525205279813349,-2.3997802970523723,0.6014851842300419,1.8676113236279213,-0.7851838750398732,-2.9588431340767567,1.761345507956305,0.4920174531920171,2.3366936421019564,-1.7375536488958367,-0.15540368933322007,3.477612594308933,3.897903450702468,-2.3959375819797266,0.35348072298770655,-4.1394079114962965,-5.724199082114109,-4.475947369173035,1.8602142050019224,2.3941838150255155,4.451466289206648,1.7891060622324448,1.7281232152696842,-2.6812437829685143,2.0426117358936007,-3.2022225608180843,-4.698545378207329,-1.0682038464938757,0.31824625023746533,-1.6062976199690586,1.7897537412830749,1.1292696376360123,3.8643283369582697,-0.6915477623078629,-0.5757645594243114,-0.28621663987992074,-4.4743077949357435,-4.4129551923926265,1.6607847901924717,2.633964017525653,-2.764558207489814,-2.0768399248231693,1.5732148181819943,0.8170352000264521,4.368220682345872,1.3509734651397787,-3.8983477365803947,-1.6190987870921316,-1.2960682360532336,-1.3703440759355918,4.495930295546581,2.3944461594388984,-1.9089403024304494,-0.820662642345422,2.297843737388643,1.8277702719748006,3.9749534703908536,-5.576800393002737,-4.784014167790289,-1.5313896786259964,2.064554717977824,-3.012651181245507,10.245810986171973,3.510906468147382,-2.11329699726269,3.3688000077813576,1.5551448644285575,1.17751076473971,3.3787419595284924,-1.612256132565001,-1.983776162871401,-2.2754867324374897,-0.8961947904816403,-6.765229131004249,2.3759143477551428,2.550555831738961,1.3032949584287794,0.4690816958978175,1.968050907889994,0.48920775263695954,4.847847671872451,3.570528673605514,0.43793711064361285,0.15105657757897423,-0.6559598642838913,-4.725240416886064,-2.409915771422487,-3.726496909256828,-4.971839700470295,1.362921682279378,2.483830728989662,1.6284259386820008,2.4263091909012497,0.2437988229975534,0.5427732491692816,-4.251068229539226,-1.3647172293776195,-0.9377078462179772,-6.661609943667318,0.29553291602544873,-3.52578566926361,-0.4446349911350841,2.099234904440059,1.3866424577221423,2.632550450313886,-2.3450915061500157,-4.675171820585087,-3.2506196378255443,-1.7094162555070156,-4.429681135538854,0.2780631485184176,-2.2703319097848893,-2.069709073038783,3.638806506828222,1.4686990223189502,-1.4302777933314046,-0.9391888877646939,1.3331152081181872,-0.8136298321515275,-1.571098613424251,-2.8785463257865804,-4.445531746982362,-1.2507849087493226,-2.4176366192295324,-3.056241376718261,1.501142449930588,2.383351800957442,-2.342894813322669,-0.06585243712074448,2.3563715619560996,0.954292764605242,6.33887784730144,1.583000332494717,-4.844365141041208,-0.5055082652311136,2.0330054848917234,0.9466121506077413,-0.8170993448098633,2.4030412415687428,-3.63550282433269,-0.8320195876756907,2.1520898853160464,-3.6280412079905053,5.370045458878744,4.748404536152095,-1.9342211408466745,1.6918401075591172,1.4418368368951502,-1.8422999229326291,-0.04021406347864193,2.0603493756134363,-2.31983227913408,-0.2634083909947244,2.2559198002173093,-5.204591338264825,1.3870005308656759,4.744302562993668,3.8781218154592314,4.296402621945419,3.804151198800137,-4.194704438455024,-3.0434091082099153,2.1810990761655704,-1.959841796414941,0.4034987385532494,1.82062429817299,-3.8167186634955623,0.9578489513215098,7.500916820799096,-0.0014821089766422694,-0.7682399892151102,0.15289796406508013,-3.4126776877357656,1.4638435985877847,2.4971312586636536,-3.944710202464636,-0.14479181527758858,3.6340409171936714,-2.4136350342001247,3.7500280815965534,7.34981235602397,1.2740504259762224,-2.039357390166363,-0.30486315248116896,-3.3602149979149236,-1.583537917665293,3.0621768792758313,-3.8026381894979546,-1.2911122627923652,4.005885116986344,-3.745024735824129,3.199165487202553,7.111766650515173,-2.946368178651856,-1.9821277592597046,-1.181715671411908,-4.087216364566181,-1.4513292552577752,2.5565928363631834,-6.033312846584378,-1.2586616575093048,3.9680490491851743,-4.418176247368063,3.5724899328024846,6.072145915146924,-3.107772721428506,-0.15105959261965163,-1.3249521424826334,-2.514619028991609,0.44073648036434376,2.372397696339242,-6.624227944688707,-3.521014829769089,3.653861526246067,-3.732828905750442,2.076252859677332,7.256064994733817,-2.52013076074928,-4.24304355626462,-0.575683915450962,-0.7446203538038673,-0.33795639333385064,2.2914372583712512,-6.099853052702112,-2.7683507043511444,3.800420413662098,-2.244516638099462,0.993638908083433,6.3245578391473805,-2.8069634601670823,-8.179329967955582,-0.2885365103217092,0.9575353269281094,-4.015622333249254,2.183377869565588,-5.9793294058557445,-2.306750240648719,6.714538233556265,-1.191413361517703,1.0272311139853407,9.349105831757281,-6.741559501822498,-7.836677202066734,-0.42417636739467907,1.5970458420623392,-1.19285132333671,1.8111895101522208,-7.857522264732485,-3.8349677052789373,4.904024003827409,-3.3424259573944,1.9139294371390967,8.41750440266927,-5.272185837692054,-6.341042151233477,-0.5239753820875416,4.036493812558044,-3.560772335686651,2.442239584296542,-6.932411708777648,-2.250325576857733,4.19009147076976,-3.6810319576908337,-0.1966179370446823,8.744179698404883,-6.360102958689555,-6.853437168764674,-0.8196053584857744,2.3365791711816786,-3.7324858628437205,2.2314072715147324,-7.358729219922461,-1.5808995084625495,3.7587652668599505,-2.0747041133320927,0.8375257805919453,8.363819393489962,-3.6105542661549954,-7.522630796203576,2.7912696110709194,2.919801355410169,0.10386354579295326,2.3881233593778703,-7.976889489069824,-2.384176035985041,3.1823177867849406,-3.489067401206697,-0.38579761242167626,8.668532504891779,-5.977894469184016,-10.788059637711587,0.32808726040548974,0.448833718203832,-1.1423067890980936,2.5741558837102643,-8.217080505989077,-2.363704720670495,1.8576882539464246,-3.2735493565972567,-0.17826800169537213,6.164806689427548,-2.6884373167808393,-11.123929797963918,-1.11383334150746,-0.4364669305035009,-1.0352135327963061,1.985264047207497,-8.086204440686757,-3.187778472040781,0.6995322586069892,-0.03788947260295637,1.3956748099256016,10.481709670899274,5.450514553042993,-4.895794402064244,3.080512497721747,0.469809094726315,-1.2040272606700393,2.983756478674664,-6.056050075433051,-1.3158914791880936,-0.7566642861460875,1.4232245927427285,-3.493751021814126,7.146876108189832,8.97193614874787,-6.8837628021403825,2.412149354895133,1.2123717114598076,-2.6527586854344856,2.9178057972953666,-5.873084410583351,-1.8443286920517177,-2.0956735396652637,-3.6084572610615178,-7.80697611010699,4.904969179165299,10.51610965023289,-6.103512650658928,-2.038839934807864,-2.595237958627739,-6.524905307239509,3.012183353400131,-5.300503171336558,-1.866523767207576,-2.131219274440753,-4.577785119532414,-7.9719289628808925,6.461790642463864,8.285916718350842,-4.249251072863362,-2.3146642810222584,0.9613923174263208,-3.841389010172527,3.0344260716469287,-5.503544835251692,0.16871739085423376,-1.1618865884469607,-3.938692926969874,-1.6505086547675636,6.391107313780748,3.792173010895195,-6.4921157866684,0.6646789137647745,3.307662912347739,-3.369502164322893,3.2911720937234414,-4.754333571187398,-1.5328612242330433,-1.6865816477935756,-1.195289972652874,-0.7938614712034355,4.518745607540242,6.639840691983463,-3.6013974023398,0.5912995028387448,3.1131854493250417,2.0007012744056647,3.2942941596582274,-4.891226026352512,-2.045349574962596,-4.276614788437488,-3.8801571626337448,-1.9793205229923598,6.414539263774138,4.3659421534292155,-6.705519730422923,0.28303311555423133,1.7208508533717584,0.9827215153456486,3.0376593237808365,-3.4239581408746953,-0.3477510138655402,-2.85990824710546,-6.278419167026388,-0.24223544103301578,12.777446846758478,4.016441182300128,-7.297737001576659,1.2266183602403533,6.6780930139320835,-1.684039627050204,3.2858707598899004,-2.776550445380866,0.5898333173184274,-1.503032925944367,-2.278516792642913,3.7465758159152007,7.576242498757613,3.1232400385724515,-1.8049526212492948,1.8194576148743762,1.520708213369233,-4.706360232236285,,,,,,,,,,,,,,,,,,,,,,,,,,,,,,,,,,,,,,,,,,,,,,,,,,,,,,,,,,,,,,,,,,,,,,,,,,,,,,,,,,,,,,,,,,,,,,,,,,,,,,,,,,,,,,,,,,,,,,,,,,,,,,,,,,,,,,,,,,,,,,,,,,,,,,,,,,,,,,,,,,,,,,,,,,,,,,,,,,,,,,,,,,,,,,,,,,,,,,,,,,,,,,,,,,,,,,,,,,,,,,,,,,,,,,,,,,,,,,,,,,,,,,,,,,,,,,,,,,,,,,,,,,,,,,,,,,,,,,,,,,,,,,,,,,,,,,,,,,,,,,,,,,,,,,,,,,,,,,,,,,,,,,,,,,,,,,,,,,,,,,,,,,,,,,,,,,,,,,,,,,,,,,,,,,,,,,,,,,,,,,,,,,,,,,,,,,,,,,,,,,,,,,,,,,,,,,,,,,,,,,,,,,,,,,,,,,,,,,,,,,,,,,,,,,,,,,,,,,,,,,,,,,,,,,,,,,,,,,,,,,,,,,,,,,,,,,,,,,,,,,,,,,,,,,,,,,,,,,,,,,,,,,,,,,,,,,,,,,,,,,,,,,,,,,,,,,,,,,,,,,,,,,,,,,,,,,,,,,,,,,,,,,,,,,,,,,,,,,,,,,,,,,,,,,,,,,,,,,,,,,,,,,,,,,,,,,,,,,,,,,,,,,,,,,,,,,,,,,,,,,,,,,,,,,,,,,,,,,,,,,,,,,,,,,,,,,,,,,,,,,,,,,,,,,,,,,,,,,,,,,,,,,,,,,,,,,,,,,,,,,,,,,,,,,,,,,,,,,,,,,,,,,,,,,,,,,,,,,,,,,,,,,,,,,,,,,,,,,,,,,,,,,,,,,,,,,,,,,,,,,,,,,,,,,,,,,,,,,,,,,,,,,,,,,,,,,,,,,,,,,,,,,,,,,,,,,,,,,,,,,,,,,,,,,,,,,,,,,,,,,,,,,,,,,,,,,,,,,,,,,,,,,,,,,,,,,,,,,,,,,,,,,,,,,,,,,,,,,,,,,,,,,,,,,,,,,,,,,,,,,,,,,,,,,,,,,,,,,,,,,,,,,,,,,,,,,,,,,,,,,,,,,,,,,,,,,,,,,,,,,,,,,,,,,,,,,,,,,,,,,,,,,,,,,,,,,,,,,,,,,,,,,,,,,,,,,,,,,,,,,,,,,,,,,,,,,,,,,,,,,,,,,,,,,,,,,,,,,,,,,,,,,,,,,,,,,,,,,,,,,,,,,,,,,,,,,,,,,,,,,,,,,,,,,,,,,,,,,,,,,,,,,,,,,,,,,,,,,,,,,,,,,,,,,,,,,,,,,,,,,,,,,,,,,,,,,,,,,,,,,,,,,,,,,,,,,,,,,,,,,,,,,,,,,,,,,,,,,,,,,,,,,,,,,,,,,,,,,,,,,,,,,,,,,,,,,,,,,,,,,,,,,,,,,,,,,,,,,,,,,,,,,,,,,,,,,,,,,,,,,,,,,,,,,,,,,,,,,,,,,,,,,,,,,,,,,,,,,,,,,,,,,,,,,,,,,,,,,,,,,,,,,,,,,,,,,,,,,,,,,,,,,,,,,,,,,,,,,,,,,,,,,,,,,,,,,,,,,,,,,,,,,,,,,,,,,,,,,,,,,,,,,,,,,,,,,,,,,,,,,,,,,,,,,,,,,,,,,,,,,,,,,,,,,,,,,,,,,,,,,,,,,,,,,,,,,,,,,,,,,,,,,,,,,,,,,,,,,,,,,,,,,,,,,,,,,,,,,,,,,,,,,,,,,,,,,,,,,,,,,,,,,,,,,,,,,,,,,,,,,,,,,,,,,,,,,,,,,,,,,,,,,,,,,,,,,,,,,,,,,,,,,,,,,,,,,,,,,,,,,,,,,,,,,,,,,,,,,,,,,,,,,,,,,,,,,,,,,,,,,,,,,,,,,,,,,,,,,,,,,,,,,,,,,,,,,,,,,,,,,,,,,,,,,,,,,,,,,,,,,,,,,,,,,,,,,,,,,,,,,,,,,,,,,,,,,,,,,,,,,,,,,,,,,,,,,,,,,,,,,,,,,,,,,,,,,,,,,,,,,,,,,,,,,,,,,,,,,,,,,,,,,,,,,,,,,,,,,,,,,,,,,,,,,,,,,,,,,,,,,,,,,,,,,,,,,,,,,,,,,,,,,,,,,,,,,,,,,,,,,,,,,,,,,,,,,,,,,,,,,,,,,,,,,,,,,,,,,,,,,,,,,,,,,,,,,,,,,,,,,,,,,,,,,,,,,,,,,,,,,,,,,,,,,,,,,,,,,,,,,,,,,,,,,,,,,,,,,,,,,,,,,,,,,,,,,,,,,,,,,,,,,,,,,,,,,,,,,,,,,,,,,,,,,,,,,,,,,,,,,,,,,,,,,,,,,,,,,,,,,,,,,,,,,,,,,,,,,,,,,,,,,,,,,,,,,,,,,,,,,,,,,,,,,,,,,,,,,,,,,,,,,,,,,,,,,,,,,,,,,,,,,,,,,,,,,,,,,,,,,,,,,,,,,,,,,,,,,,,,,,,,,,,,,,,,,,,,,,,,,,,,,,,,,,,,,,,,,,,,,,,,,,,,,,,,,,,,,,,,,,,,,,,,,,,,,,,,,,,,,,,,,,,,,,,,,,,,,,,,,,,,,,,,,,,,,,,,,,,,,,,,,,,,,,,,,,,,,,,,,,,,,,,,,,,,,,,,,,,,,,,,,,,,,,,,,,,,,,,,,,,,,,,,,,,,,,,,,,,,,,,,,,,,,,,,,,,,,,,,,,,,,,,,,,,,,,,,,,,,,,,,,,,,,,,,,,,,,,,,,,,,,,,,,,,,,,,,,,,,,,,,,,,,,,,,,,,,,,,,,,,,,,,,,,,,,,,,,,,,,,,,,,,,,,,,,,,,,,,,,,,,,,,,,,,,,,,,,,,,,,,,,,,,,,,,,,,,,,,,,,,,,,,,,,,,,,,,,,,,,,,,,,,,,,,,,,,,,,,,,,,,,,,,,,,,,,,,,,,,,,,,,,,,,,,,,,,,,,,,,,,,,,,,,,,,,,,,,,,,,,,,,,,,,,,,,,,,,,,,,,,,,,,,,,,,,,,,,,,,,,,,,,,,,,,,,,,,,,,,,,,,,,,,,,,,,,,,,,,,,,,,,,,,,,,,,,,,,,,,,,,,,,,,,,,,,,,,,,,,,,,,,,,,,,,,,,,,,,,,,,,,,,,,,,,,,,,,,,,,,,,,,,,,,,,,,,,,,,,,,,,,,,,,,,,,,,,,,,,,,,,,,,,,,,,,,,,,,,,,,,,,,,,,,,,,,,,,,,,,,,,,,,,,,,,,,,,,,,,,,,,,,,,,,,,,,,,,,,,,,,,,,,,,,,,,,,,,,,,,,,,,,,,,,,,,,,,,,,,,,,,,,,,,,,,,,,,,,,,,,,,,,,,,,,,,,,,,,,,,,,,,,,,,,,,,,,,,,,,,,,,,,,,,,,,,,,,,,,,,,,,,,,,,,,,,,,,,,,,,,,,,,,,,,,,,,,,,,,,,,,,,,,,,,,,,,,,,,,,,,,,,,,,,,,,,,,,,,,,,,,,,,,,,,,,,,,,,,,,,,,,,,,,,,,,,,,,,,,,,,,,,,,,,,,,,,,,,,,,,,,,,,,,,,,,,,,,,,,,,,,,,,,,,,,,,,,,,,,,,,,,,,,,,,,,,,,,,,,,,,,,,,,,,,,,,,,,,,,,,,,,,,,,,,,,,,,,
28,0.0,1.7337057835201484,0.8676002233850864,4.561557181999408,4.872656346713752,3.38383152766489,-2.8472366920690777,-1.445792529513016,-5.357836319980881,-1.2462726196106946,-0.7105183075005348,-6.058348143570743,-3.5699287618884865,2.274582319305431,0.8174218799126324,3.4332298734153097,3.8951873201629033,1.3849042765655812,0.29822362954782594,-0.05798468453018578,-4.731096523361707,-4.618035888150713,-4.057496930731948,-0.6763311197385641,2.53049786094235,1.2840651454505072,-1.107862519929743,1.1098559047597376,-1.7443083027554498,-2.749702717173564,0.8629287809880146,4.557333724524081,3.7112142501048244,3.1387888708822214,2.909512102919227,-2.063137976719137,-1.5118352227018053,1.964526776669886,-0.13445407962347908,4.695147400232013,0.44335142363799834,0.23170330922568777,0.29975485503940286,-1.0888881204513194,0.008313149516325604,-1.1822870534357406,5.309610437518341,-1.7715190818749047,-3.478421294870999,1.7017908659353034,0.6940926385036785,3.0143331628742205,1.9620268060597246,0.7494564169920062,2.3733949130114125,0.7493457483387278,-1.4764653120390765,0.3518529270163178,-5.1245555027802325,-3.8202049760729597,-2.072203277457154,1.8816742023773905,2.242769153146076,3.629251444756652,-0.872858749470984,1.16131586882855,2.8485859583557676,-1.839900205281516,-3.869589945661327,-6.274117820768186,-3.1845933664031145,-2.8431848500176704,-1.1957246072372905,1.8306250838198959,0.8750784066941787,7.293278394862469,1.9404174956733664,-2.269028042120982,2.6877920471783416,2.431951405374662,-4.234847587590124,0.2738775933671942,-1.929490083523109,-1.9030947358778771,-3.783874091180903,1.5805076252143884,0.2469983703065131,4.349410095026951,2.551027490132179,-0.045669631609281565,2.8159660470751007,-3.9587600957983726,-3.345169873313526,-0.620200742339202,2.307172358359445,1.3843081203439027,2.3696593924335896,1.171922409758336,0.4193862799089729,0.48099914752439243,-0.8726741505125202,0.41929763261465786,4.774559116278735,5.393094728875727,-2.532707974682141,-3.9311785320879618,3.1950272737627405,3.6152828623391216,-0.8830555147042349,1.479076674642008,1.982017584456923,3.579093920450336,-0.0732823360136236,-0.19210128262528597,-1.8084701858225947,-3.383391394155038,-0.8650458244947441,2.738609910736851,0.7866990191999653,-2.643942136012221,-1.55612375757309,1.0196477363873746,-0.18354234543924874,2.589749837227853,1.6042885529024498,0.5918401940536301,0.533265763893748,1.0013939123305575,3.04077581566262,1.8501391950994386,-5.122720040493838,-5.0660123052921415,-4.695064926046263,1.3796521816141194,-0.7109130748795691,2.1515998751725327,-0.14279658225622643,-0.04377849177246017,3.967699681568305,0.8123046131644549,-2.4919625434259394,-0.044751911560426266,2.352685851014992,-0.170336568395127,1.1074804127873394,1.5319791149560544,2.011677050056277,4.570851976708044,0.3073832303449587,-0.48269932877401545,-1.676300818550147,-2.639088024633695,-2.094489550851342,-0.49880628232571933,-1.675911483731466,-0.17612847136094295,-2.0501872389673497,2.2987199801447264,1.7260518102554312,3.350293186976602,3.232421450412283,1.3792319011889638,-3.844620492584886,3.091831758178574,-2.4765534273838843,-4.584120870115489,-3.2284898938544613,-2.57134101333848,1.2993166329984152,2.0327349237596124,0.21225485507214908,2.749510169184157,-0.10270925142759593,-0.3679372690599303,-0.44361853001319335,-2.8381629045755257,-2.20299312914069,-2.221233413714999,1.6931629738814329,-4.326672118891041,-5.517911914456686,1.2443746682850465,-0.1320064225889386,0.3883295670575454,-0.21005370816555907,-0.8773685307762092,5.934014009126758,7.427633268064294,1.1734348554078473,-0.18868100070865462,-1.3643035536173858,-2.5739622178234374,-0.195684011398209,1.756528144299093,0.6003985149298384,5.076471115469456,-1.9904909980723833,-0.6124402647649881,0.6832298856106287,-0.8986981317856952,1.7391318042666672,2.1934885065227165,-0.5980687591065648,-5.6091659602842014,-2.1075297389100367,1.1573272422152245,0.3167551130419704,4.242232656267336,2.93487151929876,4.003981471346636,1.0181954091990701,-3.2739402466534284,-3.1955988893509373,-1.047821727370334,1.1010139621864699,-4.490380098039969,-0.5581296556476708,1.7647915547896613,1.3836559522336906,4.240266810612834,2.826572536712228,0.19253941841778952,1.7224086364288238,-1.7554743550592924,-5.896907284299672,-0.7346554318484698,4.621604040115699,1.8919678543811527,-0.6059964063758091,1.8106734558284288,2.0403355619406733,7.23668004009388,4.6640803231353996,-3.910261081110872,-3.5313236311084357,-1.1429819159972616,-1.5428014136138521,1.61373207858264,1.3594758770493565,-0.6864868435442569,0.38686827016562886,1.6300273763121913,-0.17941190634813872,2.6875152522223256,-0.007409923785902453,-0.7618118954160278,-0.8202835637509774,-3.030018749723159,1.1625019729054806,0.9519693002830054,-2.1960589458110755,-3.6599895255288337,1.096063127785225,2.031475827119063,2.708437856840443,5.59275128462738,0.2640081484623111,0.7971598427145946,1.825771648079339,0.7526131727007646,-0.21163795431468146,2.076856921961029,0.6751432080012155,-4.682521505576203,-6.147649260074502,2.4170633796977175,0.7743184619380077,3.504143878472001,2.660795785126973,0.3828797028064083,-0.6568441896705632,-0.3125117421473461,-3.938693096204033,-3.807285506863004,2.559376148169473,-1.6292024479285698,-2.0625917832396734,2.2906531942726533,2.2667609444977233,2.844993077188881,0.5898669898082474,-0.8773751255707471,0.9812095016877981,-2.0600953786907263,-2.4110387899245156,-2.117820275472977,-1.8240702719416635,-4.964927446548466,-1.1228825190600258,2.0163337099419203,2.222195901883549,4.701364418537428,1.6186691342200716,-0.01302849212682009,0.7860697743897656,7.313075415175074,-0.7379743370495434,-1.5571498021160957,-3.1489856275367263,-1.8695993938032356,-1.845289502184365,1.508044202967526,2.676860221950312,3.4623233090906385,-0.4139154927063854,-3.7472942345183515,-2.115228671787119,-2.7672398879210616,-7.19458097800309,-2.2798396630192874,2.498177890213085,0.09410778392319531,2.7591945472742614,1.71060566819255,1.388844729122309,3.3841406414321455,0.8492968008538169,-1.0273923660922841,0.4069247119290226,2.302936266597793,-5.185609447875195,1.8811197557797865,0.697143130545283,-4.436064662472097,1.4402435646576408,1.7089577039650827,1.9369340165021889,3.724370599904815,-0.6871222510803486,-3.757769481181467,-2.860731404037429,0.1500932092337105,-1.3782453396613012,-0.42484134022849473,-0.9379090212601563,-3.8465350522049877,-0.5552681242829088,2.0372894545730995,0.878409015161587,2.530936656394761,4.362908561166705,1.9949950635394027,0.5054983049897961,0.5860497317277495,-3.0593409378426224,2.35997710827365,1.377160310373983,-0.9655957813866645,3.649954332052607,2.259421368477806,0.3861341786059172,2.3119612006603574,0.7786961712975613,-0.47132567035917633,-2.978861129677003,1.7540450656257711,-7.012805186256361,-0.3611789263329444,-1.1389964042415308,-3.0378584436868503,-0.05800938298257596,1.9845277125117455,1.5206629045276059,3.1987637605519437,2.3029090141771142,0.9445489386155163,1.409326049321681,-1.6866091256033309,-3.219303638873154,-0.34557551481125665,-3.342243500954938,-4.389373851958664,-0.6250774220280066,1.6492161357446404,0.39627279754024863,1.4029827465714038,-0.7974670333173213,0.202264199325201,3.25738516037783,6.078580502643484,0.5720003591122054,1.7858342169328412,1.133612557485797,-2.917333337724159,-3.1288939341302466,2.188037750537605,0.5317326983712619,0.9941815246192445,-0.9572462895966612,-0.509936522408508,0.9382951718063522,2.1282325087922227,0.05650077779476901,-0.3826698328355905,-1.9331460666328493,-5.387365238537707,0.4742794059122758,2.248312403779156,0.6787118339359339,3.232433678287881,0.563971654578954,3.841478527163964,0.3689970545065062,2.383780818745511,-1.8242854362275114,0.3886063170303669,-4.199282832285849,-4.525684248253333,2.7138529304040215,2.0193114356152964,-0.08750124372432211,2.3259920456419367,-0.5520833259726183,5.3325326542933436,3.6592296873007206,0.30636696993392204,-2.6021358477852985,-0.17013642343146979,1.0121672942183724,-1.6551618686365492,0.963361661517266,1.3431723190832618,1.6052097242037044,4.6954651073049325,1.1203973978634552,-0.051099738917638596,-4.224050755604712,-4.905938061668794,-2.734970775686597,3.0715103836142332,1.7922845064969084,-2.597960593678748,-0.7978979355253659,1.8668344778229862,1.9808142266931736,3.9416269026227337,0.5148249114740385,1.4978076204060824,2.259685865753026,-2.9282148539182526,-1.9618330187046191,0.439583175055203,0.7155580644993863,-4.2145816800428495,-3.241729570615961,2.1212463600269147,1.1489807783865489,5.160964437611751,0.4985113256023152,-3.031067179259123,-0.4243334537619364,-1.2907831343577927,0.31097024123067607,-0.6705150746487945,-9.639826004183462,-6.922649875077316,3.169782578346684,2.2693723645623205,1.2819215572092533,2.0504522499827766,0.080366887074287,-0.5632526332787291,2.898431886286704,1.4601242751353616,3.283518595641486,1.505126986557256,-5.580539975469532,-2.380301447202392,0.051604724590907834,1.6361159310296913,1.8938900235848326,4.093693172562406,0.44224577699651296,-0.5509235216115153,-1.9597379638312953,-1.3776995179714713,-2.089904098087609,-2.5108990520638335,0.24953007364178026,-2.2390975947504654,-0.8626765995987513,1.837066873500143,2.070831497754575,2.938762372532317,-1.5319395386110795,-1.5664244797409879,-1.968641534010484,-2.046587707736387,4.625849607458777,-2.0838993512287662,-2.065758302545364,-1.8325130295075256,1.0858471054495635,1.7856411392658509,3.023397269515436,3.4670912058149765,1.4160436270312124,-1.2298427470677804,0.66617536557124,-1.3362638746765543,0.7839118274307693,-1.6714007392633798,1.8856685998866527,-0.9072084156127462,-1.6559224604263403,1.1892095500919289,1.5617820494565313,4.435159780989486,-0.09458747353589814,1.5585064626744338,3.287916850378985,1.2402258196701494,0.7202797663900379,-2.2337409962023775,2.4179642999687005,2.145159997690661,-0.11794093665212677,1.574430377525431,3.689788161750804,4.0221950241632,-0.24588124031159359,-1.7616943178751971,0.686561599139136,5.384564455796709,0.6612571521671919,0.9023567577857311,2.3912818448063344,1.0198886602064756,1.1627333923227947,1.0604047547220978,2.5003511942565924,3.701939933704426,1.7017314880835015,0.6402106063481826,-1.3268550945717734,0.37773505137452085,-1.7054069030863281,7.452153812764659,4.409053297392872,-1.9392514602314594,-7.844671936379182,1.637490691309609,1.704020249099309,3.1133662823644417,1.1249130369094955,-0.504818941915493,-2.588406200611573,-2.220043319269987,-1.4174731502107838,5.512069193835543,4.136381702349408,-3.1054771762930176,-5.625906851697849,1.5947177591957866,0.982282752869574,4.014866157253619,2.3645863039045847,0.3785451631785466,-2.118895740266175,-2.1075204351358616,-3.113330406839972,-0.1532529800998158,-1.3080462365914542,-5.953485701875645,-3.445775150534607,1.6885416017485888,1.8362418753952474,3.2270029560625924,0.03307269095910539,0.8556905129410224,2.65904295258432,2.897929416341237,-1.8392163701179916,-0.788444353305901,-0.2194579554536704,-4.690109497642613,-4.96848373130679,1.698507171437501,-0.06081053494215901,3.8949729992893944,-2.2206999471359326,2.677045290611272,5.063416232823559,6.539143836187056,0.19381589315240955,5.404731585542188,4.528820327579546,-0.4887551357814603,-5.686995940974321,2.141080946456347,1.5564834248054877,4.840869875108004,4.212226115701625,3.7170113071747166,-0.33928645064587937,-5.701294699698898,-5.013036852670714,-1.910365331797173,-0.8012831416487066,-3.9027498028302667,0.24040614084373008,2.057996123507515,-0.1511053618377545,2.7057789488092383,2.340687456996109,0.42433022340263893,3.3109333592968113,-1.9611933320022663,-4.677982915805381,3.218618327690164,5.8690493195008955,-0.25775958874504584,-3.520067684895019,1.8832005575942137,0.36833049629396963,4.277992569616939,2.6455384943546445,0.6820363776415728,-0.21863250812204726,-2.1463398425917335,-5.606891387715688,1.0769393566682919,1.1541442093151464,-3.404563968849441,-2.376875901672471,1.327496154995388,0.638540361555481,3.3534412061248986,0.5229537539177063,-0.9084462251820354,1.6528380780997511,-0.4309829800429024,-2.4435434522272814,1.751482640306,0.3972750616286166,-0.9192179655858453,-0.8536406435710095,2.1690605841454906,0.32034515086398213,1.9131170149593313,0.7905716308908322,-0.16020545355029284,0.7120123839668795,0.01962398918228482,-6.128471309440785,-1.777041509914094,1.1815913989180031,-3.361214840474076,-1.9742137196767284,1.941036991857296,0.059353557911662275,2.193435621491776,-0.42046406282954085,2.0774951321141235,2.129029516689132,0.6170065720527789,-1.717385179442335,-1.2929381668270297,1.6852063656201717,-1.0868864669720604,1.7090956369464612,1.694184698137807,0.637366372684027,6.190744092990275,-0.23334670862464688,-3.079358437672688,-4.9357697306174995,1.4958622581021914,3.6854585898285426,2.3820457348590653,-2.3091872840564696,-3.981756343698687,-1.2903215382141653,1.1158585582857883,-0.16280212374699984,3.0521479843925112,-1.2376254833044815,-2.5790553656482946,3.2528550177445243,5.467241357712453,1.1015191642523101,3.0703459046256136,-1.6067198693161704,-2.545152900918296,-0.6687829494305897,1.579665323178925,0.08375734334108678,1.899349574693996,-0.28662501751469993,3.379115814799923,2.6172292620702526,0.7513385880589821,-1.4751821424900948,0.16695439777105636,0.31471356495773756,-2.4840030668842425,-2.517023026808446,2.4719131382847435,1.1298577713242544,3.2362903347370033,-0.30566084994946124,-3.0405838716262434,-0.03396540844925482,0.7910052432730298,-4.076870793810013,-0.9409930689220726,1.5423377739784383,-3.709363839188067,-4.942621483950429,1.8341201399606635,0.9428202710583838,3.827819810855164,-0.57741264680312,-1.5507999317678327,-0.3999478796486615,2.7487938550130977,-0.9516565767408461,4.019142892890869,6.316352375826913,0.5670541547802431,-5.190979325053734,1.983829251397755,0.8439871550708978,1.9444196281422095,1.416785286293882,1.23944761274222,-1.7862988987978896,-1.0077433163315053,-1.2611239787183788,0.46066022452602523,-0.06630301485919986,-1.2122030064757865,-1.2321586640477231,1.7179606186325231,1.4235389240504206,3.1420741088906063,2.0784597720151647,3.788080696496615,1.850911531624452,-0.15074930544983906,-1.5379265100813408,-1.7027528895421506,-2.874217407731396,-4.708095562098609,-2.0187969356669013,1.580215974562136,-0.6163109616569894,1.6586547795984214,2.6966869454985627,4.690528313453142,3.1308699456626257,3.2200743654800106,-2.763271003012243,-0.019258683912620783,-1.6401715616249173,-2.9893932124321188,-3.4620915945461874,1.9776607840731883,1.1213384816696603,1.6486295715672845,1.2467708447581207,0.5815440244448236,-0.9223393091527405,-1.2523482674437763,-3.2779357263068687,2.849960990704303,0.9471378738271217,-3.1681539340211393,1.9559193918954687,2.187572355150444,1.3120096351552206,0.5564172014405461,0.48239216117334044,4.067961234874152,0.33240037187876087,-0.17072085970205814,-1.4467195085347815,-1.1202746865173645,-0.5988286178378431,-3.0187474496192856,-2.6115097381306116,1.9029954645725844,2.6194337537469563,2.2560022937240745,-4.063462767575555,0.2816728014501693,3.8821487395620546,1.3697499673552573,-8.308105917184715,-5.5789752430233275,-4.100636277738895,1.1212963455753862,-3.345274505832702,1.4862033867060398,0.1086678924351582,2.534460454026616,2.5275394701680325,2.7050309564361266,3.222078094645431,1.536940286704734,0.8827840915564251,2.1085103980861173,-2.491564483747264,-2.531326562293927,-0.8841928379656073,1.55956391493175,0.9554335970853169,2.7640882120046806,3.3869127423611602,-0.10400611656331436,-0.6346122966105852,-0.04204404866863719,0.6871623869976291,4.942024388039189,1.052968407962856,-2.230050075857831,-1.9282527891885008,1.3457831739551263,0.5804564365130326,2.821031993724172,-0.6811610485309345,-0.5929143244819104,1.16569502941637,2.447596719250708,-2.521814617692215,1.822262685843292,1.689713992400098,-2.512656805734357,1.6870549136107416,0.9446621905139265,0.5999181458103061,3.861200156854812,0.3106988462960035,-2.3734191283285946,-0.5405710537100563,0.20967405851933493,2.4774208999817824,5.113356942211436,5.874776709456679,2.3694231645489054,2.6760397508289397,2.1629505306425307,0.5171486204311173,0.2798974524605267,-0.19436151334612928,1.7962601804775145,1.6332194624973533,1.6007123016534017,-3.1656031916582057,-2.1191897461942237,4.708639091252178,-1.6180745585391656,-4.239811880580833,1.4037469584537017,0.3986980435947108,0.6139604534420552,0.9072495396828361,0.9998678653641361,-0.39684479710990633,0.8221873690069268,-0.8387401187513162,2.4148502514285797,3.2029977447629654,-1.3907027956370142,-0.8643841203752123,1.373522540107631,-0.4346655869475976,3.5845541531392513,0.529342941217279,-0.49890545589959023,-1.96227077554123,2.1399560258539063,2.053339561651158,-1.5746979511442258,6.38369340108128,-3.9616759964431227,-0.4474107488546279,2.009927606297654,0.7000953954432404,0.3679615530970573,3.4790250667230103,3.388247156045351,3.336174080298395,2.719890351038656,-2.6664116931710318,-1.5082770724852033,2.927123796889801,-3.433709764066991,-3.5966018600201815,1.5880622088304397,0.7904356053565375,0.7952568004290013,0.4228679287720086,-0.8453383191101641,1.4046742743176681,-3.0839047740538614,-6.409466021360069,-1.916426350269686,-4.84630404525826,-5.513558957469489,0.2238383555621143,1.657724019151745,0.7403791406902142,1.7983114303920067,2.001905169507539,0.6346634932933506,2.464796590744719,-0.505741169312823,-2.1205796460874087,-0.6429651071046331,-0.5370883804450747,-0.14353807122346562,-3.353397882071288,2.2741522969720656,1.6504601114385584,3.6191507224834245,2.8827624689901077,1.6044423311124472,-1.697951553681964,-3.9783861620127503,-4.739768710723752,-0.2688431910933998,-1.0868572321494316,-6.847318230550951,-0.12499579087273316,1.6836723728862562,-0.42643841773544017,4.5788026145183975,2.9359334449205576,3.1207452343484254,3.1426173510520186,0.2849538677593623,-3.5325774407574744,-1.0901690696636557,1.871373366924677,-0.2650748346460834,1.5345620624243592,1.8121265465684504,0.24250955935081348,3.779067163126051,1.221435974581619,-1.2674835809931868,-2.959272663131129,-1.6701963502603923,-2.0743219313782784,0.9010005529508546,0.24597929981938765,-3.591771602037255,0.9816397328494494,2.3390563585436057,0.2976165671663167,1.3494739648577236,-2.0400379491557614,2.8417798803455776,-1.4056599811099468,-1.2855029440966645,1.4900286502532551,0.1970294745434378,-5.941737309838003,-3.6397062161665277,1.6259808080496811,1.6380236726539288,0.9808127897425882,2.039279983719181,-1.2319056712572638,-0.6491866130326807,1.6185435678886704,0.6920748508453222,-2.745357161395091,-2.6377071853018874,3.3193112435636394,-1.6696473971007528,-4.1946651221786535,2.0742028230154195,0.32583586558412175,0.24033064404044943,0.764957976766692,1.6997908174998286,1.5276057414219801,0.5933043065595912,0.21512014653727157,0.5607433059154041,-3.4169460418686586,-4.754505624682891,-3.2762819522086852,1.9158790011731914,0.45879568209693183,2.920245150967595,-1.535758790095366,2.1699421871797178,-1.2062628220754121,0.05445993850986544,0.2290079823901412,1.446182917735605,-1.1858863790318794,-5.347362014833404,-0.4443076672792437,2.079681417937081,1.0601141451496088,1.030843077206716,0.6989374016613606,-3.0730206764247883,-2.8866804967026107,1.8575399899564111,2.702525721308229,1.3695187642907107,-0.6408555724778158,-2.211712308636841,-3.4682057081473805,1.9836153974575836,0.9292374336603036,3.0462256018111753,0.5750239518929906,-0.35660804585850864,2.8689681384448904,3.536873584819587,5.165248908948405,4.435215346344072,-3.411145877854792,-1.8525806480940905,0.7870000872591238,1.4347408672747302,0.49615104637190993,1.1203735412015077,-1.3019944768081138,0.4149586740963822,3.2251955029641004,1.2421660586287768,0.48406592525308584,5.237042890306827,0.48747326689101905,-8.256559569752259,-4.040191196582107,1.9175412719711549,0.13766206326187705,2.9754716901928107,0.8893150067818524,0.12304063974978177,-1.493768385758046,1.7475332105213963,1.6579023618779052,7.814223593888023,0.31830311840201914,-4.8344754734478075,2.9728405740080968,1.8729216111756628,1.8269348685152258,2.3504958934788944,1.2764849433949157,1.1504578945176904,-0.7814487849761182,-2.973840688194191,-0.006543019559010333,-0.3835733299606063,-1.3082763934566606,0.021264560104161192,-0.7482316613527311,1.9077015305813714,0.5147204464855176,1.669446423204518,-2.7023262795684424,1.4576986370781455,2.5393883892666875,0.7258466131961906,-2.0804312450766282,-0.30610540545959686,-1.5544766065815863,-3.455820764880421,-6.221950625587144,1.227543840644836,-1.2127677199082865,2.6340869488554675,-0.38611348164892806,-0.27862376155449803,3.1193260282886204,3.995006786668744,-0.5716925487806865,1.7930203069177089,3.7661819938764505,-1.274116532356678,-4.450199356851884,1.5708248485356588,1.2799132416068135,3.6572893336173813,1.0480555185542753,2.4611668012211787,1.9394879821515822,-0.7712993394532394,-4.826684201917323,2.2338042214601153,6.408923935898239,2.822741531035214,-0.9409747205320383,2.1360425842443003,0.9558863374181552,3.922328462134275,-0.49895670438829737,-0.21854038863077252,4.330633205951976,-2.0560037352661995,-5.209059541090736,-1.7783961823269026,2.079151109607112,-1.7695643143103106,-1.563874701652073,1.683781509993077,0.4690814986262411,2.3456525736154688,-0.09009196871543387,3.54987490836683,3.5239048819511374,3.6694429290274106,-0.8495323041826275,-0.373730125228325,0.879927051298345,0.07487407275549995,-2.1135399292069197,1.7103291900455975,0.7461742284678237,3.6448589543569163,3.925662630382026,1.9188551525192563,-1.520164420511538,-6.268262617869743,-6.714821472069117,-2.4504039526112744,-1.0609740480408052,-1.1455420569066301,1.335991081840941,1.6857127606872178,-0.5239785346795881,3.2716653620131533,3.188339129211781,-2.212718245681722,-1.9991050889179585,-3.885854340569381,-4.010369110381341,-3.0902611229134354,-0.8040278045198749,-0.8185396147345356,0.47856734198581513,1.2413246059533158,0.9654827972291965,2.2733494454578334,1.9225733727099439,-3.660557658420757,-2.5661454040401686,-0.45540799461268766,-5.359193903822307,1.5727597969686236,-0.537480039033226,-5.547047120495702,-1.4682118323363151,1.841399898618924,0.211665146284663,1.6100578605569735,-1.3416493435251504,-1.0442262167652516,-1.4207949690227186,-1.881006884431313,-4.854481864319104,-0.8135615191501082,1.463879643787015,-5.60937819064526,-1.183695300089666,2.0022522747257794,0.24143687263007146,3.2701685679907637,0.39754276276406475,-0.4771544839080207,3.914999329257204,4.675741838971754,-2.412215218119008,-2.688908820239059,1.9314781647463293,-6.120132833682274,-4.6512519428804255,1.911484626492233,1.1329040959310546,3.103895628759011,0.5908712182882949,-1.0331148059960726,3.574564340038125,1.5701072128689935,-2.909189303748058,0.2834929075959842,0.4989769805989051,-4.793697012587945,0.5945506788775683,1.3890244699105898,0.8504760783718612,4.0485181478321675,2.8826291741481245,2.580101578067118,4.530337292490976,2.529831270119061,-4.710833559242185,-0.19099470836789553,3.9315007098412957,-1.8055704347140595,-2.534808967929777,2.0456326716190536,-0.20201182425645678,2.267405246368802,2.9384028570867504,1.7092655088253035,0.5829978765695005,-0.05139476053785544,-1.1972399401509415,-0.46114312849864,-0.5419543358798922,-1.4487509618531735,0.762079726987533,1.9291835158382986,1.1924088888522235,2.270482226275225,2.307187933567793,2.522856246705257,0.1958124915746985,-0.5727474635365546,-4.902642966063584,-3.157496542898535,-4.115980360021062,-3.057453479028592,1.4346402113304884,1.8050343665572213,1.5622715487117467,4.131406822844451,-0.20274892753492574,-0.8063545705666407,1.7533889906464013,-0.4074302087303954,-2.0612358130480044,-1.3240143173190235,3.3497334716009193,-2.477288360073918,-3.46506827298043,1.9253274616801914,0.683993972057741,1.654805027928183,0.31467650158837185,-4.620774832645972,-0.7394859608417202,-1.4233244385889217,3.1401844703880415,-0.7216258592938131,-3.4960976309751857,-1.3886926288036765,-1.7131434798219152,1.8266476839714525,1.4503104727367568,4.2775938919273,0.6861187876022331,-1.8081923870184202,-0.03836916853506625,-2.2148564777264346,0.7041088256453146,2.4505790960912996,0.8548246167206913,-1.8979700088520342,-2.882780940585464,1.503681399681075,-0.10980351037396348,2.179573242409665,1.8936148640916342,3.5300627771285362,2.2604464034520673,-5.337786394726589,1.2597939323834972,4.015587794587883,2.052302425700211,2.1373932604604606,-2.488753370401382,1.5597976047288746,-0.04504317653098414,1.8703406121883828,1.8871953606181335,0.5476661022178907,0.16622525593252055,-1.3759874620386243,-6.5488221996636415,-0.6834872686746069,-0.17295433065652524,0.18205831451261056,1.45999115441554,2.2747257006688755,0.16567027437946064,3.151355121062383,-0.4994544708207034,0.5862370784068154,2.0122186393034855,-1.548481531045076,-0.7945144411709251,2.213616479453666,1.6732413729201052,-6.24286479094471,-0.2601944708712649,1.9773777601595148,0.43908390691926136,2.49972643333574,0.275699887225156,0.4016520636197948,0.8358386060854504,-0.7935036671695,-3.8307203000096326,1.1845856520481886,3.9734470505439616,-7.741810168427769,0.8971161916019474,1.5890021819257307,1.0196134624938726,3.082386791747514,1.1258435408000087,0.7535907934663452,2.3182691941957803,-6.021204928925874,-6.370790925544845,-7.52847902995429,-2.9683892749459813,-2.563357146136203,-1.8803769461467896,1.304488818240458,-0.46126703717156153,1.6179101834848295,4.243116192994935,-0.8941344279786221,0.8793598648115961,-0.9435293099206549,-5.421158544667582,1.1588858772435255,2.3278609313563585,-2.5603488562746683,1.9809070129673152,1.013269890107444,1.5808043202442479,3.46029815689046,-4.098873230013589,-3.3950994623820225,6.29692643084687,12.381916287892958,3.4811240856002095,-1.215808530544236,-4.826722923610056,-2.944012139709859,-1.2455721791989394,1.2188704275023385,1.751437822863513,3.6182482756966072,0.08357603553126011,-0.8381983152794273,1.4544342391129246,-2.2025491810872904,-1.2846995065442544,-2.501168819717846,-5.568915532386083,-3.4991481881852455,-1.627357662136041,1.4852118208858265,-0.23435633283868465,2.803224432616365,1.9712952391624134,-0.7095288567598957,1.791825917680483,3.7468174163305776,2.1459098334568676,2.2225142867724323,-2.0075064958705924,-3.05252835640688,-1.3283105878269836,1.6018416999169418,-0.019475331223839903,2.9877447365621053,0.7017460451954195,0.9292671357651554,-2.8202275574622235,-4.466516219589436,-2.0297760513715652,4.268181909896441,0.16604409695261235,-2.2986788000982163,0.3002894083689869,1.5070519768890662,-0.07722020593883544,1.1889815610373242,-0.9526144587772458,-0.3718130715585677,-2.60710278078918,-0.9972425314982308,-3.0164425397622288,3.123658423528343,-2.895814069532268,-3.944061805096776,-2.8409662362412895,1.290944914473248,1.5053438289714531,3.3966391577255464,0.6283247955926458,-1.8589666780614136,-2.996924198345994,-1.1182460601358817,-3.6013532458285207,-2.3765028541807465,-1.2728247021542212,-2.526073669988102,-1.1051788596490795,1.668719984683581,-0.3379457008734331,1.3204089806449901,3.2971544531202825,0.5286484674979112,-0.5026451675283389,1.8487012137684278,1.665093444036117,4.191826706853228,1.8874956158868355,-2.2323177162472616,-0.35050580474397375,1.4378197847610454,0.5274977165648889,4.4995470045226575,2.2585789418722992,0.8069782680101734,3.004916630903149,-0.09322526738715023,-5.612268891256777,-1.2219093341768434,-0.07404409682447,-4.3793075562088335,-2.288195617919161,1.4996962965868137,1.796830146431589,4.690559963097441,1.0118505167622236,-1.2788422305821725,2.019813238206337,-1.4789719623199002,-2.792311638179552,-2.9015673912036415,-0.8462443365930652,-3.1976953675260362,-1.6029536531752513,1.5338806096878852,1.6388348313492205,4.391967898351286,-0.06902278805656524,1.931169496808119,3.970724127597257,-1.4431043076755585,-4.512668568863816,-0.053393519881003375,-1.7431090862076717,-1.378841128477316,2.0846293272549583,1.7603055557243696,2.0031406384589574,5.168478438939141,1.247433827234945,0.21693467952734843,-0.5469895732605957,-9.733150459425605,-5.550335241530494,1.8174344027377525,-0.14468484416272984,3.3551227796709306,-3.5056850242350146,1.565019711087431,1.8023177236870338,5.573732171329756,4.534819152841925,-2.6356166897764863,-2.0288814479269024,-0.5267753710052934,-4.081693248965583,-7.460387506868905,-3.628461732797136,-4.486763874134185,-2.6524718735072037,1.7459985367825528,3.2971125598205195,5.4729244759384414,4.667705160278538,-1.8969157995220352,-2.1759014568470274,0.6250750792478904,3.9037641886001353,-1.343829173144455,-5.298967746279603,-7.14740509040378,0.12544016876033454,2.083980792200009,1.3976181852232925,3.0589482522347278,1.6500503329808236,0.5210600612996297,7.996556639494437,0.2800189390276587,-3.0998451960096824,-6.424385208977217,-2.0864841081088787,-2.653962548348535,-0.8568782389289016,1.3146565103195058,1.3167248661927573,3.2159050429703733,0.7908071059062544,-0.9940472418798207,2.846436635880364,-3.3911495968341097,-2.256783015652802,1.5416297206866665,-1.0750011376279172,-3.225784939125443,0.265195419313843,1.7578161488198463,1.4663131285534605,1.889779544946859,2.209626905472872,-0.03790898517415261,1.4175163141385636,-0.48891750370817266,-2.5031872055150077,-2.5238849419766405,-3.888417335732532,-9.03246004577122,1.503250311695061,1.8716886357240756,3.1466037297704132,2.6878787789336025,2.973605656253734,-0.14926791850372156,0.3543636483348023,-2.804608642006634,-2.3336791139073525,-5.324323435534275,-0.11558993285432952,-3.1812847933761557,0.36723258003617576,1.8976779005548812,2.829330523638161,2.348004588508603,4.0467083513865,-2.1049169109981833,0.9012295431952901,-3.3531410047109387,4.146443548899208,-1.4056698594385386,2.3980818315503427,-6.005541160021412,-1.3438806032048656,1.698069719599418,3.5042778831772097,4.6486393077551655,6.7733340798857355,-1.3353338184816637,-5.059205742372914,-6.73486925104396,-5.380261466270678,-2.556607863191069,2.128320372451777,-0.7453746317906357,0.7273961656659752,2.3435281032802053,4.959381731424202,2.5879754569368503,1.563483468042185,0.23092066130615302,1.9979258930605694,-0.004530319764247683,-6.046193070277195,-4.336499092919337,-3.1543832832321423,-3.579321836717888,-1.8926681917516643,2.8501789317069535,6.899160014514961,3.01551517750843,0.4072592846950845,0.5962655254210831,-2.6597988431579487,-3.585116652836382,-5.27105122712101,-1.2833720041718981,-3.8965123489403357,-4.533113868320135,-1.8393020681059857,2.4477289291482527,5.97005694592765,1.5348191075347732,-0.06541576402074632,2.740728843254263,-2.9181219729448955,-5.0927168552175655,-7.750836417572582,-2.1834017287467016,0.36109224637279286,-2.4359571895122714,-5.684753889688277,2.1855717792995604,3.7265686853143065,3.484088529082566,-3.305120913224234,3.930454735797307,-1.7270045622591665,-1.2192283983561696,-6.328410741756901,1.1867884962956243,-4.417074968341893,0.8228568094713324,-2.1240403229515317,1.3942748016239936,1.2471229436317037,5.821946567066423,-3.3961340634218016,4.457021288134783,-1.5424282353213377,-1.9815269476628108,-0.6842630083001069,-1.7365035575454102,-4.615986094274302,2.905027789592128,1.2158014539346471,0.7440839944300116,-1.5896936675692117,4.47485177382538,-1.2216545900892977,6.221107470899204,-1.1544381281422147,-0.7643993980895498,0.6369560152359698,3.456879335288224,-0.6655505001521675,2.5821368320572793,-2.546371103051269,0.46380162122410823,-2.6293174290144297,2.3893685160984974,-0.16646969285416377,5.174485718525524,5.746328474904396,6.014163522752319,3.131337863084901,9.469989470039872,-1.272290802690204,2.1104559222333044,-0.26756274926387247,0.764334946670687,-3.2541789395635905,7.673335059685619,2.3523767792288734,3.3089040330684276,1.3907119974004574,1.0914333447454718,-6.32841894915208,11.433893545413214,-0.13757380550280854,3.5903095196889865,1.8421894274526736,1.045288148517727,-2.625504759369728,7.48117846880217,-1.3089300701635713,1.2156864623479053,3.7753754839330695,2.9974336912267416,-7.037412822304058,9.260400075984862,-5.034874445860339,1.1639169949102075,1.6999584916586312,1.844877007125449,-1.9492620676212533,6.527973853100918,-2.0986735342237783,-0.9060955246248521,5.486313230461413,-1.092619341033761,-5.042235440815965,5.303284945459402,-2.1251754596362353,-1.645781305251899,1.5437769403512906,1.5387948696859917,-1.6882569570154613,4.857310246750695,2.269103650149877,2.1648456347081164,6.778291342940017,0.431675266804895,-6.640193734893723,3.693465075778593,-0.5778576650929154,-2.738343027638981,-2.944030034796679,1.5451891593306823,-1.4989495757829523,4.584737675549635,1.5257340566982642,2.3899300775169983,8.005551808483853,0.7716873915230279,-1.768556113484742,7.323899441322409,-3.494837638898169,-0.10647901640845392,0.07128475106812136,2.139048427467322,-0.6620662376615559,4.486191176801854,1.1119172490759504,3.0717453489454045,4.8988333065473135,-1.938227490860572,2.0459309488836395,6.336850450021672,-6.644692724490783,2.5774672479872245,2.296936659136288,1.8395710472516749,0.39674525310808323,5.483866430899375,3.7120497167001654,5.332122580466851,4.339356065644816,4.365115147241999,5.510474311478711,6.260951669012207,-6.329268589040041,-2.842119525913202,1.1154960439103574,1.9452341364556591,-0.6576995272698885,6.347343492006263,4.6553452739118155,5.169642938773028,0.13133073403527723,0.595948183850293,-4.3663230077842075,10.72940795896328,7.035136863792116,1.3004406340236407,2.425644725397578,3.023370252787395,0.7099305049995994,5.982159901874847,1.7567037577253646,2.1361664881918045,1.4987711099238408,-0.6180506324252925,-1.6012219494951283,7.188235024628675,7.106182291434314,-2.7435354966089327,4.935353000968369,2.8140578730375863,0.5057192892737521,6.252545460614163,1.3255136910560803,2.1100741964032608,3.576322712653746,-2.453322882049585,-1.3668924730895933,11.607819413931777,2.791160737823554,-0.40505433423289516,5.758902636272698,2.7179122286279966,0.9552354393444346,6.780990866413005,3.103959343656256,1.5207430944704152,2.328950093965457,-1.8186502105927969,-0.1814858493608797,11.886246874181516,5.518896681700762,-1.1612182068625294,4.230633301616365,3.153922197958601,2.411786514393653,7.033991819602208,2.937815819606099,-0.5456082564102439,1.0364222386121031,-3.6958534701093115,0.6295366593180037,8.427006870180296,7.884185993701762,-0.19106725060360133,4.764989259961316,2.918435188105179,2.837786142581816,5.564959697446714,-0.3683634499905623,-0.8973768649170344,5.739836936104056,1.59730595618715,-1.3376384564413393,3.590142050816393,5.282635182737099,2.065577070754501,4.629807013649847,3.4530922473034735,1.9594943477424325,4.595576914383983,1.849230352432256,0.5012622040479114,3.2144035310303707,0.6303463447140913,-0.3937418040842663,4.666718408114564,2.393534333991436,-3.2335586845002706,6.804280279174771,2.9090671968857373,0.9610970982171493,3.5272719176236267,2.063796105157488,1.9300820380809525,4.8864402949925205,5.879670754968026,0.7324342486309773,3.371726204108173,8.795774440643068,1.7739526953364757,0.10852317949062901,1.8608224178242652,1.1443583360025245,5.310936580808376,2.7584539335834872,2.883821766508995,9.957978712742387,5.661666515279915,2.0642795947732773,2.906028431703657,5.307079402339865,-0.21558002171204713,-0.7265555128530374,2.4482866921069673,1.0891838460260104,4.244598053543912,6.1872242285090735,3.5032725786877714,3.637917661574496,3.540989162724336,1.2095094657366718,2.6529632749461496,1.0305851799174164,-0.5947769410689768,1.4949493547962902,2.513191911103847,0.7593573172525204,3.817697097374906,4.482273495059134,3.948117663648836,1.8503292572041445,6.6686327783285515,-3.5821005774058152,4.096170084913169,7.218037821096809,2.6003710079418973,-1.6525602756506221,1.9199303990277055,1.733428258260705,3.3397388262813745,2.8968685398550806,8.202342545742177,3.5576150150626935,3.6889825383951047,1.4209004679334118,-0.1735075981960009,2.5532223095091795,4.714698028768614,2.8807755378943245,0.6741866851340594,-0.044568673901102716,4.978549848463224,3.16065193090162,8.284104421288916,2.2900197383502925,6.650623108896775,2.1732395739420514,3.667231746330207,-2.157754933896594,0.21892671829917176,2.0183796517486123,2.149528600787765,0.2689648754898902,3.6013508659807094,1.0241356902758758,4.3488893509690705,3.4412048001018647,2.784981075888192,1.2795989223085427,5.223556462155602,-0.6268261065726413,0.8824374140937735,5.476680054739399,2.2236936038592225,1.1436189887043473,4.672787836275107,1.5978707991608136,0.9310540664722574,4.656977076092889,5.69430847107902,1.3959951356097327,-1.3009681630314311,-0.5096315146022495,1.4421858814319322,0.5264969949712238,2.0589947569383487,0.07986956649873651,-0.22694247093289346,-0.16392233324237293,0.671089657178837,2.150675839742827,8.745627603983877,1.168844841827699,1.3438425316593927,0.5134006673721568,0.0003678787719484299,0.8049750625749352,2.430569613871133,1.1614990161586858,3.41724288556519,1.6211066011304511,0.5977810586883312,3.6372299969931325,1.6095471567738966,-4.189130166460262,-2.29428299621678,5.999376947565566,0.697861208848826,-0.13409688343509513,2.1383662052593837,1.9196680863641609,4.898981713547677,1.1484833198264983,0.6276055882412179,2.8613830604728854,2.140725305576307,0.32667100832196205,2.0131410359073807,5.07961906113797,1.757217566890671,2.963074840214727,2.0796446611789365,3.8554001010151007,4.11658176638691,2.7012137952789033,1.7892791615182517,-0.6569253880689903,0.6949460829194726,-0.9843968380292207,0.5666513523078444,-0.09853141009680177,-4.326696742177018,-1.9452373646625143,0.8341504824791235,-0.09443027503044736,0.8880464684268758,0.22470072297676827,-1.0279579162350014,4.260311441604104,4.528817194127065,2.609189985601851,1.5267123620006184,7.555455531231469,-1.5028701994138978,-0.5872382636060195,1.1509762172233644,1.1448981252213415,0.006445208294821315,1.4532434754182266,-3.6536122012782437,3.767551801754889,-3.0148642067824807,-3.957650367503084,3.0345428942748525,2.4762349438419915,-2.880622077436991,0.5747816436066607,1.112696391625794,2.8140191453212386,0.5438709629175957,1.1149829965219655,-3.0252680454719845,-2.955593416762457,-0.9575396226772798,-4.018870349764079,4.2346226662670725,-2.2924937213530105,1.1943955223055667,-2.6181981522549096,0.5523961980828409,2.685537650769028,-0.6648703918254543,2.5120125539166,-0.2921555488236545,1.1279860066225593,3.5102350256023334,-2.102394991087554,3.242545941838665,0.2908871144620646,-0.3361505690931086,-0.7709970541386285,0.15379563418520611,4.829784441239839,-0.8741073970528952,1.8422992926914463,0.6687109909067637,0.1303917014530496,-2.351835252690638,0.2715777145915184,3.6509506503743214,-0.32040737433552163,-0.4311985010577576,3.693936736737067,0.013543320221424609,5.012977533275837,1.0122034139347345,3.1997117138701974,-0.053385375741938655,2.1964212128626515,-2.0671663410888446,3.244708097969924,1.9033859411371952,4.368564950343915,-5.763478559547669,-4.246985474197805,-0.6455244609893016,5.670092570643656,1.5341979374986574,3.34302728664037,3.1769309525440916,0.11192773103467855,5.724338370633245,-3.028646266211316,0.9626721945432167,-0.5798432518201663,-7.674391546717577,-3.9959586566467986,-0.956068572243293,5.265385119970406,0.6522060084565645,2.1017310276515935,-0.2957162642938165,-1.585570924817197,0.256572710989456,-0.1486390428246999,-2.2382441800770074,-3.478957565219368,-5.260172644311576,-0.5776880039147826,-0.6704121160566248,3.9056099532537765,1.130380537978986,4.782460941761504,0.8007100052580589,-3.0382188341690135,1.2876888692766884,-0.011363380336592342,4.900406066522855,3.8209950370202352,-7.690545618092314,0.5825722848024262,-0.7392081792648536,5.2871017188116545,3.3598625914636164,-1.0563923033944043,-1.192180059626342,2.1287695295134843,3.043527820002526,-4.939621832773635,-3.6761201072352994,-7.043782762134247,-2.65963736969091,0.02199992144286718,-0.9563702188670526,2.850888789515381,0.4198357932727829,-0.7306902589872067,6.70134100545093,-0.0032629933216061623,0.8450702992619438,-3.3862350758277864,1.3177530603717007,-1.1420255351768087,-5.250543270465588,-4.391460374158548,-0.4920973084161486,3.3057704348038506,-0.5254865173971514,-1.62929888931254,2.448560317570656,2.0851315238244337,0.5256994399972356,-3.8905483005445767,2.1282350532893193,0.9376697008166894,-4.459233006340565,-5.213676323177832,0.24956002010239312,1.138066884005539,-1.177685403927501,-0.8563458758575554,2.7921377469951634,3.3650153079201988,3.8153719519537517,-0.8841747238063793,0.42346061754804415,1.5493855468930189,-3.3401358858974697,-2.6173302049499063,1.2653641467759456,5.394273405555137,4.246828964517087,-2.3221222843531066,4.8079737645564045,3.9621083338058076,-1.9327191875533474,0.046484641360581176,4.880968127863328,-0.8939447200795901,2.434079188541786,1.4267290658465719,0.7744244530251139,2.4445311859648604,9.726131037385786,0.5905541198757978,1.1508105321996471,2.433028025996474,-4.587368155203252,-0.9190830672106222,-1.781758242389928,2.4890734433343265,3.0213048771043605,0.09159010111439989,0.6733453730513853,1.1046915655966132,8.456695338548256,-1.060733042836759,2.9830140309271496,4.615353676000415,-0.5358426120344021,2.320819043198718,0.899270469544303,-1.3266619245700806,-0.2579180142048568,0.7930336936746358,1.1274906187219311,0.6723744385965782,9.758741959578016,1.3132296425226315,0.31992375003862616,2.2343133866499194,0.9129605085343506,-4.132986749860959,-1.6488770147421214,-1.6084926088337301,1.3372908531343999,-0.21439362313767318,1.992009937983602,0.7605839745691255,9.83976271017527,1.0761369129928127,-1.2336938903895078,-2.914398775270828,-0.9591561552301952,-6.438054870707821,-5.1647138402815,6.669997826110162,0.24489731940735535,0.2414194440619027,2.033337103975844,-0.5959051847611901,9.540605927847025,2.401569329940751,-3.96459008921503,-2.429570797347622,8.694176621398539,-4.9667879020012835,-0.5764596985402509,7.6363663371358665,-0.6072247077787023,4.042884409301909,2.3504344577534586,0.17266135038503982,5.232657309407749,4.168642280490445,-2.878765675402901,-0.8576864085634403,7.700972792790486,2.3208372722888786,1.3165531003884203,0.24550957099075454,-0.3826543010516501,5.1232611757746245,3.078436920396104,-0.4486209875963188,7.023076338907784,3.231296259361271,-3.907177314148834,-2.1336792527448907,0.0432171105940619,-1.680017002359909,-1.5209029582867795,0.1780804943123977,5.168775485963871,7.900767810072258,3.219260189252136,1.8422823519074816,7.16021494073176,-0.001762961772277574,-7.048013883323083,-6.04851769386299,5.996871933669587,-0.3411707858815413,-6.279279872498464,-2.6505050455461197,1.3764101275384146,10.284852622503607,3.597319455798012,2.8143460012180515,4.187564152943484,1.2904455957096739,-4.434902656753103,-5.738849278124376,-1.2121471580546326,-1.1561073900069145,-3.0723234857526984,-1.8608538163108534,3.524622828092242,5.581094729221881,3.5191161560705173,2.421391182710945,3.9887819791823125,2.0392844775419094,-5.139096692984008,-5.386604136580822,1.7907195597218588,-0.16771296105986677,-3.458239299201379,-1.5120403433828065,3.638436456644657,5.460763506465786,3.350163619666945,0.4736857817837823,3.9161355564024527,3.94185151933368,-4.913926430787581,-4.102469053539943,3.494268123092582,1.610012597874191,1.0289279114126215,-1.3416215073036268,4.567898303882176,6.9845124935353695,2.6444710287869824,1.9685431189610683,5.343472456703443,5.206640234279199,-1.0428697235052098,-11.11135804844998,4.139918569782349,-1.6188792409658066,-2.4878422220483145,3.7422240320093705,0.9005407493971518,4.508008917880096,2.5712847849880696,1.5744023763811252,5.338540102850979,1.3896506364502017,0.6987176663684895,-4.215560126348502,0.02547035165228568,-3.7320409565972033,-3.7164618492973567,5.873438705593679,4.070555003144518,2.1122958896315587,3.329751751889213,1.5261471703354959,5.93806410160405,4.449469384978951,-3.1722907640946403,-7.205995283857358,2.128767645156004,-2.980971695541919,-3.301999024354995,1.4991447911550608,-2.058327674843213,-1.4204856714792617,2.1808118295169705,0.38970865161973794,4.403834067056906,1.7645222007005978,-0.9123147798818226,-4.259132490220138,2.0769625564180183,-3.215811568208237,-2.4266013501530876,2.623653433216268,-3.0048020676564406,0.23480715821358217,2.0320873082608224,1.2071415110361037,4.758430694341872,1.113584395092554,-1.1526840747882647,-5.211207832169615,-4.173141485215997,-4.919842306336608,-1.5338476861740902,-0.387486356065329,0.5681118375002642,0.8211798270502328,1.6491851907945039,1.1036919566913905,2.149742749266959,0.033155678718746855,0.6685340997753464,-2.1897264785277817,-8.872669901052234,-4.800806544498568,1.5857315344418759,-0.922940232229694,-0.5162451764337916,1.4267002155423538,1.6700587477803637,3.0734480312576467,6.512442856623211,-0.5457709523350882,-3.793416588646055,0.6524912932852223,-2.791389724194847,-2.2447686226882384,3.7802714786768266,-0.149865487088953,-0.6010523819469725,0.390615077174977,1.655401601406789,2.3280258211006544,6.384101338564297,-1.8263083741308832,2.0508457066724293,3.983778297792708,-0.6204800751482116,-0.8307075615810564,2.4001825106866845,-4.536279717640243,-4.380703361305769,1.2761420646978814,1.0735894032727,1.9050749683464974,8.094956628282338,-0.8028020559523543,2.6590572347881736,4.244163764744598,-1.4774592222721135,2.930089260998771,6.349894921139513,-2.5487795661262904,-4.46467798102202,-2.5806808714141485,1.843827400450925,2.668694874008404,7.480556390569003,-3.4066726317226856,2.7390775346305656,2.867206419708636,-5.632098445365026,-1.8501964508753879,-0.7735786779754021,-1.2146810268944384,-0.09473644560655982,3.553353160596695,1.4909807967928226,2.4209813233904476,4.419837147894163,-4.755388012046219,2.760366347590025,0.8859367097683982,-0.9537349793420108,0.8474472648627956,-3.3488569241072303,-3.826365241647928,1.383631960799103,5.235442179095361,1.217985057076538,3.4527005615004027,5.92954014497493,-7.9225686939063795,2.0130426714730043,-1.3574316948403669,-0.8374944854134768,-0.5927789445202277,-1.9967876908599889,-3.861240935752737,-0.24305805402455954,5.067880247165515,1.7006890389760791,0.3965504048016099,2.808569305124122,-4.802941953595774,4.446029587648446,1.5850423563289116,-2.179277368743493,-1.6104094332221992,0.3126166062181009,-1.732757906630759,4.732001083078316,1.124938672620984,1.428367904653062,1.092312924857065,5.07044755186193,-2.0373440450430964,2.3796433647019266,-1.4612161768349519,-2.7377001157501275,-2.523006776085219,-0.7454873031988035,0.03647081578191133,3.404213855198907,-2.5745553194466324,1.274553541816673,1.111034742912071,5.238813328186991,0.3334647651843121,5.162705197973841,0.5913078599392988,-3.429769584750584,-1.7419589712277903,1.043210525818936,4.885894126037804,-0.7257626667247835,-1.1495304870568612,2.425891240773663,2.1152654988671173,4.42065581864367,-1.5247911008414465,0.8731022154710241,4.127213706125573,0.2998686736287315,-1.379541484792675,-0.665820486180752,0.3805674928844954,-2.8139278541589308,3.032310971655634,1.4259483668979624,-0.21629594176324757,3.048528040072636,2.5736138597865716,2.0609645907277683,0.8807169789975532,2.0967650458385876,-1.5868475665987243,-3.9423083914768116,4.9273345158270505,-0.033150939549079175,0.48877927453376246,2.082888532527577,1.6397547192522455,5.132718826049286,2.0907054907946883,-0.018901521906029034,0.9286659884940438,-2.0974650911656387,-1.4289175893765613,-1.3243201124389754,4.118947217576675,1.6558009033639116,-0.24388040841626313,2.3597292935707896,0.4581550677657053,5.156827027390589,3.6039947466735853,4.196561815747489,2.7014335791815034,-3.4093874565750912,-1.8684174731134142,0.5296860160458915,1.5487674562625324,-2.6782947992158275,-2.8145977242308096,1.6028826869670472,1.5529488905994946,4.962533208136552,1.934093874858977,-0.7137176493621377,-0.09712739069114167,0.8323401944498869,-0.7645141756093575,3.3336343404277455,-0.9532835451823838,-4.127943321718409,-3.5781691888424643,1.8176079086823715,2.6563679794380977,4.144548865001432,-0.4515567309282397,-0.20720224424765504,0.6854095013402974,-3.292507949132303,-0.8713303992872728,0.7907733509914344,0.807222881429039,-0.4703112171006672,2.3488916330750245,1.9004102087766408,-0.7356746768595585,1.5342920648232066,0.31105656555072536,-1.0561546060602902,4.126474000707077,1.219497109091489,0.38162943007750866,1.7496728394937617,0.028891102470268243,-3.1065158817568594,-2.481651757926742,1.7152563735315387,0.7007935616629245,3.458219269206894,1.37799068066687,-0.28123990108625085,1.55891582626169,2.402275456629884,-0.9768367588112334,3.6211125718812354,0.383441961877619,-3.6209814814499013,-4.524940838716797,1.6625137872732874,2.143430205656982,4.193237248279503,0.7305667034619557,0.4965347793498382,-0.51918696242983,3.1985880169143464,-2.6666240985775755,0.8999987118436463,1.7971975637854962,0.18510613893146835,3.3899081891884704,1.7491015501376808,0.275314350834234,2.1023657714411987,1.8528336239374916,2.1823882411526276,3.9421161522782375,1.7688357132063839,2.6649664071317885,-0.3793021489621675,-4.019139704212855,-5.194055263447379,-3.2394343781769344,1.8711554266534325,2.0351658797174106,5.467535211123346,2.6696139199083597,1.427739536775655,1.6848696439777293,-2.240695129738259,-0.8738309061774657,2.8513715257448915,0.019628919744824138,-1.8816934593427366,-0.5613327940707074,1.937548170881374,1.4497232455312452,-0.8782888602905012,1.380784098528184,5.047869552712259,2.9017030691945402,-2.1843519104220706,1.0188528158123407,-4.4482172627482015,-1.8499979732873788,-1.8610151211283708,-1.8897998625209562,0.03972569968038888,2.141812567983196,-2.1607147170940206,1.2030313618255328,-5.299715774577562,5.687942775629102,-5.10978365723091,-0.014242394290497761,2.4352933690996816,4.381667340467974,-2.7887322602645725,-3.1303747689675134,0.12212995035819901,5.144323211205299,-0.6340509911136958,1.7961551646789375,-4.693304535848595,3.5666647493497665,0.7025601641330734,-1.9605689488397098,-5.1942915039005975,0.6874931983827469,0.2639972930981023,0.3544867472735429,-0.40210637732250915,5.171468200988997,-5.983888370773878,-1.2239706346146606,-4.6147933174267965,1.5019912886971165,-0.1902470388046259,5.27161963894166,-2.279547633181048,5.540701624048222,-4.474549875693909,2.692812597619462,-0.8871234758149834,6.189532431111747,0.9437427946956737,2.5776151374937095,-0.5487542168371047,6.321373242832464,-4.112571503376779,0.47669166185564404,-1.2063280245061776,6.124775722432852,-7.1370063857523105,3.3848220126028674,-0.7303798221257255,3.9511645971688742,-1.3705788749363563,-1.1821255618209732,-2.7191348239779662,9.791416789518388,-1.9442478005805768,2.4444781957389137,-2.725547217228019,2.7893380486606287,-6.110405361637993,2.0221134832996315,-0.9009935298257541,5.088764075497642,0.12214748679196084,-0.08180156355631486,-4.245260189166355,4.02599302599553,3.4841344254737106,-0.3880733881124857,-1.7554168513031814,-2.455402368151045,-7.437856163547237,-0.7154039762151682,-0.9568972652116039,5.98015006153581,2.5526462649061674,3.149842895524126,0.49179152943785714,4.311209708750222,2.707685689052697,-1.5480086805169375,-3.780137585816951,0.47991330950134853,-6.303013509045748,-0.3421401028722566,-0.8932401924069087,6.840172348419791,0.9939820962413156,1.0899507227712941,-0.9328497713232107,-0.1283956555111736,-3.502824037691685,1.0372752377072811,-2.1968762421603163,6.335945010382234,-3.412177482495114,5.207222257156178,-0.950122289849707,5.424073168202768,-1.0436544711603064,0.20295810929999145,-3.9002818924368174,-0.5097158186565566,-8.56226238398558,2.6613133826123185,-1.5914059209810745,6.755351339786481,-3.145976753487964,1.4376986004167789,-1.6109077299138894,4.529666798120561,-0.021790817490550316,-1.3166409010645412,-6.596498680244865,2.182280356197259,1.5348302161441865,1.6107750810656134,-7.317618116943143,1.8848273773216968,-2.517661360704562,1.4780967551528958,-0.890759892130745,5.166484318438594,0.915061957670825,-2.799817243593445,0.18200845511849326,2.7275163497697905,2.881437790586763,5.342206754450099,-1.2230377251904598,1.0610907791296482,-7.364681878384324,-4.575292059141761,-0.5779900587033671,3.9618485357403013,-0.7177634437758691,-0.3472744534745025,-1.2390406228574844,0.2137657703318109,6.7973937294584434,0.1916350379638974,0.26627129655985105,1.0337148445034696,-3.146055970186482,-1.1265716176588347,-0.7623909894461209,3.085191537789231,-1.2727346483511242,-2.0611439978092516,-2.947985317383758,6.0957321114392276,-1.446257131913006,4.736338427045539,3.818841704979101,-0.0028347090957607205,-3.8761410560467287,1.7892317814010434,0.21640879520091325,3.3460491349549057,3.3244335362997517,-0.9291468438096782,-0.4800710579857596,3.346055658558544,-5.7976731202884615,1.6885593691611314,1.8185933531054108,4.152613889696569,-2.6044490074409765,3.2029969505864244,1.2579939953270565,2.4784140881059185,4.757868710360002,2.656539460532268,-4.371502333103915,3.4283402148220703,-3.1070534996995227,2.2617784242292167,-1.6160721993598788,3.8392839730565154,-1.5910970559036726,5.438555443799455,1.3206670714241366,3.9012752816942062,7.388118719780262,1.4070890080104341,-2.076016796220417,0.24899524910126875,-1.8349206504982893,0.9841016770374612,-4.307728055088555,-1.6310241581795757,-2.346989651429232,5.130908822985097,1.8726439016432552,1.783454171638772,7.974000707798769,1.4192286546342483,-0.7948961726938801,3.14338932292988,-1.8357009391737198,-2.690341972462238,-3.538959392625802,3.8773822980578774,-1.0543623614282975,3.443912025439036,2.0525036265041385,2.3189445709463965,5.796443799608569,1.0573164599124765,-3.1411335897956474,2.020161303808025,-1.3186567622387482,-6.350758611833571,-5.053826205093432,5.508167986097329,0.010790929340126022,2.080539127698523,1.2496457850689182,4.15626711544561,10.769051951353811,0.7977513508026536,-7.249493727943287,1.1356626816436943,2.6074679271436656,-1.8248296493062672,-2.2901212017523362,4.2023927634525196,-2.1263562587655516,6.510494404751409,1.1373139331623652,1.6227082031040143,3.94350251144235,2.1650079052083853,0.5395955249562806,8.168298915192995,4.611029324509933,2.5382548238122027,2.3405069100408094,4.634150898827292,-0.8243287863492876,8.386011872363493,1.6005747872928298,2.8734167686424836,9.466175930225493,-1.9029022554414303,-2.5821965317926634,5.051035227992623,-2.809856757819794,-2.526382894647231,4.679152625235192,-4.6305866028125795,0.00485387840542294,8.495235621077185,2.286404804366486,2.803857523455416,7.699352032939085,-4.713489739121815,-0.5679082249761147,0.3151096711541974,-5.313489137904742,-0.5910279566965067,5.649335502274059,-5.646245907206622,3.169918105730055,9.071829427854341,2.8348235345521973,3.1731900637941144,6.83600034648577,-4.4824389286674675,-2.5795285948633393,-1.9612917171227946,-5.2363851085544955,-5.104132354555421,-1.1199005971964489,-0.7206239220790683,-0.7528100076274947,3.774102979033012,2.6046641964153805,3.607003054441774,6.731828992432497,-4.383000609823293,-3.913654590214482,2.7222349882434744,-10.909176234455838,-9.692457010148976,-1.4721028941670318,-1.5713234259198814,1.5756814944618214,1.6218924874970444,2.6966450313520354,2.9113099086379814,6.300724479845115,-2.987915725652304,-1.2520759530220635,2.77250903921322,-3.507926817540047,-5.988290587059895,3.2612407571973807,1.8115913268035604,1.662650994975785,4.669292695812413,1.8354166924285928,2.195023156618458,6.061290169719832,-1.9962792769254962,-1.0188761641109332,-2.3658769805505133,-1.8601173705972656,-2.685820242335021,5.145219154003749,2.146429425236773,-0.3486878343550258,2.207189327033172,1.7842802144885186,2.0834480014314902,7.30445118590453,0.298464904994491,-1.7244844137447235,0.8702058947606673,0.6270572532317881,2.614736181070161,2.2149322115573917,-5.896259144929472,-1.8851975858265304,1.5154809359995238,1.3247785683649012,0.22668419608516951,6.2111134981470855,4.387643139492029,0.471789949161368,1.3899908733298163,-7.554157641310933,-7.288510323350996,-4.760506254876579,1.5928720113844639,0.4571883122334274,-0.27667270987206555,2.4616628674062793,0.7063931786874815,4.49891580194613,2.181214710599741,-1.8135944458567086,-1.5749363743205151,-4.5800984850722966,-2.875524577176865,2.58318692414189,5.949909187367383,-2.1542854800467808,-0.66369435274237,1.8078918510748765,1.3338825087714052,2.8630527255440135,1.9584114284127567,-0.7950672184439342,-3.0909921982264374,-3.0006922965779674,-4.0366468695862245,-0.2793107072621014,0.8182634163894622,-0.5776052248848059,-5.1994653751850315,1.6082326735818877,3.13093440369402,4.101472503023998,0.39221071671142016,4.149054447318471,-0.5073748160079737,-1.9217738721049877,-1.3253361865192532,4.256226172214341,1.2991372629316504,-1.2741200786512912,-5.56468542721556,1.1238186456598473,3.8178438186131896,4.944422679945571,-3.296616035290006,3.435203753575499,-2.1134414082892734,1.1660412558007718,-3.8580937280237997,-0.6167188618974341,-6.006352541564861,0.18842698240268368,-3.4563821359469564,1.6445611105948736,2.501525861836101,4.793054976863206,-2.0593210410124034,-1.6754419349913006,-4.2160376920823115,-1.1609709299304733,-3.297533055468251,-0.16342368168100807,-4.963562063915175,-3.9348155453417015,-4.739929784240758,1.6683761723780854,0.8186192466394475,5.194983872105901,-0.4280522089369858,4.5680394860188045,-1.7333751952196972,-5.2231744271966125,0.504850851909137,-0.0706315818701929,3.400877179755965,-0.48536668737623023,-5.462612760818787,2.445597426630299,1.5026379482365844,2.0496442498917986,-3.836805885644417,-1.4321179411495992,-3.929552616689003,-3.58230924875504,1.2507575969711096,3.7348424670278306,-1.0301466598889129,-2.0766470229982,-0.21391598648661433,2.0329348528805293,2.0627189194786197,7.373279086482204,-4.803232003935161,-0.5851420444766983,-5.248163544247414,-9.775472975595584,-1.4048543998729945,5.766710518279356,-0.8259621883217505,3.6241749004917656,-0.08140193300902099,2.995059691068848,2.169461532753974,3.902731845003977,-4.728470736198745,-4.603631594266271,-4.185666601559922,-8.574375308317961,-0.4664084380722118,4.437231061673572,-0.23817440438938345,2.622579436561591,-1.066849928382752,2.7870104188824953,0.3454717901017763,1.348486246309289,-6.627629864846703,-2.3292515828191287,-2.6381995153539584,-7.948691231414622,-2.5387608597111995,3.667929267222617,2.044224677035767,-2.4276544910581728,0.7888697458413212,2.4178468324746745,0.6558757542710864,3.5097097322318738,-5.3651480251078665,-3.3721012296812494,-1.0240896798782204,-3.0022129126556916,-5.841870441412502,4.361827413909705,5.6596571670936795,-5.516323656842692,0.3012733516336791,2.3119745322339917,-0.20770400510973708,2.8121799739283158,-6.20163067187797,-6.654133769156495,-1.8678531009064738,-3.2812050499969003,-2.89077349037066,4.915502704541764,0.9805736806271955,-5.417095823236564,-2.7133237651913156,2.340326115722961,-0.880490125666134,2.3886864734601145,-1.1133278338037997,0.3642496790079221,0.5826857316900113,-2.640835393093084,-0.9742635274599161,7.193137093902925,1.7025054075993928,-2.7086549651019673,-1.044165432293447,1.8080810345644265,0.4962313069161117,2.5137128721329147,-1.6065422207947195,-5.474844830476755,-0.7929420851431732,3.452577277149192,2.1232204471321583,5.280451796357074,-1.4070978887291803,1.7380883595194183,-0.2629462260522476,1.802498239560508,1.3781417580026658,0.9090374989404986,-3.7134074455142643,-3.3166150861051387,2.23478356967658,3.846715612403914,-2.4667112725789093,0.8614443729444687,6.226937413351884,-0.14597577378679102,1.5609854261154505,1.7276340270810342,0.6677229522586807,3.2867469472782984,4.953537508861273,-0.5166770525768886,0.5173878290735338,-0.9813530331408595,3.9375326058987388,3.8580732401104267,-0.2774042877544471,-2.4108351554706453,-2.8513685872956493,1.7730108119409649,0.9506757498880878,2.515429435858817,1.039472598681411,0.3393544574585812,2.5596990050535426,0.12367897005822369,-4.622481948146259,-1.8292527126905689,-0.34678333541453754,-2.8125652303301805,0.4128016835417666,1.3872182760494915,0.7809777591345074,4.490061208127628,1.427903598952308,-3.061900085708061,3.323096430468655,-0.5901058883493578,-1.7633660269604516,-2.235898339707194,0.17139257890396828,-2.3481403919904458,-1.0100420579350975,1.5569282681910412,-0.03804213531122883,4.665953689764954,3.8225370637045017,2.48231294892657,3.752511848562095,-1.3948180373061958,-3.6800915972823307,2.221906061682592,3.2555374450653733,-4.809790459662867,-6.788378527004108,1.2691080995051747,-0.11832864269977944,1.7107438153534524,2.003906655441442,2.5465513957065946,2.342833041367587,-0.31959819149879126,-2.692074351004864,0.483468940937718,2.164263890833946,1.3765809417813544,-0.9875176004525781,2.388050525540895,-0.326155035860651,4.270476529062664,1.0295851562979077,4.198370790215704,-0.4218988904336911,-5.866452148045222,-1.7709816514063468,2.3797521292291965,8.469299259172773,0.5207865857452468,0.813602046690141,3.1560698897351056,0.1255180228368299,0.8842082848164079,2.884389668565376,-1.5060292971194238,-2.864706422854291,-6.710397661683792,-5.4589467876152105,3.7722499435825907,8.027875308108586,0.133964029419478,-3.612898846817039,3.389868992441182,-0.2679578470992429,0.8036147242530314,-0.45674461391758037,2.760025055716854,1.445470614095386,-7.8348699909461335,-6.850674472991697,1.9993636587855776,10.662563879932751,0.900421674789428,-1.1830585010571315,3.5012358001221395,-0.48747888150094487,0.39040027345903777,2.4241711350214104,1.5129606329296867,-3.6412907097011082,-11.351549712458892,-7.84239552954602,1.735708276285997,11.677894060284723,5.604858511979671,-2.62798809926611,3.4292237095751106,1.0183459240034751,0.13502892769866462,-1.9956894466870632,3.7157666767780753,-3.7868782978253197,-11.411085727700613,-10.125091552030097,2.6119160368316003,4.937357793611402,6.060579955556958,2.4794995804800584,3.4927394870029924,1.6832938003945144,-0.34845042430332007,1.1630119378917143,3.5755190642128576,-0.6977790329162566,-6.954451787557132,-11.476697278829494,-0.3305060433260984,7.615411380449431,7.048625005032186,0.14765305742413365,3.786665436585105,2.0418142559117762,-1.057189093760303,2.717461513738783,2.00691449747043,-1.1978178748627237,-3.790612431412624,-10.336907352586842,0.8782036302866736,5.081112490499339,5.469413069606052,1.9243374856165252,3.5053779092505004,2.0082189990589754,0.19291047495320288,-0.7272229859446911,1.3751034977242789,0.5750054153309461,-0.9167739444608463,-4.290918987206784,-2.6919429511872375,0.028409162188861716,6.207685450513686,1.6120069433339324,3.968000070235792,1.0664958669471478,-1.316690309108629,-2.796981762589096,4.0831328568295815,5.227948440624384,-3.8060909093006736,-6.477877637521006,-1.4133452929748185,0.845941770343494,3.8961422680665865,1.5758495896237807,3.3595833454205217,1.8348547587062805,0.1770317428064606,-1.410965185759189,4.934232245686331,7.9600850498051825,-2.6305296874509145,-11.286400061600329,-5.3590832441789535,0.41599247413811496,5.575698767320976,3.278260868378122,3.711844411808162,-0.21871921670038375,-0.882091094313626,-0.6159469160858566,4.464863189896999,4.740775002787984,-1.2452407659885805,-7.502694301369703,-3.7131812120887324,2.4294692259339516,-0.1431367630422058,4.117338371163635,3.657770474768814,0.08417296278638581,0.16382996830609953,-0.3341708925902804,2.8267855173212686,3.9638261282791896,2.9275356440435427,-6.510109824711848,-2.5325556532808835,-1.7769327744736065,1.8628550336639946,2.474883561794574,3.6692186240757994,-0.2757150680696861,-0.0248966091135924,1.0985237773772556,1.4226049706568353,-2.015183807267047,0.4752618098909309,-2.283689366370078,-0.002892649654271957,-0.09385792437295257,-3.870563024825384,1.3453058945764156,3.3152760183713172,-0.38574854705797224,-0.4588934374385179,2.91320121372137,-2.571938576451514,-5.751222719497125,1.3624021046323047,0.22186749939777403,-4.88055612764034,-0.2679400825374501,0.5288423054870746,1.754403674593441,3.084605910154742,-1.4136478010191553,1.0415575816693212,0.9943135509645603,-4.665379012165443,-5.161632754400477,2.689029776714264,-0.7812682612842217,0.17764463468828778,0.21846510221305163,0.1908201627411449,0.31608823277377235,2.963331392444891,-1.7659260519883908,4.616413972141818,-1.1587443357138398,-6.180359124128823,-1.5263975890989023,1.8595053114907178,-0.8205346373881046,1.534881892115966,3.2216375638078874,-2.5748495164365157,0.0826877715083975,2.8706132901950876,-0.48958407016079286,5.7773852334435345,-5.0314209422497225,0.29494535388925636,0.7723923713614993,-5.732463207904314,-0.5731830334539553,3.7975460332266984,0.8316115301950252,-5.941208063615769,0.9201777168777369,2.16401615287693,-0.0871737341139766,5.053208926552952,-4.790692300419532,2.233994375099816,-1.7880865303959508,-3.2107172394442296,2.8412074935453866,5.111550129898266,1.7341041595984306,-3.6283859436712977,0.5376267282121394,1.580695296296542,1.3071544459706288,4.565651554101036,-3.9824949460722605,5.49645552961577,-5.6073714126732135,0.026075997973692974,1.5909159267925514,0.9828286898451268,1.5183718494778924,-5.0728934129741345,-1.3427283416662015,1.4703002162854832,2.401160008733954,3.2360615211651935,-5.636499454803908,7.617063303702732,-2.342120510804759,1.7050570861400354,-3.3530216019758186,1.1955839336217515,7.21420754260655,-2.3193274863736804,-6.154887706662883,0.7554067484276292,2.4232136314043173,4.322907970025062,-3.0988090136631454,5.207634628819587,-1.8441363898694347,6.113708421812593,-1.5771154208860894,2.0009398351994925,2.2729805556306695,-3.1509779343263458,-3.815043787072524,1.8286399837909504,3.063048059856937,3.127338164504369,-3.0427719520395717,4.325145751249993,-9.995439620849416,-3.61612099248653,-4.654028792613874,-0.527621024296727,-0.002116788590030753,-3.172204608345464,-1.8814368085933202,1.899988712758295,2.0704368470883656,4.08062139486168,-2.0087598179563484,-0.08507795534268846,-9.817566986061877,-1.3142005018137843,-1.4345017379268448,-1.2637118759816814,2.4695518341925875,-2.914680719906472,-0.2659824285138497,1.0733127648679195,1.4392189027552431,4.971387144812327,-1.740977146306127,-1.8317130216628914,-8.793208122167465,-2.1352704664005535,-4.220694997351573,-0.4963587790453774,1.817119815422039,-5.326429590209997,-1.802585901110568,1.5705401100292988,1.3403563954323536,5.19004460607961,-0.5088648960759634,2.9208618246171345,2.069476431108639,0.08354296392026611,-2.1848107942539663,-1.4016399611482357,1.850682118931219,-0.5154493307669937,-0.09704914020903534,,,,,,,,,,,,,,,,,,,,,,,,,,,,,,,,,,,,,,,,,,,,,,,,,,,,,,,,,,,,,,,,,,,,,,,,,,,,,,,,,,,,,,,,,,,,,,,,,,,,,,,,,,,,,,,,,,,,,,,,,,,,,,,,,,,,,,,,,,,,,,,,,,,,,,,,,,,,,,,,,,,,,,,,,,,,,,,,,,,,,,,,,,,,,,,,,,,,,,,,,,,,,,,,,,,,,,,,,,,,,,,,,,,,,,,,,,,,,,,,,,,,,,,,,,,,,,,,,,,,,,,,,,,,,,,,,,,,,,,,,,,,,,,,,,,,,,,,,,,,,,,,,,,,,,,,,,,,,,,,,,,,,,,,,,,,,,,,,,,,,,,,,,,,,,,,,,,,,,,,,,,,,,,,,,,,,,,,,,,,,,,,,,,,,,,,,,,,,,,,,,,,,,,,,,,,,,,,,,,,,,,,,,,,,,,,,,,,,,,,,,,,,,,,,,,,,,,,,,,,,,,,,,,,,,,,,,,,,,,,,,,,,,,,,,,,,,,,,,,,,,,,,,,,,,,,,,,,,,,,,,,,,,,,,,,,,,,,,,,,,,,,,,,,,,,,,,,,,,,,,,,,,,,,,,,,,,,,,,,,,,,,,,,,,,,,,,,,,,,,,,,,,,,,,,,,,,,,,,,,,,,,,,,,,,,,,,,,,,,,,,,,,,,,,,,,,,,,,,,,,,,,,,,,,,,,,,,,,,,,,,,,,,,,,,,,,,,,,,,,,,,,,,,,,,,,,,,,,,,,,,,,,,,,,,,,,,,,,,,,,,,,,,,,,,,,,,,,,,,,,,,,,,,,,,,,,,,,,,,,,,,,,,,,,,,,,,,,,,,,,,,,,,,,,,,,,,,,,,,,,,,,,,,,,,,,,,,,,,,,,,,,,,,,,,,,,,,,,,,,,,,,,,,,,,,,,,,,,,,,,,,,,,,,,,,,,,,,,,,,,,,,,,,,,,,,,,,,,,,,,,,,,,,,,,,,,,,,,,,,,,,,,,,,,,,,,,,,,,,,,,,,,,,,,,,,,,,,,,,,,,,,,,,,,,,,,,,,,,,,,,,,,,,,,,,,,,,,,,,,,,,,,,,,,,,,,,,,,,,,,,,,,,,,,,,,,,,,,,,,,,,,,,,,,,,,,,,,,,,,,,,,,,,,,,,,,,,,,,,,,,,,,,,,,,,,,,,,,,,,,,,,,,,,,,,,,,,,,,,,,,,,,,,,,,,,,,,,,,,,,,,,,,,,,,,,,,,,,,,,,,,,,,,,,,,,,,,,,,,,,,,,,,,,,,,,,,,,,,,,,,,,,,,,,,,,,,,,,,,,,,,,,,,,,,,,,,,,,,,,,,,,,,,,,,,,,,,,,,,,,,,,,,,,,,,,,,,,,,,,,,,,,,,,,,,,,,,,,,,,,,,,,,,,,,,,,,,,,,,,,,,,,,,,,,,,,,,,,,,,,,,,,,,,,,,,,,,,,,,,,,,,,,,,,,,,,,,,,,,,,,,,,,,,,,,,,,,,,,,,,,,,,,,,,,,,,,,,,,,,,,,,,,,,,,,,,,,,,,,,,,,,,,,,,,,,,,,,,,,,,,,,,,,,,,,,,,,,,,,,,,,,,,,,,,,,,,,,,,,,,,,,,,,,,,,,,,,,,,,,,,,,,,,,,,,,,,,,,,,,,,,,,,,,,,,,,,,,,,,,,,,,,,,,,,,,,,,,,,,,,,,,,,,,,,,,,,,,,,,,,,,,,,,,,,,,,,,,,,,,,,,,,,,,,,,,,,,,,,,,,,,,,,,,,,,,,,,,,,,,,,,,,,,,,,,,,,,,,,,,,,,,,,,,,,,,,,,,,,,,,,,,,,,,
29,1.0,2.2292323227807547,2.3261864844625846,4.326150513693437,0.3894184814010812,1.7006048712359125,-4.353692917797083,-0.06955156386328283,0.1714178002790612,1.7212529586406058,-2.1614639256964145,-4.603343878009658,-1.1572371403373436,2.0798155036390953,1.3401490004151997,3.0173920183087657,2.024812648628305,0.6767625527807615,-0.5948083580096267,2.0109762495405477,-1.753946616135141,3.003871891340664,8.119603189940186,-3.845210201747128,-5.031347329673563,1.9728835853474638,0.12535609654307778,2.873749969720717,-0.5207497684729866,-1.1211275265858245,1.392364682249136,3.3004023300080374,2.0098324659960274,-2.3957943827949206,0.27869185679157266,2.261313845702527,2.4064355048896497,2.246637105212682,-0.2459822945674104,1.963436639979797,-2.1130013328818524,-2.2197230423570473,1.600701365269019,2.483820562512749,0.3630292796269319,1.0476603857165527,0.6309054643633659,0.13985463474175866,-1.1987253987799276,1.6014667837992886,1.75782823290694,2.9502451379967565,0.7592477733957331,1.4219665165290414,-0.08789133951822212,2.270462271268804,-1.6158530191405718,0.11983212956729242,-1.1352632396011175,-2.3172264908512723,0.7820678108855261,1.4207454937166926,1.1401787992114458,3.195554792813259,0.4336801244371526,-3.2485889324406165,-1.6536820475881475,-0.6269065928575701,-3.771976606584531,0.6829390451166518,1.2623624478421518,0.6379435881708028,-2.879412904685194,2.593442847408804,2.1259100610881734,4.2973882809554675,5.24703608447005,0.7908866269152041,-2.492256640743721,-0.3081620599379805,-3.004716757652889,-3.205268484429502,-5.105444059078225,-4.305106001129213,1.114148942294553,1.9793387899838228,-1.0190335059944575,1.8119756691303386,2.002078843624436,-1.5537305048706838,-0.3630440472811787,0.6548652653992025,-4.106515742483232,-3.058959472319245,-3.1413491753321456,-2.777011857605503,0.40466065641964033,2.014482916623687,0.9747981647051271,4.672047667847615,2.0148796231141706,1.7521043381541441,1.0608861403306513,0.9753275553085156,-2.909035922413652,0.3932797522604786,-0.13677712338594936,-0.47164644808982353,-3.3365542654591938,2.1724097599739967,1.341924167363143,1.3664399159353289,-3.0486758627047115,-0.7677377181192854,1.9884161811812835,-2.7842347360071664,-3.06694141783673,-2.462726499111714,-1.3712326833836666,-2.2235385290862215,-0.4433721109536952,1.562457341548236,-1.0295198679768207,-0.1754742913800571,2.5079356376803643,3.921197198495365,4.3510611094502245,4.091352542970041,2.293570514272505,-3.5023060251767144,-3.562181818761148,1.3208126238905755,0.7488357362704776,1.793409248832053,-0.6780577531195343,2.071846597487266,-1.2291677346499499,-0.10819255332023985,-1.4239245053170524,-1.0778343355489952,4.409088487043935,7.137370502620867,0.31027647590017005,0.08259797805158453,3.8472891293415774,1.9024781930211525,1.6272489786950133,1.750950211865683,-0.06400516223040317,0.043846704008401384,-0.6182969118559343,2.329114773227563,-4.340027899841336,0.09134496476952314,-2.909023719126207,-2.2309138223895286,0.706929685257944,1.8929173404403972,1.3021656626672973,3.405103143715153,-0.9406505977989069,-3.129436411550879,4.134597523395897,3.0221957862415683,-4.113906852836292,0.6296182133052936,1.9463301336376517,1.9622090656576137,4.408361086843661,1.722880005486462,-0.23956703475795435,-0.05076255927045514,0.6350022800459478,0.8113234043284147,-3.0602781892377915,1.238186057639066,-4.720086885408846,-2.1243039418425593,-1.7876669417666653,-0.6991088356041107,-5.945367621152335,2.6947251864042086,0.11583045477107189,2.5183789106376695,0.3964317867958393,3.5677614736095173,2.2158434421021687,0.659963024861391,-6.201837562732853,-4.319884805059918,-3.2027176690070176,-5.127230763945831,0.2982614682794567,2.2354115925975724,2.0629929915824703,3.610981847505863,5.352494710944465,3.500103330295618,1.3802104140700466,0.5825619405415062,-5.169341625689807,-4.620702844046152,-3.7866750503962163,-1.9226447768692239,1.895309422167733,1.9122834898046739,0.9681961415965882,3.2700617079504894,1.024713077290109,1.395677967927869,4.806649217616557,-0.9667595327591813,0.6658178122853025,3.0689552587818816,-0.026784774281596188,-4.602922798328589,-0.9242504098656796,2.503989719258692,1.4220451475982558,2.7743126268099854,0.19299033937490562,-1.4045790531045872,2.1514465866492243,4.244656730746216,0.9097048965271705,1.866929320510432,1.85779908770004,-0.37984927165858384,0.00497960330861842,2.025732704610632,-0.33584486536919084,2.3627334244624,0.5984687785201748,0.17616326466794047,-1.0971814271987497,1.878429921779846,-0.35949903232605285,2.9796316219818197,-0.04291440752532824,-2.692182386962797,0.2018112592555622,1.6984537408714901,-0.8814800217622986,1.9703857139177698,2.416665041296151,3.0520326466295025,4.937995265213188,2.4791008151600447,1.1155835644769805,4.717455327621777,-3.0590218290087923,-4.750337307939969,1.3181618072767656,2.0338785315346852,0.8452216753127891,0.6148391896598571,-0.20498180989602705,-0.29554325173583196,0.6467878726545385,1.0637392288916556,0.5315857751825984,4.433715984829571,-2.1705797063508516,-1.3922366586280488,0.6627010323061361,1.5069803999898734,1.0614362336440968,0.7111198577023445,-2.8651371039896834,-2.217512223821184,1.401475538582019,3.693542551060795,-2.1422402041651503,1.5208149372057598,0.8663005152662476,-2.4733754908996968,-4.258627879254823,2.232681294986941,2.0886758341472373,2.3492204230688967,-1.32477936060144,-0.5892246737690033,3.0473416845091195,0.705067990035674,-1.516315713153966,0.509391809685923,-1.0588756566167958,-1.039475703252191,-0.5215048409778319,1.7657700171047974,0.22703393600329183,1.5228655875567827,-0.18378087238482624,2.2980748120962318,-1.0352622867112924,-1.8478528536749717,3.2979093505714125,-1.2562747266856662,-2.2025129797124237,0.1419933459800251,1.3936270327973062,1.6591667843523459,0.5452324233548947,2.166843164737797,-0.8539780469630293,-0.5497115594387443,-0.7302835225212171,-2.916436127103679,-0.6844658424799576,3.5562106695377476,2.0779439654075023,-3.1083256419267067,-4.337559458091836,1.4363869542717909,0.20681028340826332,2.1571108025820984,0.17034300059778923,-0.17728811853432663,-2.5301859220981724,-2.8652368771455285,-0.48303702096729867,2.4674299185635795,1.814916864062063,0.017534026555343092,-7.7099577777851085,1.7652899323304982,0.22689012204649694,3.89298888503711,1.378247004692744,0.06725660391747598,1.6192084242259401,0.3091465191841536,-1.1709635655515245,-6.40699040175688,-4.77934867226206,-3.5746038091305308,1.4667590026500004,2.001988815318536,0.9065737313899587,3.0621800264765655,-1.1327673423102604,3.282593462601064,0.1184075651018661,-0.21125685402165134,-1.6697064441623406,-2.9021046846481293,-2.3625764973646097,-1.1453478583085057,0.18116063462286747,1.6577349998208575,0.06310169836436946,2.6578380061600035,-2.8315491811227314,3.4709213199303894,2.761462836167245,0.3882461684858558,-3.479808519921323,2.165441191125853,2.1730012884467786,0.1300634091640193,0.8562452360272859,1.7973214720073547,1.4176022990559836,2.44300113983723,-1.5714868146924337,1.0264930487661494,2.002449535653324,0.7192806074727477,-0.10881104909318597,1.625899221627421,6.843720263274741,2.488437853301543,0.17475733261099755,1.5168947913160802,1.3147881334660465,2.575944431322829,-4.180212997258089,-5.205047386860893,0.2103940077789864,6.152982672554122,0.24172245276894327,6.696081162271361,5.717377468884862,4.177046633748583,0.8214051594535106,2.544589922384317,0.8768352566402352,2.862412808923918,-0.5787783996197153,1.3419575562593995,0.08070513274206417,0.6752679926548503,1.8168632661643223,2.395098413013225,-2.7232698772974575,-5.964116514609799,-0.466533317626862,2.2496870350778884,1.9045726644069614,2.389027184918731,0.0674898453471738,-0.40758468171307494,-0.26172159140548296,-2.3445772138297842,-3.086169626555182,-1.7477413990716422,-1.5915250525210947,-1.5981926620231541,-0.04630188984758177,2.1846120194751273,0.7211748724682507,4.012446204956063,0.5277446629051739,-3.792957934073888,-1.1016960320643583,-7.856911890926002,-2.031681573841297,-2.5129441810825734,1.5315449877464287,-4.432014400351539,-0.42473430365296705,1.9857996778248097,0.43954154803247414,0.027512298905931352,1.251190384686356,1.0655476603402283,-0.3121013878774522,0.003657185581007013,-1.109587972794612,-4.219473226998016,-4.808408917524096,0.4981052769517976,3.5733077653385443,2.302507694024093,1.54329702912356,3.474377166041536,-0.06252497987883579,-0.30532380366736855,-0.6418016693222806,-2.5980766769190007,2.929749002190123,0.06727690372228302,-0.14693809506273653,-3.386595209580608,-2.5866930150020084,1.5897715133771113,1.5099302856293932,3.6381733776695317,-0.5472874428130875,3.040921430148146,-1.4164242229425414,-1.2301223342750887,1.8174204320431204,1.837560839853109,3.0279164963976752,0.9550019040522348,1.4748156584547165,1.801084524846292,1.6303964931307628,3.7637972725615008,-0.8569101750289303,-1.5522104514107433,-5.010342244206982,-4.588467982716693,-0.8418056465202397,-2.5429560496640753,-2.5408532431885344,-0.5092871620443247,-7.36858843018183,2.0272106669801992,-0.21009077710297694,0.7222149689185544,-1.4119188053522005,0.9032550887183992,0.5270704917482423,1.274195216507714,-2.7676586379813135,3.115426364086139,1.801088316003053,-0.3925513134576924,1.0806452973170992,1.946155607614303,0.9212638136497533,3.150215500019133,1.3241693434809139,5.354613089161672,0.42039552648630457,1.3471058080605147,1.9339654020375883,1.2058250438187113,-3.8149235187625616,-4.45344082513827,-0.4344610824437123,1.6896499981658033,1.0508301970834142,3.3015318265828624,0.40458799196986744,2.0367253019649527,4.681273155905523,0.1844575635899045,-4.023167157463479,-2.326712681109842,1.9055013076716214,2.344802661646535,3.5822051823298704,1.8947753650368748,0.5384822492466164,2.5714760713474045,-0.12181474440907543,0.951170045991513,-3.7524340660666518,6.460063719707392,1.6393871285567336,-2.343512364801415,-1.9935560796094938,-2.7414118793774285,1.734905295128627,1.820731149329155,1.1820738135152768,4.016313887780554,-3.497456542039708,0.8956602241249828,6.571247823131251,9.900762906849735,3.738041469774132,1.4602977858056905,-1.5464287606113345,0.38356921743477873,1.9277410709922533,1.902055480418784,1.1780553270694658,3.73084274829133,-0.3259791437164519,0.8549313242854449,-0.9425391252981309,0.8946001925104768,-2.990423889153267,-1.2473144736745438,-2.5633177821297317,-4.850251328949042,-1.2893975584177246,1.9809257352425833,0.9738660753467576,2.888930961497928,2.59366098914703,3.2669656777331584,-2.275287958852986,-1.7363018537837616,-2.1577151267339514,1.4760852623587892,-1.2258228364858605,1.051879668837595,-2.4143475020251994,1.6574544173002654,1.174633034325948,5.428155481718842,2.285211396485125,0.06352613136675524,1.252028020691953,-2.0243402528309176,-6.0863814481959695,-2.75401463487557,-2.7923262925004075,-4.368014208150685,0.29789289401171454,2.2209208697390586,2.311977474835874,2.0603381562718646,0.6785670053067958,3.05000158305236,1.094908941750481,-2.772639408800481,-8.865356843246111,1.1352490159622435,-1.154366465593262,-4.94644581932718,-3.0171910812239986,2.47929758486161,0.4470236115364505,2.7606210417532755,-1.7006251484954968,-1.923246820548285,1.396327633389608,-0.16960899317152506,-2.1592476606821025,-2.3655960862843326,-6.972412731460546,-2.5717844130328475,0.06108393903439163,1.7010489804616575,-0.699114307224855,3.1613885089009366,-1.0160147101636476,3.2983745941812326,-0.4902560599452274,1.329491731989463,-4.463552844572884,-5.357663408304158,0.014906539633328766,-0.17698412425137228,-0.20725005293405602,1.9324861751231708,-0.22968271732302833,2.624498915488881,0.260869357098955,0.8352540233963438,-0.7845383643925875,1.3539740852734456,2.8699358823604837,3.2768701810592704,-3.3180536833113625,0.46828662022954387,-0.13382865899980795,1.3912712140219934,0.4366932221758237,2.589899173402353,-1.0347960432440655,0.24755001055247616,-0.3028983846551115,-2.074874420005686,-0.6338016444024712,1.9360511485180165,-3.4477698774001833,-5.7056248187794765,-1.3815958999493665,1.7728992901836094,1.5124639557837787,5.185624098783023,-0.7334145996217528,-0.48044639025734637,1.20464102817908,-1.5387557487829608,1.2729394211799552,4.630996780343316,-0.787937334357303,-2.5599669995376737,-2.287238647352717,1.4996788449317724,0.990966937954488,3.1585870774937663,-2.1296648314772297,-0.8656286841204913,-1.3192821622748874,0.9952912668855686,-1.86823065505792,3.8477593306234223,0.8568676896211816,-2.9549889496663897,3.945505634321785,1.9537405058997568,2.6960499210315403,2.484309370517374,-0.8135578118041178,1.261099446738406,-0.2515000397190613,-1.6149050159555411,-1.1944901559976842,1.0474066880521642,-2.1211055575736815,-2.6959792414951074,0.1177559898958577,2.056817954596093,1.2950595036896901,2.024813397157262,-0.3371367695851894,0.3866134034074851,4.239637660138491,2.373111537931019,-0.5741161572249819,-2.4085504260839294,-6.00264425347419,-3.2792164036698668,-2.36922902392106,1.9602878380515687,0.7554134819602707,5.921850291373135,2.6499381727844207,-1.1003191055272412,-2.459570086004324,-1.8531729469777474,-0.2661500699467504,-5.544779481584018,-1.711326676158177,-2.6351106850870347,-2.0217128568396427,1.964827275408302,2.4739479270099394,4.672868538512485,2.8837389845792782,1.4362508277825783,-1.8175784155089458,-2.1509283369745242,-1.8959996924228886,1.6620465789917391,-0.851510804310841,-0.07187318853749687,-2.374207540761185,2.3371577590309385,1.8414317080562232,4.423525181372164,1.286772791951392,-0.5922652654199267,-1.022949691717417,-0.3898537573748347,-3.7551500162050533,-3.8861768129204823,-3.497306411999499,-2.8525975463436657,0.5827065486938924,2.113775371714088,0.6381982345973174,1.7223363025463099,0.043092129568540805,1.1747652300045417,-3.277091202690571,-1.780600502598189,1.004084080927151,-0.24884134435684604,-2.986264058081332,-0.5113172658332396,-3.3787445544734984,1.418356154454226,0.17584023760135034,1.6180364215002538,-2.858507590549356,1.6930345677577976,4.456408287313047,-0.5999440384079073,-3.3388116987565275,1.1531016218897479,-0.7294634061261518,1.8548612511732867,0.3741201631347479,1.6122719580166631,-1.3894726969466802,0.8307745803375252,-3.3926880149444525,-1.2814536695819199,2.9649171517255293,-0.5054377089480365,-0.04857991951304542,3.4540214147980413,-0.7876132088792228,0.8503933361390078,0.040249901470157716,2.2919889101346436,1.1466295024817423,2.558542489807743,-0.7789064659743997,-1.6887650852847382,-1.707069361040147,1.3913375644951784,-1.401441209604543,-2.1861165886714584,-3.476555399935699,-3.364906401998438,-0.24404265207942688,1.3305373656793762,0.9439081722993394,1.4718885330693976,-1.9984817912536363,-3.8174471545981103,-1.2636108802386186,2.985366283573805,-4.608299896820873,2.0624850480707044,-1.8591841317628528,-3.6171543666259054,-1.0718103968425008,2.190888778494105,2.3305670623383716,1.5833283775608922,-4.516183692891493,-0.06788270242831375,-2.570334788572242,1.398720957321873,3.5165106479807324,2.9157825655511305,-0.32660466038907604,-5.479460821042738,-4.316790578956109,2.2591294335667467,0.6081757433005472,2.165121648521906,0.8402068218981796,2.3509542088937945,2.969223359548389,1.8983960009792422,-2.5315006227910124,-1.0526163927086647,1.4316036571614843,-2.9098154535872545,-1.5445957494066105,2.0418190802288128,1.0684484118949278,4.3681775760684465,1.3871289773608388,0.6003503198450779,-0.24862165721499957,-4.092933866675516,-3.7986192082256047,-0.5035883859908634,0.22950460754357463,-2.5065772325665354,0.01672731616825575,1.6121621135824173,-0.2796804998330227,1.9990726924125455,1.8204984212740678,2.406527130008373,5.03683244383106,6.163534066876559,-1.2614652712925731,-4.090774058675521,-4.372112619138693,-5.847729006817147,-2.9052761843910844,2.0185255540229217,1.1726661033119836,2.286557803654571,2.3571719955422052,5.327499554424638,-2.179509049845883,3.897905234525215,-0.34065417631220224,-1.6970201495474126,-0.8962646490395639,1.4274247903339294,0.20934481162517204,2.108574734023664,2.2035333863751534,4.497564005854469,1.6527393650442193,-1.1584501498422866,2.5952972469158326,2.4939025342836985,-2.249379439246688,-2.3676075236876555,-0.4382512793879685,3.0451896912656755,-2.754524815008224,2.1499429489977366,2.0605018767362164,2.4538954632756527,0.36534501635732947,0.29915895428172884,-2.462454809638842,2.415808517747053,0.7294520089697372,-0.0729618603470291,-1.7436374080973824,-6.645147734080913,-4.050680921297094,1.4351427693579082,2.6205898760054636,2.257011501779388,0.11138955591977685,1.8978536554467682,0.1562136403457768,-2.966704036928115,-3.418964605227027,2.1583186015169655,4.934326513158042,-1.4430284215664564,-6.927555547036784,2.1716942433670328,3.8945988071730873,2.0066841073677306,5.670553447984311,-2.9266627390427624,2.166619763338831,-4.841653707142636,-0.7863327893616692,1.6532693650361376,-5.428009147295931,0.8164431497469801,-5.36876883245944,2.001621855115314,3.0277876209948174,3.0172986797736288,3.2426090828170757,0.868515044036204,-0.6265476145367123,-2.7592859671659418,-1.0484050223986852,2.195984467927721,-0.23436291184904062,-4.696399402956355,-6.7013943827827305,1.7462941797549982,1.805018078990322,1.7258811314259583,1.2538187091103017,-1.3330792435110785,3.3069231703029742,-0.32697344493108854,3.4845014597564536,6.151529413677816,-3.1055380632149965,-4.878676063979952,1.9926079520051887,1.6738623746247878,2.4073577678774907,0.9228375767161529,-0.7284962103239805,-2.8866599982163996,1.0674577015804954,1.2589818164930857,-2.149733597211242,4.643739131112922,0.012239632289123574,-3.39346599306759,-3.7742299105651513,1.8138087773483338,2.6273825382317693,0.418974918368532,1.509570596726918,-0.1439150852260098,-1.774882947877574,0.2765676163006735,2.6525897872162263,0.4272003456369323,0.12290124983637908,2.244448099919811,-0.9775511118110509,1.5773896630666324,5.204245473508527,3.5381715126309787,6.463498978060517,-0.3566922933530142,0.41459689213341927,-0.9367317551870687,-3.453263418868914,1.0289670026660374,-0.7194920984728507,-0.16455836468850918,-4.8202970766030315,0.9098654809584399,6.597642895317907,3.3149242972079915,6.077472717478507,-1.0133209603845224,0.03458486911501218,-2.1645341983876856,-4.536759462947993,-5.241943297643496,-3.868298518196178,-3.0949285606442833,-3.1165461949221696,1.702618480535201,6.609939398750713,3.847855279767758,2.964642407627124,-1.701933381203699,-4.645131246880382,-6.299702891358467,-3.293678250576029,-1.131546690671024,-4.743218124947778,-3.7431678283713286,-2.619968694594629,0.7860053255077667,7.065406294624156,2.9053024649316734,2.588965855098683,-0.37703330687535497,-0.8871072007146039,-6.861072779562504,-4.58821779186085,0.8267715362066567,-3.9538433768122396,-4.233091857417683,-5.972702534025503,0.4266231230595784,6.967547498300825,0.5428371151830494,-2.631727117339768,-1.3994074480323173,-3.4807965565594463,-3.6671738545142025,0.7663995417910913,-1.9724550878630598,-3.619190284963446,-0.961457958511119,-6.495837418349682,0.8693986828979134,7.115753814712414,-0.985214188739989,-7.73177265897146,0.9451692071409087,-2.5607658281346217,-2.8426827834491575,0.6359382812890413,-2.594621206397292,0.06590574119458621,-1.9379075641151358,-3.4095038941448497,0.963300785859916,5.349146763681163,-1.0549771210718906,-6.777122311938174,-0.9785406211626119,-4.09658340818132,0.5152417085675705,0.8656696468700255,1.2702892202891654,5.013719160972993,0.301344522838285,0.3239775467882934,1.7749984234981573,4.570685772132791,0.47065977012536453,-6.179638594185825,1.8647091271050447,0.4456821597385388,-2.5680142779875172,6.25367742710899,1.9748958510330636,-2.3046626117335616,-1.8065051156104988,-5.365152586827524,2.2397820599321356,2.857864901030513,0.13175786644617815,-1.683873870528937,1.1383514494669027,3.561910225403856,-2.287053706398014,0.06866095470632555,-1.4082065360424496,-2.736189862173511,4.226315122799333,-4.405564429631864,1.9673110427453238,2.8169945089121846,0.5380549592228696,1.2979230620126165,6.350401868842777,6.270084164835729,-2.4733638470723776,-2.630931476359231,-2.6431154929010696,-0.4592371777359184,5.065850187524586,-1.7683553519263089,2.5630688716888095,2.019505676553954,3.84544468113618,0.8998447198201436,4.318702005897271,1.03755487633249,-4.899217699094456,-4.403410509817929,0.9908254374773509,0.266781344802027,3.126740774936772,-1.4430470906245354,2.0136054017842913,-0.17045403348136903,3.276902174738728,-0.36137168715117723,2.352343604992333,4.395899782580169,-2.5528157850296056,-0.8325014722123998,4.33438592913165,-0.9326092339307448,2.0748577905847436,-3.291547790334233,2.4879587983699265,-0.4287324655189308,2.44052513806189,-6.4622655810068155,3.5535407704835937,5.423346456136541,-3.2654983738427177,-0.0740929608863279,6.782792759934244,3.018099693758732,0.9632498446887816,-2.085894829043969,1.930520825933195,-1.6095278385921346,1.4920342116379748,-7.310778866818621,0.22362928754744055,2.169197041758218,-3.498036357063511,-2.782498428247698,1.5321755546902651,-4.034791473939102,4.086747573373915,-3.20385706154379,1.4889951047296237,-0.39188290998798025,0.35032569254410995,-9.123207447307685,-1.286401695251484,3.7925466581184657,-1.6254854170999764,-0.8629273486789814,6.174473462903,-5.442897238025569,4.050217414880939,-0.12148902005429948,0.719264135085835,0.19096125441429002,1.0029865625921566,-9.961463512824194,-0.31675778123428977,1.9410578088076482,-3.838928544175921,2.133364350573003,5.1858242707629625,-1.1602324542122409,6.62734493148921,3.3746569243944444,0.6395128753158287,1.8888708045752827,0.09763302065652245,-11.582971716117514,-1.2766892757260633,-0.037108174236911165,-8.374173980803347,0.619102109050928,5.004905906650495,-1.7664926548457396,6.602673313636753,2.6934740309743237,0.8575510645901412,1.9433001018905132,-1.4365607554016868,-9.966126210436224,-1.3957210666704698,-7.492120055479097,-5.505504384288427,-0.6870570649393826,2.239974728595623,-0.4477764937251059,12.542568011320705,1.5281316020943327,1.7372044273284888,2.4227361660427555,3.5245905819264283,-7.326549060533498,2.7435465018368186,2.290873751058123,-2.0155053585866645,-0.8031270289697283,-3.575515017184339,-2.707993946521637,7.935715390417964,0.017989507192785314,1.5880298907799137,1.6905090299650296,5.454671273310764,-6.06411374612259,1.020860685801127,6.525409775390572,1.6123888439107712,2.829745553974866,-5.305161966356146,-7.510258061514407,2.864895766493099,-2.2477705542388478,2.6472868086930457,2.429130025224944,4.183246089758862,-4.644182578708694,-1.6009321275669792,1.4017756520564886,-3.724571396983851,-0.2352593628886597,-0.9185943052561796,1.598112457631489,5.175046826827058,-0.8588242268613101,2.6234746267644327,2.320807141484935,2.0860893910757943,-5.171614492853356,1.084865360267033,2.064165736928231,-2.830898117945327,0.886478219531718,-2.248063651785019,-4.683638873599549,2.3171147404115735,-1.0809549891822383,1.4888315897153468,3.764673967001499,-0.7289756886242891,-1.344722916241827,0.240902307138108,2.858198660379902,1.2830861588269218,0.0740174336451412,1.3885961666025253,-1.9560987470753604,5.985414407112097,-2.2809277491174327,1.5001510185677527,4.555662156669329,2.7047538976915555,2.394537741142674,-2.8933671028060046,-3.282081161643488,-2.832709036692348,-5.951239987874916,-0.8232055652705611,-0.2637234030585046,4.6806505737769735,-4.843609889768571,1.3954554635883973,4.928857135094536,0.03342085106130709,1.4415752121803733,-2.598001973466392,-5.021242131534773,2.6427140413761405,-1.0925180574991054,2.298608698128816,-0.521732551421141,0.39102182749410647,-1.816271225555023,1.210082702517866,5.409754489174328,2.3801061459769417,0.17746222566914724,0.7516267910477897,-5.178990067540753,-0.478270217033642,-6.572232564410597,-1.022091525496451,-5.137294947730862,-2.423464199412948,-0.3977655555022367,1.4944351591699405,6.5731492685033,3.3816352535220013,-2.4700475873081844,-0.21186448738296748,-4.137976599438901,-1.827676819792859,-6.514839878092179,1.9187736132976336,-4.1230461015910285,-4.829772467069049,-2.7135841066188298,0.9619568986064996,5.2248586043158936,2.5866241151723592,0.3247028213396443,-3.088693110533613,-5.811221598225599,-1.776710744322367,-4.164275502503322,5.96843188706339,-5.350799039104683,-3.6543211376495877,-2.5562167835229315,0.6197183731225876,4.882729119248399,3.0574514755658306,-1.101152057031355,-4.958947002601799,-1.765092442853784,-1.9028693565509809,-5.325777351519256,4.527012038472259,-7.047559853526756,-3.108169804121655,-1.601657211020597,0.8490880305052569,4.7956276883037825,2.261443934961794,-2.1869909511393453,-5.941701491820593,0.5345439008742795,-2.0167401950836394,-2.892910792904656,10.25128156138911,-4.5142522239239,-2.7857120519255365,-4.7402840208190735,0.5748001610367562,4.063914409002864,2.054432778692287,-4.839476646672496,-6.364148794210566,-2.6296800763739507,-4.0260957356572495,-3.392042895144366,7.922230055340415,-6.482382557789192,-2.436395867579968,-6.000512166059187,0.5423910766877109,3.6271890330762173,3.152756882230212,-4.708762473757988,-1.7046466241944698,-2.9581599436060446,-2.085776392508562,1.5326002445426685,3.0024093779314263,-11.614694442168153,2.729872283035837,0.39050543101892,1.3044464814991081,2.8279311683525146,2.0800039125662284,2.0465952331193753,1.2517314619191424,2.9534243636062985,0.38865387091548154,-0.4366973327235699,3.626679530612539,-6.807056617216328,2.647168781282784,3.3545332039004983,1.8058121572558556,2.744128580795056,2.8330926105811156,-0.06936834035097186,3.771001035554192,1.7694743585136694,-4.0230149009842595,-7.105364544530383,-2.6561243978934748,-4.990996805402252,1.223949174816897,-0.8498158069736474,1.9109521629246995,2.788307415322235,4.022063565137815,-0.6632253771796658,-0.19126508148862523,0.14320767501398055,-1.10785960653181,-4.8776335484912,-2.9691384446492894,-8.488695611212224,-1.2332624222240047,-0.953957080561523,1.8831827887821577,1.8353350008077152,4.3736775567714945,1.5589764751794344,-1.507199637765329,-2.895491477380905,0.8886639904730678,3.2042204742331704,0.676853464607015,-6.509641931140979,0.7197156898058301,0.15783711267357298,1.9977572729984974,3.6105464588869496,5.086393104563128,2.3165975614539684,4.0830701003948,0.5908695301811344,-2.6921506717368526,-2.7367649947556605,-0.29783887638796036,-6.090184141886487,-2.866889189674433,-4.0741851076212425,2.4035956790125703,2.8817345597609862,3.932048977642007,0.12103082472268298,1.4301622460655397,2.3691041962119845,2.7713399585358363,-1.171347740096079,0.6873817665443217,0.9307797615834612,2.113673596345901,0.9759086106021277,2.179303629353672,1.9955669333800443,3.5699907508795516,-4.163779150481737,0.3803490591346117,2.284635247673787,3.1424614218513387,-0.39809237842646594,0.1052181425447455,-2.5879729878614284,-1.623582092126274,-0.9529240584991668,1.2921794805817404,2.989907887384917,7.156388159156545,-0.9395753319598754,-3.366604517384833,-0.3347810982657483,-3.9010045947221372,-3.0446656612025995,7.338830523866656,-7.516416816479413,4.411005683024241,-2.9486614999328835,1.1839401753642607,3.514489810096138,6.167726145501918,-6.115887863181064,-8.935781939412308,1.3443303611990414,-2.950968799597074,-4.752603329093957,7.079945285748748,-8.08272757843471,7.380062323661963,-4.841724519529457,0.7958744814515255,0.7937858046408979,4.46277285821623,-5.746718341720313,-5.847630474356778,6.110507265145048,-2.3143775146799084,-1.102897526494904,11.85048276564466,-7.047763992675369,4.218132371670188,-3.248991205117374,1.1019865091080399,0.6120686346844701,3.343952693655444,-7.58317762526274,-10.916733701656556,6.469091762997358,-0.7480886268503736,0.39540334178095266,10.894255357795812,-9.254868403162995,3.30326280719181,-4.852823913555254,0.8805928766676062,-1.4396646545386826,0.9073266207855374,-8.410055006996325,-10.16730600796998,5.086999233437138,-2.640478101788194,-2.518176487917481,5.236142606395246,-3.9147760033717436,3.2948183191068283,-2.4749060487936494,0.8310105392876816,-2.420910027100159,0.2255020807755647,-6.1245704109944,-7.95297435272457,6.010933090405908,-0.210701091073386,-4.588209295613301,5.18301591435756,-2.970129293939782,1.8306631533651807,-0.4956058698932797,0.6878376026809354,-3.1639194815593252,-0.5329062764513451,-4.840679800025476,-6.13653722226748,4.875138859843841,3.4724820960178167,-7.597896466076989,5.474184274550448,-3.51312392503287,5.0269000298115145,0.7475694337300653,0.5094616514750778,-4.1589256519898,-1.7452298085481646,-3.5638399402888346,-7.1581676835157015,4.110020637258112,5.08819759714666,-7.667589541103016,5.524843520028509,-6.157030352747211,5.993979640696565,0.27990646131364777,0.3496574955627226,-5.546520456852245,-1.068243893851136,-0.8724969853456271,-5.30036332658388,2.807165254341772,4.432016664283446,-9.817357215375633,5.552941935712394,-4.267091715680528,4.5729722807685835,-0.18976117443823542,0.43398573833021775,-5.324058763807049,0.20303380404935523,0.16233270232782718,-4.359176203998978,1.1301101610476283,4.990337433282362,-10.858810149697447,4.036035012079313,-1.0382742689499704,1.3500709867422227,-4.094349419184021,0.01362168121577445,-6.707737318577344,-1.4450107273393322,2.0723635468394943,-1.344320168187627,6.223705310434623,10.124838944416132,-13.65164213003326,2.2638025910102044,-0.7114915487962307,2.1914108165203365,0.5634317217252461,1.209571851789864,-5.117481991112676,0.5735823787191253,1.554573931963144,-2.3083657500787456,2.638509717009556,5.770655776909222,-11.902443131267725,1.3552615575697726,0.05159794754428388,2.981704020490975,-0.5701034987900281,1.246672749981148,-4.077683547141989,-0.38843303814669955,2.634510094715558,0.19312361298950073,2.5108630075002316,1.3836418189114603,-14.363302513569183,3.52336002281943,-4.131750684291704,2.214940478579345,1.440434479429893,1.1421982179750814,-4.567073532779841,0.17858619269646675,2.4786128645794374,-0.5238600236869553,3.203339304617888,-0.5052981174737391,-11.173523769247327,2.6708199922844043,-2.9056408893315915,4.743233574558446,-2.301764336537393,0.7934809677225343,-3.3932036983942826,3.108002735117086,0.3792609304657019,-1.6569811683501845,1.1432548950903954,3.0371449071351786,-9.621344403255408,2.9820245997198125,-1.4119692530308745,1.4631553508966184,-3.470181465396247,0.12867660641664883,-5.901964343776857,1.7907611497860296,1.7491835214366802,1.9955014136289904,5.587402019509226,2.3807613781481924,-12.026531406345748,6.087570769247164,-0.8949973892317695,1.8335444918311434,-4.675447675513191,0.03283374041421972,-5.5478664328622616,1.6805885801240004,1.781910549245843,1.967926939334967,5.081958957291297,4.81052744087646,-5.61476993046425,11.578106255419112,0.8930074281225019,0.32016758164970976,2.906940060284671,0.9041317442769129,-4.1610536088364505,4.650114739639902,-0.10977664593019006,3.9112214811461996,3.2194225981600892,-1.0295442442772489,-7.855932978269983,7.1437861876338555,5.82142514709317,-3.8933801930813816,-1.0900147925617096,1.2176972979209708,-3.4287543059247416,4.60917237097194,-4.232706002887792,-2.3173580001788814,3.3060234037407175,0.3550496683826873,-5.583076817175002,3.953565066586236,-1.3803288421446698,-1.95734280350619,-0.8334621499345845,1.4919330860057354,-2.053746079573069,4.3111897839207405,-3.9886891657995944,-0.658515525689125,0.19713045043900235,-4.205515995215125,-1.7224143040595263,-2.639875873213727,-6.278177803729661,-0.9984372602403545,0.6408383579265502,1.5919590585624075,-2.0509541483595637,3.483845661537306,-2.5034227771366706,-2.716709232382697,0.12204235063083312,8.063174109660928,4.715164984908973,-2.150652200856014,-9.79278081893653,-0.09221505301886945,2.4928720466726424,1.5490394585163536,0.31373576742666454,3.2026601320829844,1.7830650455069124,0.5750843956686079,-0.8280186991999308,2.103285474454913,-1.144471526251561,0.3913272888857673,0.5918449853726107,3.964151736361279,1.0736663042692671,1.4447245794398698,-0.46074110408137176,4.421867306235246,-0.5430141817492554,3.440815055872579,1.3759601175554126,0.2712823255914793,-0.5492279003473332,1.7400628917861225,1.1286557418031988,-0.35240523837247023,2.2147252557391095,1.7779235340101032,0.3306940403433733,1.9763210836172054,-2.2511102495050523,-1.2974682244493758,3.1651247201137145,7.349256854450834,1.9528635417326583,5.920001319006765,0.4992230220477908,-2.79712925518951,1.859275516833157,2.1160878778868355,1.2589077786390146,3.836028677564507,1.039608551740609,-0.15736464775362022,1.1532077990793799,-3.8975870141074944,-4.00829023777715,0.5437423480260534,1.1439510979717693,-2.7106726127050718,0.3147397691904073,2.406189537112263,-0.054834645317207234,2.8579461248470217,-0.32852966313888454,0.5534620459482218,1.6583909185379075,0.35847733282160915,-3.874621478427,-3.5664638188387787,-1.9425627061336583,-2.218401029247312,0.9678974496242123,1.6284370152440995,1.5560218190309243,7.090838773575903,1.4525206015920584,-2.259773538588928,1.9637604974945202,3.9135532844372896,-0.797180295974163,0.4581510721207676,-4.448771870727595,-0.42763282389669266,-2.8972477350689063,1.751773618393901,0.38511129618906836,5.427513501140864,1.0928719238848028,-0.24146370424196903,-2.3877918632837485,-2.172345446889441,1.3584791291618985,5.791662710303234,2.299986402334238,-2.786744724841355,-1.34628121043599,1.9433433787357024,1.3261769525884868,5.634980937539175,-1.120784176831212,-2.9884614644772896,-1.549374044914722,-1.674589192803324,1.045423221775191,1.8553194547014733,-4.1501619164986145,-3.865186445437489,-1.931670757553042,2.1027045627873133,-0.36324542985181285,3.5278579025951906,2.3360012831205883,-1.0652148630444551,1.5371024159409197,-0.8073356947490907,-1.3924016386201117,1.6199897141131088,-3.0958826967806496,-2.3235449767450915,-0.16304173265590577,1.983344205598086,1.6681126185597739,1.3927710093685233,-0.9157009468491636,-3.0536806732258803,-0.23437764043251197,1.4118942430420491,0.0016996752403109008,2.5256724280941523,-2.0247435848191553,-1.751696397929069,-1.9667071072482472,1.9131796240146977,1.185956468156089,3.3040021436330633,1.038974251261056,-0.2968282715380095,-2.7412769352376745,4.5753283700614915,-3.302535760191334,0.6789435693207906,-0.9157858620825591,-0.12260345810278382,-0.7106259750227677,2.0797585914755525,0.5224612522731608,2.725552965913534,0.7868014338749348,-2.7248466316165776,-0.6595801221291296,-2.6531107023926945,-1.363679470186622,-0.67155942902151,-1.279599499070997,0.29399421847098134,-0.39850167675102893,2.6933424384555122,2.0185531810800232,2.303408095178205,3.5088674236437543,-2.8817051100722852,-0.3511224187105848,2.8942811849798695,-3.0596525960466843,1.275476228503451,-3.0690226823376,-0.025331900153151538,-1.7938553742492849,1.80030095572068,0.42796096124595673,2.947446253297813,-1.6624281099635714,0.6151737467034676,0.37363414054125604,-2.154811733513968,-3.3786101081028335,3.060128229061714,1.0571081319905424,-1.3198650890125778,-2.2796912860266962,2.21993200320063,1.2039418760334895,3.820038776733182,-0.47361781715183177,-1.5776809482665262,0.9381104896463723,-1.0534636309826098,-4.685730811835878,1.600822114848363,-4.356813556151155,-1.4430296268048721,-0.9718469332701628,1.704622592134588,2.6500407412047466,4.404840978074045,-1.0409049038839293,0.48209788678111265,2.723358825239238,-2.3984420877508486,-8.007180512797808,-7.007939327350803,-3.1701216591669006,1.8303170712063528,-1.2135200579532661,1.8899139547935233,1.7338019874956967,3.4080258368618526,1.343997051011848,0.21588822330235338,2.0497919717043613,2.240405165938895,-4.2869245676075645,1.8525934435800444,-0.8178800869149447,-2.024498260900537,-0.7838122914216721,1.776212905852405,0.13794817960783481,2.3893354648302325,-0.07373502348426611,1.047383295592084,2.99983219552705,2.4388375457630556,-0.8056949759171611,6.166435725542336,2.867991283683983,1.9669342749917251,0.19087411417359545,2.539759258497565,2.6882515685785453,3.461878270351584,-3.43061309924995,-2.551832719172437,-1.0222293397236646,-2.875105281265554,-0.5254160261577906,10.05878056813329,-4.8508750503630305,2.7956516717079047,-0.687945943816545,1.4063682124864965,3.8117590359440023,5.896660999070749,-3.6871859397553535,0.43371038303377807,-0.8469531781024818,-5.271766982323351,-8.020431651033475,7.3621807689461045,-5.860747083236956,1.3676912031773487,-4.6813532943762635,0.9122482945370284,2.6837964896972624,3.6460053221013493,-6.900670683181632,-2.2981009743934417,-2.752681045069015,-2.2231827835340727,-0.5008206823371261,7.063072516705735,-7.025653143629261,3.936715089878261,-0.2617166030290643,1.2047621113339113,4.805953752206384,5.065131543082687,-6.427526424216922,-2.7087483787565763,-3.541448221507861,0.5606601907603594,-5.062800084911056,4.717388245504546,-6.566699394599483,9.137819408320356,-1.1655215513487307,1.196513521367648,5.312482761804358,5.245449985174773,-5.9678607978159945,-3.8590615148995027,-5.631304672109095,-4.199665297613314,-3.7096889034281895,3.356401841728812,-0.16205464091772695,6.228002351105446,3.634539775058547,1.0352148314443814,6.503840658733207,5.614351628100789,-7.421971189706899,-2.907971177054086,-7.383572557941218,-2.2502964459503585,-4.149035562362234,1.4830910174510594,-1.589796436152559,8.031582341044354,3.3572786271036144,1.5881444164655059,5.631291937403028,3.8315418991058587,-3.731112872023528,-0.360871278480522,-8.44593556687879,-5.782462543247664,-4.656575471221496,8.562977832325185,-2.421250543183222,5.200336039124702,0.8525650719662186,1.402628694517083,5.641554297053832,2.6982485594573404,-5.664010601142203,1.2967317143195936,-8.186853275777388,-5.588576800873883,-6.277435013612335,5.725466009978379,3.5907490037830367,7.886057399409595,0.12843036281934156,0.8398266061710629,6.121212207254614,4.364249068770113,-2.801702078284856,-0.3937485196742191,-10.765404804086014,-3.8024672790680984,-5.2567182955497875,4.826079530360171,-0.47059657269435184,5.20944948284217,0.4339730033030761,1.250249559946046,6.314046154738294,3.3386634044139902,-2.592441297701733,0.924559759623865,-10.154457401046585,-0.7970313133368513,-1.7469286688029009,4.12045440305767,0.5044039462140258,2.440148048265949,1.080649778711301,0.6196315837558299,7.290687836446138,5.933425348583997,-1.4603206069547798,-1.604158253342479,-11.423190531483739,-2.675781510923695,-4.845042519845086,2.435871220555036,4.791139117040574,6.924415766471967,1.276600982138697,1.4745776312184689,7.28055280670212,3.6259911711969828,-3.85612249414172,0.4078802850324336,-8.943944735003631,-0.9043287628175104,-3.749833535935024,2.272506919555588,2.517765453051034,2.5196019549306174,-0.4423706717479374,1.427494954948163,6.228610693215678,1.2132464326776995,-1.7084845821292822,2.7122171517976152,-9.484015328298934,-1.7623641297962915,-4.52545453321967,1.8688461768639633,2.828583217488527,1.6716103343007926,1.33038303854459,1.1934707687990276,6.809838894021215,2.5806472902170756,-1.5532253967681575,2.8373182281930074,-5.604844489139031,-1.6336212055766617,-3.5994913439084195,3.5125833235376964,-4.072708424640727,2.926760760522154,2.116712675278892,1.2295972097939614,5.018195575127389,3.3002304582341346,-4.3574926673390095,2.6776749139122407,-4.0218695218888865,-1.0907274729925043,-2.443367583598366,-1.3200648951597032,-4.030880954924563,-2.2651499087590086,1.9522535799158203,0.7230106474962448,3.702225862722132,3.1593712685386404,2.063956502824041,3.590583572496139,0.8353815418759454,8.304953177854445,-0.7946030481267745,0.44868310473558387,1.9359751387155946,-2.105001150201251,-5.053660540944755,1.4470738328549644,3.3183253628164047,2.684970260873793,1.8041889513084155,1.1373007634648968,-4.663244124154548,-3.3371713598083312,-6.224649658155839,1.8848681929049882,-1.8611310837428645,3.0064506322020477,2.064571849777445,1.9451184411734779,1.8111261905527332,1.54684031076359,-1.008162665068414,0.5612600150395852,-1.4535104881549765,4.261368359097241,0.3891866446189245,-1.0767082773632695,0.8204270297212913,-0.12171133459116544,-1.8425489476839696,1.5932126660493522,0.855041909613007,2.382655596225632,0.12548758583016126,-0.6018890632538251,-3.717112757739008,5.500467414999579,3.0925348738900587,-0.18692651649386638,-3.236086282402422,-4.197466386659294,-0.6448641968780537,2.1543313111676223,2.6513627827915602,3.7710205190659396,2.6105704686025115,1.3262285522497015,-3.8644021757159317,-0.5585667191865953,-7.314322347255042,2.999692531735039,-0.6137167910601066,2.4688090824110556,1.0292051299651788,1.5046951870764111,1.9912605326295576,1.5353050916032955,-0.9367382870618178,-1.026039790568443,0.5990803909617144,-1.358500543879935,-3.394532495666257,3.3037243581940623,-2.5602088413298496,4.045380574150425,-1.5391644459317229,1.704168796586284,0.697306397819162,4.124648291191502,1.7220085309500737,-1.4132136758440683,-1.3653238745025635,2.6193245130141456,-1.4237365901678385,-6.176164010363515,-0.1357103925939998,0.6474783955906304,0.17770307479937236,2.175419096221777,0.7107273908175528,-0.36131423227452736,0.6517869703549249,0.3517834094053886,-2.218847465302625,2.943624001899529,-2.759140017655059,1.7355364009280796,-1.654958889686997,-1.43009380234649,0.556876546015845,,,,,,,,,,,,,,,,,,,,,,,,,,,,,,,,,,,,,,,,,,,,,,,,,,,,,,,,,,,,,,,,,,,,,,,,,,,,,,,,,,,,,,,,,,,,,,,,,,,,,,,,,,,,,,,,,,,,,,,,,,,,,,,,,,,,,,,,,,,,,,,,,,,,,,,,,,,,,,,,,,,,,,,,,,,,,,,,,,,,,,,,,,,,,,,,,,,,,,,,,,,,,,,,,,,,,,,,,,,,,,,,,,,,,,,,,,,,,,,,,,,,,,,,,,,,,,,,,,,,,,,,,,,,,,,,,,,,,,,,,,,,,,,,,,,,,,,,,,,,,,,,,,,,,,,,,,,,,,,,,,,,,,,,,,,,,,,,,,,,,,,,,,,,,,,,,,,,,,,,,,,,,,,,,,,,,,,,,,,,,,,,,,,,,,,,,,,,,,,,,,,,,,,,,,,,,,,,,,,,,,,,,,,,,,,,,,,,,,,,,,,,,,,,,,,,,,,,,,,,,,,,,,,,,,,,,,,,,,,,,,,,,,,,,,,,,,,,,,,,,,,,,,,,,,,,,,,,,,,,,,,,,,,,,,,,,,,,,,,,,,,,,,,,,,,,,,,,,,,,,,,,,,,,,,,,,,,,,,,,,,,,,,,,,,,,,,,,,,,,,,,,,,,,,,,,,,,,,,,,,,,,,,,,,,,,,,,,,,,,,,,,,,,,,,,,,,,,,,,,,,,,,,,,,,,,,,,,,,,,,,,,,,,,,,,,,,,,,,,,,,,,,,,,,,,,,,,,,,,,,,,,,,,,,,,,,,,,,,,,,,,,,,,,,,,,,,,,,,,,,,,,,,,,,,,,,,,,,,,,,,,,,,,,,,,,,,,,,,,,,,,,,,,,,,,,,,,,,,,,,,,,,,,,,,,,,,,,,,,,,,,,,,,,,,,,,,,,,,,,,,,,,,,,,,,,,,,,,,,,,,,,,,,,,,,,,,,,,,,,,,,,,,,,,,,,,,,,,,,,,,,,,,,,,,,,,,,,,,,,,,,,,,,,,,,,,,,,,,,,,,,,,,,,,,,,,,,,,,,,,,,,,,,,,,,,,,,,,,,,,,,,,,,,,,,,,,,,,,,,,,,,,,,,,,,,,,,,,,,,,,,,,,,,,,,,,,,,,,,,,,,,,,,,,,,,,,,,,,,,,,,,,,,,,,,,,,,,,,,,,,,,,,,,,,,,,,,,,,,,,,,,,,,,,,,,,,,,,,,,,,,,,,,,,,,,,,,,,,,,,,,,,,,,,,,,,,,,,,,,,,,,,,,,,,,,,,,,,,,,,,,,,,,,,,,,,,,,,,,,,,,,,,,,,,,,,,,,,,,,,,,,,,,,,,,,,,,,,,,,,,,,,,,,,,,,,,,,,,,,,,,,,,,,,,,,,,,,,,,,,,,,,,,,,,,,,,,,,,,,,,,,,,,,,,,,,,,,,,,,,,,,,,,,,,,,,,,,,,,,,,,,,,,,,,,,,,,,,,,,,,,,,,,,,,,,,,,,,,,,,,,,,,,,,,,,,,,,,,,,,,,,,,,,,,,,,,,,,,,,,,,,,,,,,,,,,,,,,,,,,,,,,,,,,,,,,,,,,,,,,,,,,,,,,,,,,,,,,,,,,,,,,,,,,,,,,,,,,,,,,,,,,,,,,,,,,,,,,,,,,,,,,,,,,,,,,,,,,,,,,,,,,,,,,,,,,,,,,,,,,,,,,,,,,,,,,,,,,,,,,,,,,,,,,,,,,,,,,,,,,,,,,,,,,,,,,,,,,,,,,,,,,,,,,,,,,,,,,,,,,,,,,,,,,,,,,,,,,,,,,,,,,,,,,,,,,,,,,,,,,,,,,,,,,,,,,,,,,,,,,,,,,,,,,,,,,,,,,,,,,,,,,,,,,,,,,,,,,,,,,,,,,,,,,,,,,,,,,,,,,,,,,,,,,,,,,,,,,,,,,,,,,,,,,,,,,,,,,,,,,,,,,,,,,,,,,,,,,,,,,,,,,,,,,,,,,,,,,,,,,,,,,,,,,,,,,,,,,,,,,,,,,,,,,,,,,,,,,,,,,,,,,,,,,,,,,,,,,,,,,,,,,,,,,,,,,,,,,,,,,,,,,,,,,,,,,,,,,,,,,,,,,,,,,,,,,,,,,,,,,,,,,,,,,,,,,,,,,,,,,,,,,,,,,,,,,,,,,,,,,,,,,,,,,,,,,,,,,,,,,,,,,,,,,,,,,,,,,,,,,,,,,,,,,,,,,,,,,,,,,,,,,,,,,,,,,,,,,,,,,,,,,,,,,,,,,,,,,,,,,,,,,,,,,,,,,,,,,,,,,,,,,,,,,,,,,,,,,,,,,,,,,,,,,,,,,,,,,,,,,,,,,,,,,,,,,,,,,,,,,,,,,,,,,,,,,,,,,,,,,,,,,,,,,,,,,,,,,,,,,,,,,,,,,,,,,,,,,,,,,,,,,,,,,,,,,,,,,,,,,,,,,,,,,,,,,,,,,,,,,,,,,,,,,,,,,,,,,,,,,,,,,,,,,,,,,,,,,,,,,,,,,,,,,,,,,,,,,,,,,,,,,,,,,,,,,,,,,,,,,,,,,,,,,,,,,,,,,,,,,,,,,,,,,,,,,,,,,,,,,,,,,,,,,,,,,,,,,,,,,,,,,,,,,,,,,,,,,,,,,,,,,,,,,,,,,,,,,,,,,,,,,,,,,,,,,,,,,,,,,,,,,,,,,,,,,,,,,,,,,,,,,,,,,,,,,,,,,,,,,,,,,,,,,,,,,,,,,,,,,,,,,,,,,,,,,,,,,,,,,,,,,,,,,,,,,,,,,,,,,,,,,,,,,,,,,,,,,,,,,,,,,,,,,,,,,,,,,,,,,,,,,,,,,,,,,,,,,,,,,,,,,,,,,,,,,,,,,,,,,,,,,,,,,,,,,,,,,,,,,,,,,,,,,,,,,,,,,,,,,,,,,,,,,,,,,,,,,,,,,,,,,,,,,,,,,,,,,,,,,,,,,,,,,,,,,,,,,,,,,,,,,,,,,,,,,,,,,,,,,,,,,,,,,,,,,,,,,,,,,,,,,,,,,,,,,,,,,,,,,,,,,,,,,,,,,,,,,,,,,,,,,,,,,,,,,,,,,,,,,,,,,,,,,,,,,,,,,,,,,,,,,,,,,,,,,,,,,,,,,,,,,,,,,,,,,,,,,,,,,,,,,,,,,,,,,,,,,,,,,,,,,,,,,,,,,,,,,,,,,,,,,,,,,,,,,,,,,,,,,,,,,,,,,,,,,,,,,,,,,,,,,,,,,,,,,,,,,,,,,,,,,,,,
